1701389746683 0.3333333333333333 0
1701389783575 0.3333333333333333 1
1701389804147 0.3333333333333333 2
1701389825086 0.3333333333333333 3
1701389846149 0.3333333333333333 4
1701389867301 0.3333333333333333 5
1701389906239 0.3333333333333333 6
1701389927942 0.3333333333333333 7
1701389949294 0.3333333333333333 8
1701389970831 0.3333333333333333 9
1701389993103 0.3333333333333333 10
1701390031944 0.3333333333333333 11
1701390053144 0.3333333333333333 12
1701390074207 0.3333333333333333 13
1701390095197 0.3333333333333333 14
1701390116395 0.3333333333333333 15
1701390153827 0.3333333333333333 16
1701390174623 0.3333333333333333 17
1701390195274 0.3333333333333333 18
1701390216550 0.3333333333333333 19
1701390237094 0.3333333333333333 20
1701390271454 0.3333333333333333 21
1701390292279 0.3333333333333333 22
1701390313129 0.3333333333333333 23
1701390333932 0.3333333333333333 24
1701390354579 0.3333333333333333 25
1701390388659 0.3333333333333333 26
1701390409361 0.3333333333333333 27
1701390429965 0.3333333333333333 28
1701390450624 0.3333333333333333 29
1701390471216 0.3333333333333333 30
1701390504820 0.3333333333333333 31
1701390525414 0.3333333333333333 32
1701390546052 0.3333333333333333 33
1701390566589 0.3333333333333333 34
1701390587261 0.3333333333333333 35
1701390624059 0.3333333333333333 36
1701390644719 0.3333333333333333 37
1701390665339 0.3333333333333333 38
1701390686089 0.3333333333333333 39
1701390706437 0.3333333333333333 40
1701390740277 0.3333333333333333 41
1701390760876 0.3333333333333333 42
1701390781419 0.3333333333333333 43
1701390802012 0.3333333333333333 44
1701390822557 0.3333333333333333 45
1701390856428 0.3333333333333333 46
1701390876807 0.3333333333333333 47
1701390897232 0.3333333333333333 48
1701390917901 0.3333333333333333 49
1701390939080 0.3333333333333333 50
1701390973121 0.3333333333333333 51
1701390994117 0.3333333333333333 52
1701391014867 0.3333333333333333 53
1701391035494 0.3333333333333333 54
1701391056281 0.3333333333333333 55
1701391090006 0.3333333333333333 56
1701391110870 0.3333333333333333 57
1701391131395 0.3333333333333333 58
1701391151974 0.3333333333333333 59
1701391172677 0.3333333333333333 60
1701391206491 0.3333333333333333 61
1701391227057 0.3333333333333333 62
1701391247244 0.3333333333333333 63
1701391267647 0.3333333333333333 64
1701391287976 0.3333333333333333 65
1701391321889 0.3333333333333333 66
1701391342612 0.3333333333333333 67
1701391363305 0.3333333333333333 68
1701391384093 0.3333333333333333 69
1701391405054 0.3333333333333333 70
1701391440338 0.3333333333333333 71
1701391461768 0.3333333333333333 72
1701391482729 0.3333333333333333 73
1701391503434 0.3333333333333333 74
1701391524308 0.3333333333333333 75
1701391558281 0.3333333333333333 76
1701391579168 0.3333333333333333 77
1701391599688 0.3333333333333333 78
1701391620564 0.3333333333333333 79
1701391641199 0.3333333333333333 80
1701391675474 0.3333333333333333 81
1701391696215 0.3333333333333333 82
1701391717203 0.3333333333333333 83
1701391737845 0.3333333333333333 84
1701391758630 0.3333333333333333 85
