1701389746683 0.41050903119868637 0
1701389783575 0.41050903119868637 1
1701389804147 0.41050903119868637 2
1701389825086 0.41050903119868637 3
1701389846149 0.41050903119868637 4
1701389867301 0.41050903119868637 5
1701389906239 0.41050903119868637 6
1701389927942 0.41050903119868637 7
1701389949294 0.41050903119868637 8
1701389970831 0.41050903119868637 9
1701389993103 0.41050903119868637 10
1701390031944 0.41050903119868637 11
1701390053144 0.41050903119868637 12
1701390074207 0.41050903119868637 13
1701390095197 0.41050903119868637 14
1701390116395 0.41050903119868637 15
1701390153827 0.41050903119868637 16
1701390174623 0.41050903119868637 17
1701390195274 0.41050903119868637 18
1701390216550 0.41050903119868637 19
1701390237094 0.41050903119868637 20
1701390271454 0.41050903119868637 21
1701390292279 0.41050903119868637 22
1701390313129 0.41050903119868637 23
1701390333932 0.41050903119868637 24
1701390354579 0.41050903119868637 25
1701390388659 0.41050903119868637 26
1701390409361 0.41050903119868637 27
1701390429965 0.41050903119868637 28
1701390450624 0.41050903119868637 29
1701390471216 0.41050903119868637 30
1701390504820 0.41050903119868637 31
1701390525414 0.41050903119868637 32
1701390546052 0.41050903119868637 33
1701390566589 0.41050903119868637 34
1701390587261 0.41050903119868637 35
1701390624059 0.41050903119868637 36
1701390644719 0.41050903119868637 37
1701390665339 0.41050903119868637 38
1701390686089 0.41050903119868637 39
1701390706437 0.41050903119868637 40
1701390740277 0.41050903119868637 41
1701390760876 0.41050903119868637 42
1701390781419 0.41050903119868637 43
1701390802012 0.41050903119868637 44
1701390822557 0.41050903119868637 45
1701390856428 0.41050903119868637 46
1701390876807 0.41050903119868637 47
1701390897232 0.41050903119868637 48
1701390917901 0.41050903119868637 49
1701390939080 0.41050903119868637 50
1701390973121 0.41050903119868637 51
1701390994117 0.41050903119868637 52
1701391014867 0.41050903119868637 53
1701391035494 0.41050903119868637 54
1701391056281 0.41050903119868637 55
1701391090006 0.41050903119868637 56
1701391110870 0.41050903119868637 57
1701391131395 0.41050903119868637 58
1701391151974 0.41050903119868637 59
1701391172677 0.41050903119868637 60
1701391206491 0.41050903119868637 61
1701391227057 0.41050903119868637 62
1701391247244 0.41050903119868637 63
1701391267647 0.41050903119868637 64
1701391287976 0.41050903119868637 65
1701391321889 0.41050903119868637 66
1701391342612 0.41050903119868637 67
1701391363305 0.41050903119868637 68
1701391384093 0.41050903119868637 69
1701391405054 0.41050903119868637 70
1701391440338 0.41050903119868637 71
1701391461768 0.41050903119868637 72
1701391482729 0.41050903119868637 73
1701391503434 0.41050903119868637 74
1701391524308 0.41050903119868637 75
1701391558281 0.41050903119868637 76
1701391579168 0.41050903119868637 77
1701391599688 0.41050903119868637 78
1701391620564 0.41050903119868637 79
1701391641199 0.41050903119868637 80
1701391675474 0.41050903119868637 81
1701391696215 0.41050903119868637 82
1701391717203 0.41050903119868637 83
1701391737845 0.41050903119868637 84
1701391758630 0.41050903119868637 85
