1701389746683 0.19402405898331396 0
1701389783575 0.19402405898331396 1
1701389804147 0.19402405898331396 2
1701389825086 0.19402405898331396 3
1701389846149 0.19402405898331396 4
1701389867301 0.19402405898331396 5
1701389906239 0.19402405898331396 6
1701389927942 0.19402405898331396 7
1701389949294 0.19402405898331396 8
1701389970831 0.19402405898331396 9
1701389993103 0.19402405898331396 10
1701390031944 0.19402405898331396 11
1701390053144 0.19402405898331396 12
1701390074207 0.19402405898331396 13
1701390095197 0.19402405898331396 14
1701390116395 0.19402405898331396 15
1701390153827 0.19402405898331396 16
1701390174623 0.19402405898331396 17
1701390195274 0.19402405898331396 18
1701390216550 0.19402405898331396 19
1701390237094 0.19402405898331396 20
1701390271454 0.19402405898331396 21
1701390292279 0.19402405898331396 22
1701390313129 0.19402405898331396 23
1701390333932 0.19402405898331396 24
1701390354579 0.19402405898331396 25
1701390388659 0.19402405898331396 26
1701390409361 0.19402405898331396 27
1701390429965 0.19402405898331396 28
1701390450624 0.19402405898331396 29
1701390471216 0.19402405898331396 30
1701390504820 0.19402405898331396 31
1701390525414 0.19402405898331396 32
1701390546052 0.19402405898331396 33
1701390566589 0.19402405898331396 34
1701390587261 0.19402405898331396 35
1701390624059 0.19402405898331396 36
1701390644719 0.19402405898331396 37
1701390665339 0.19402405898331396 38
1701390686089 0.19402405898331396 39
1701390706437 0.19402405898331396 40
1701390740277 0.19402405898331396 41
1701390760876 0.19402405898331396 42
1701390781419 0.19402405898331396 43
1701390802012 0.19402405898331396 44
1701390822557 0.19402405898331396 45
1701390856428 0.19402405898331396 46
1701390876807 0.19402405898331396 47
1701390897232 0.19402405898331396 48
1701390917901 0.19402405898331396 49
1701390939080 0.19402405898331396 50
1701390973121 0.19402405898331396 51
1701390994117 0.19402405898331396 52
1701391014867 0.19402405898331396 53
1701391035494 0.19402405898331396 54
1701391056281 0.19402405898331396 55
1701391090006 0.19402405898331396 56
1701391110870 0.19402405898331396 57
1701391131395 0.19402405898331396 58
1701391151974 0.19402405898331396 59
1701391172677 0.19402405898331396 60
1701391206491 0.19402405898331396 61
1701391227057 0.19402405898331396 62
1701391247244 0.19402405898331396 63
1701391267647 0.19402405898331396 64
1701391287976 0.19402405898331396 65
1701391321889 0.19402405898331396 66
1701391342612 0.19402405898331396 67
1701391363305 0.19402405898331396 68
1701391384093 0.19402405898331396 69
1701391405054 0.19402405898331396 70
1701391440338 0.19402405898331396 71
1701391461768 0.19402405898331396 72
1701391482729 0.19402405898331396 73
1701391503434 0.19402405898331396 74
1701391524308 0.19402405898331396 75
1701391558281 0.19402405898331396 76
1701391579168 0.19402405898331396 77
1701391599688 0.19402405898331396 78
1701391620564 0.19402405898331396 79
1701391641199 0.19402405898331396 80
1701391675474 0.19402405898331396 81
1701391696215 0.19402405898331396 82
1701391717203 0.19402405898331396 83
1701391737845 0.19402405898331396 84
1701391758630 0.19402405898331396 85
