1701389746779 1.0777887291722483 0
1701389783692 1.0739336664026433 1
1701389804240 1.072339658613329 2
1701389825179 1.0711379840776518 3
1701389846252 1.0709765654105645 4
1701389867395 1.0717512585900046 5
1701389906380 1.0710980923144848 6
1701389928033 1.0706299450490382 7
1701389949404 1.0715184351066491 8
1701389970948 1.0710480306055639 9
1701389993214 1.0701434279417064 10
1701390032088 1.0708091816344818 11
1701390053249 1.0709734938361428 12
1701390074301 1.0714405217728058 13
1701390095288 1.070945894563353 14
1701390116490 1.0712408601463614 15
1701390154016 1.0708573808917752 16
1701390174713 1.0699472512517656 17
1701390195378 1.071223235749579 18
1701390216642 1.0718804675263245 19
1701390237184 1.0710109580646863 20
1701390271552 1.0705818262967197 21
1701390292370 1.0710381702943281 22
1701390313221 1.0711878646503796 23
1701390334025 1.070852874161361 24
1701390354668 1.0701528044490072 25
1701390388747 1.070783090281796 26
1701390409453 1.06972129468794 27
1701390430056 1.0705455603537621 28
1701390450716 1.0716513364345996 29
1701390471307 1.0714936349299047 30
1701390504911 1.0720844501024718 31
1701390525501 1.07012855232536 32
1701390546142 1.071460462235785 33
1701390566679 1.0712973483197101 34
1701390587351 1.071707525810638 35
1701390624206 1.0708305773796973 36
1701390644810 1.0717130496904448 37
1701390665427 1.0719042644872294 38
1701390686190 1.070760036443735 39
1701390706525 1.0706029650452848 40
1701390740366 1.0706385327624035 41
1701390760967 1.070784482088956 42
1701390781508 1.0710925730791958 43
1701390802104 1.0719019716436213 44
1701390822648 1.0708247608952708 45
1701390856518 1.071060189953098 46
1701390876896 1.0710453522669805 47
1701390897323 1.0706156817349521 48
1701390917991 1.0715116711405965 49
1701390939172 1.0709838387253996 50
1701390973210 1.0710799183164323 51
1701390994212 1.0711910987829234 52
1701391014965 1.0706243530496375 53
1701391035581 1.070198110945813 54
1701391056370 1.0710048536201575 55
1701391090097 1.0715304117698174 56
1701391110965 1.0718473644999715 57
1701391131487 1.0712505284841958 58
1701391152073 1.0714816722002896 59
1701391172766 1.0716956528750332 60
1701391206579 1.070635414742804 61
1701391227149 1.0718840654794273 62
1701391247334 1.0712229787529288 63
1701391267738 1.0707749329604113 64
1701391288065 1.0707602500915527 65
1701391321978 1.0707721199308122 66
1701391342712 1.0703583181678475 67
1701391363394 1.0708247903105501 68
1701391384198 1.0714911594019307 69
1701391405144 1.0703493573448875 70
1701391440429 1.0703113295815208 71
1701391461904 1.07148226979491 72
1701391482815 1.07079968204746 73
1701391503535 1.0709795193238691 74
1701391524395 1.0716917329020315 75
1701391558372 1.0707769533256433 76
1701391579259 1.070869518564893 77
1701391599776 1.0705708420121824 78
1701391620656 1.070525471266214 79
1701391641289 1.0708321394858422 80
1701391675563 1.0710786751338415 81
1701391696306 1.0710297931324353 82
1701391717296 1.0716566900154212 83
1701391737937 1.070777973571381 84
1701391758721 1.0714497752003855 85
