1701389746683 0.13683634373289547 0
1701389783575 0.13683634373289547 1
1701389804147 0.13683634373289547 2
1701389825086 0.13683634373289547 3
1701389846149 0.13683634373289547 4
1701389867301 0.13683634373289547 5
1701389906239 0.13683634373289547 6
1701389927942 0.13683634373289547 7
1701389949294 0.13683634373289547 8
1701389970831 0.13683634373289547 9
1701389993103 0.13683634373289547 10
1701390031944 0.13683634373289547 11
1701390053144 0.13683634373289547 12
1701390074207 0.13683634373289547 13
1701390095197 0.13683634373289547 14
1701390116395 0.13683634373289547 15
1701390153827 0.13683634373289547 16
1701390174623 0.13683634373289547 17
1701390195274 0.13683634373289547 18
1701390216550 0.13683634373289547 19
1701390237094 0.13683634373289547 20
1701390271454 0.13683634373289547 21
1701390292279 0.13683634373289547 22
1701390313129 0.13683634373289547 23
1701390333932 0.13683634373289547 24
1701390354579 0.13683634373289547 25
1701390388659 0.13683634373289547 26
1701390409361 0.13683634373289547 27
1701390429965 0.13683634373289547 28
1701390450624 0.13683634373289547 29
1701390471216 0.13683634373289547 30
1701390504820 0.13683634373289547 31
1701390525414 0.13683634373289547 32
1701390546052 0.13683634373289547 33
1701390566589 0.13683634373289547 34
1701390587261 0.13683634373289547 35
1701390624059 0.13683634373289547 36
1701390644719 0.13683634373289547 37
1701390665339 0.13683634373289547 38
1701390686089 0.13683634373289547 39
1701390706437 0.13683634373289547 40
1701390740277 0.13683634373289547 41
1701390760876 0.13683634373289547 42
1701390781419 0.13683634373289547 43
1701390802012 0.13683634373289547 44
1701390822557 0.13683634373289547 45
1701390856428 0.13683634373289547 46
1701390876807 0.13683634373289547 47
1701390897232 0.13683634373289547 48
1701390917901 0.13683634373289547 49
1701390939080 0.13683634373289547 50
1701390973121 0.13683634373289547 51
1701390994117 0.13683634373289547 52
1701391014867 0.13683634373289547 53
1701391035494 0.13683634373289547 54
1701391056281 0.13683634373289547 55
1701391090006 0.13683634373289547 56
1701391110870 0.13683634373289547 57
1701391131395 0.13683634373289547 58
1701391151974 0.13683634373289547 59
1701391172677 0.13683634373289547 60
1701391206491 0.13683634373289547 61
1701391227057 0.13683634373289547 62
1701391247244 0.13683634373289547 63
1701391267647 0.13683634373289547 64
1701391287976 0.13683634373289547 65
1701391321889 0.13683634373289547 66
1701391342612 0.13683634373289547 67
1701391363305 0.13683634373289547 68
1701391384093 0.13683634373289547 69
1701391405054 0.13683634373289547 70
1701391440338 0.13683634373289547 71
1701391461768 0.13683634373289547 72
1701391482729 0.13683634373289547 73
1701391503434 0.13683634373289547 74
1701391524308 0.13683634373289547 75
1701391558281 0.13683634373289547 76
1701391579168 0.13683634373289547 77
1701391599688 0.13683634373289547 78
1701391620564 0.13683634373289547 79
1701391641199 0.13683634373289547 80
1701391675474 0.13683634373289547 81
1701391696215 0.13683634373289547 82
1701391717203 0.13683634373289547 83
1701391737845 0.13683634373289547 84
1701391758630 0.13683634373289547 85
