1701397885261 0.265359598427278 0
1701397925515 0.33178566224661016 1
1701397948826 0.6690243921046971 2
1701397972218 0.5125889823324346 3
1701397995564 0.5452256342046419 4
1701398018628 0.5604633162145386 5
1701398055599 0.6280121746704044 6
1701398079403 0.6708946517659476 7
1701398102587 0.6914214344706511 8
1701398125583 0.7073081999255191 9
1701398148857 0.719744996576706 10
1701398189160 0.7107138508205919 11
1701398212632 0.7752022891595823 12
1701398236269 0.7187583860239418 13
1701398260187 0.752114607487831 14
1701398283844 0.7918326614433964 15
1701398324038 0.8129592439524265 16
1701398347239 0.7573644720236392 17
1701398370425 0.8257736041675359 18
1701398393680 0.8591070709659386 19
1701398416848 0.8177608838578477 20
1701398454504 0.8356577188316258 21
1701398477733 0.8847888210867859 22
1701398500695 0.8645815219473737 23
1701398523872 0.7409690097032121 24
1701398547261 0.8109659513982699 25
1701398584410 0.902733816823297 26
1701398607511 0.8450520400403403 27
1701398630537 0.8422344874238976 28
1701398653729 0.9179520861263337 29
1701398676868 0.8972521010796544 30
1701398713958 0.92948000168262 31
1701398737059 0.8685183418671342 32
1701398760204 0.9149393060803944 33
1701398783315 0.9056494645342754 34
1701398806470 0.9503922854943426 35
1701398843403 0.908400321699722 36
1701398866357 0.9493391271854931 37
1701398889710 0.9646245191777592 38
1701398913117 0.9605242787491285 39
1701398936326 0.9162439251673294 40
1701398979170 0.9487989644202823 41
1701399002163 0.9354570127094729 42
1701399025506 0.9747181366932408 43
1701399048490 0.9697223053426338 44
1701399071773 0.9527472083431571 45
1701399108618 0.8333269391951492 46
1701399131560 0.4964804645239041 47
1701399154539 0.810310402869765 48
1701399177665 0.8898096181588991 49
1701399201596 0.8122669231750077 50
1701399238365 0.9201106693256557 51
1701399262052 0.9288142911654248 52
1701399285195 0.920275269953553 53
1701399308386 0.9443165438408982 54
1701399331648 0.9668087459630993 55
1701399368689 0.6174419356755859 56
1701399391688 0.6992953450258529 57
1701399414861 0.8870040265995968 58
1701399438790 0.9390873377750893 59
1701399462093 0.727089877376626 60
1701399499705 0.8126352448535766 61
1701399522726 0.8869260165409732 62
1701399545759 0.9460493510159949 63
1701399568766 0.9402942343933495 64
1701399592007 0.943815095016917 65
