1701397885261 0.3977832512315271 0
1701397925515 0.4651067323481117 1
1701397948826 0.4989737274220033 2
1701397972218 0.5568555008210181 3
1701397995564 0.5736863711001642 4
1701398018628 0.5847701149425287 5
1701398055599 0.6122742200328407 6
1701398079403 0.6584564860426929 7
1701398102587 0.6789819376026273 8
1701398125583 0.7013546798029556 9
1701398148857 0.7179802955665024 10
1701398189160 0.7007389162561576 11
1701398212632 0.7746305418719212 12
1701398236269 0.7227011494252874 13
1701398260187 0.7516420361247947 14
1701398283844 0.7832512315270936 15
1701398324038 0.8123973727422004 16
1701398347239 0.7621100164203612 17
1701398370425 0.8253284072249589 18
1701398393680 0.8561165845648604 19
1701398416848 0.8144499178981938 20
1701398454504 0.8364121510673235 21
1701398477733 0.8842364532019704 22
1701398500695 0.8667898193760263 23
1701398523872 0.7220853858784894 24
1701398547261 0.805623973727422 25
1701398584410 0.9076354679802956 26
1701398607511 0.8483169129720853 27
1701398630537 0.8401067323481116 28
1701398653729 0.9172824302134647 29
1701398676868 0.8951149425287356 30
1701398713958 0.930008210180624 31
1701398737059 0.8735632183908046 32
1701398760204 0.9174876847290641 33
1701398783315 0.8967569786535303 34
1701398806470 0.9490968801313628 35
1701398843403 0.9123563218390804 36
1701398866357 0.9482758620689655 37
1701398889710 0.9626436781609196 38
1701398913117 0.9616174055829229 39
1701398936326 0.9049671592775042 40
1701398979170 0.9525862068965517 41
1701399002163 0.9351395730706076 42
1701399025506 0.9749589490968801 43
1701399048490 0.9696223316912972 44
1701399071773 0.9495073891625616 45
1701399108618 0.8146551724137931 46
1701399131560 0.7360426929392446 47
1701399154539 0.839696223316913 48
1701399177665 0.9053776683087028 49
1701399201596 0.8327175697865353 50
1701399238365 0.9283661740558292 51
1701399262052 0.9353448275862069 52
1701399285195 0.9273399014778325 53
1701399308386 0.9493021346469622 54
1701399331648 0.9710591133004927 55
1701399368689 0.7532840722495895 56
1701399391688 0.763136288998358 57
1701399414861 0.8971674876847291 58
1701399438790 0.9447865353037767 59
1701399462093 0.7561576354679803 60
1701399499705 0.8374384236453202 61
1701399522726 0.9018883415435139 62
1701399545759 0.9550492610837439 63
1701399568766 0.9507389162561576 64
1701399592007 0.9488916256157636 65
