1701397885354 1.0572251157882886 0
1701397925654 1.0350456084960546 1
1701397948922 0.9947895346543728 2
1701397972310 0.9276789671335465 3
1701397995653 0.9004922814858265 4
1701398018725 0.8628154977774009 5
1701398055691 0.8200230567883222 6
1701398079492 0.7601047463906117 7
1701398102678 0.7015243967374166 8
1701398125675 0.7061560268585498 9
1701398148957 0.6722110433456225 10
1701398189294 0.6690642635027567 11
1701398212720 0.5557804634937873 12
1701398236386 0.6393421284663372 13
1701398260285 0.6066045784033262 14
1701398283940 0.5200827435041085 15
1701398324193 0.45855521850096875 16
1701398347324 0.5656859805950751 17
1701398370519 0.4430301858064456 18
1701398393781 0.3787982693085304 19
1701398416940 0.45051283026352906 20
1701398454594 0.40810007124375075 21
1701398477823 0.301181700749275 22
1701398500783 0.3452809705184056 23
1701398523962 0.6218684628987924 24
1701398547362 0.46531208642782307 25
1701398584496 0.24921521210135558 26
1701398607603 0.37491491742623156 27
1701398630626 0.4059207630463136 28
1701398653819 0.23323960525867266 29
1701398676957 0.26922112989884156 30
1701398714043 0.18775894664801085 31
1701398737147 0.34614949998183125 32
1701398760302 0.23544335250671095 33
1701398783404 0.2578436247049234 34
1701398806558 0.14344553066751894 35
1701398843495 0.23786985281950387 36
1701398866449 0.13724624327360055 37
1701398889804 0.10048279032493249 38
1701398913217 0.10648657075869732 39
1701398936413 0.23456642939112124 40
1701398979259 0.12515666701186162 41
1701399002259 0.16823673401123437 42
1701399025597 0.0700748397801549 43
1701399048592 0.08799304665090182 44
1701399071859 0.13660356416725195 45
1701399108706 0.6244951229160413 46
1701399131649 0.6313207856355569 47
1701399154629 0.39759255926578474 48
1701399177753 0.2621090639478121 49
1701399201685 0.4597595840310439 50
1701399238453 0.20737182960296288 51
1701399262154 0.1775306233037741 52
1701399285287 0.2104408106742761 53
1701399308471 0.1375326870057063 54
1701399331749 0.08631978437113456 55
1701399368786 0.7015927143585987 56
1701399391776 0.6297886979121429 57
1701399414949 0.2854395642494544 58
1701399438885 0.1523761306053553 59
1701399462184 0.7149006082461431 60
1701399499796 0.41433121283084917 61
1701399522818 0.25672179890366703 62
1701399545851 0.13597927013268837 63
1701399568853 0.1336277470422479 64
1701399592103 0.14983222916579017 65
