1701397885261 0.3258617453069508 0
1701397925515 0.3793170133603923 1
1701397948826 0.4082513224027346 2
1701397972218 0.456140753842293 3
1701397995564 0.47755730493187104 4
1701398018628 0.5044936493134918 5
1701398055599 0.5291463353287861 6
1701398079403 0.6056297192570106 7
1701398102587 0.6421038099051113 8
1701398125583 0.6743785919697997 9
1701398148857 0.6879938464937299 10
1701398189160 0.6838129567594343 11
1701398212632 0.76596473955597 12
1701398236269 0.7170133969002629 13
1701398260187 0.7526815284818924 14
1701398283844 0.7800579118640938 15
1701398324038 0.813213364409164 16
1701398347239 0.7553865831658567 17
1701398370425 0.826637932503731 18
1701398393680 0.8598579180770075 19
1701398416848 0.8166434547704572 20
1701398454504 0.8356111999876868 21
1701398477733 0.8873476062356631 22
1701398500695 0.868906889727163 23
1701398523872 0.7335482906697615 24
1701398547261 0.8083330512182473 25
1701398584410 0.9075872218008328 26
1701398607511 0.8490889300705589 27
1701398630537 0.8453689015136797 28
1701398653729 0.9178453534444037 29
1701398676868 0.9019172734581135 30
1701398713958 0.932918175269112 31
1701398737059 0.8694790638884619 32
1701398760204 0.9174119510932944 33
1701398783315 0.904436031483518 34
1701398806470 0.9532385871496296 35
1701398843403 0.907256855368436 36
1701398866357 0.9499536384305691 37
1701398889710 0.9651719166726261 38
1701398913117 0.9607013858739365 39
1701398936326 0.91512220059903 40
1701398979170 0.9506271592925387 41
1701399002163 0.9365755052027991 42
1701399025506 0.9758553613034581 43
1701399048490 0.9702826543519584 44
1701399071773 0.9535792771547033 45
1701399108618 0.7840562103516152 46
1701399131560 0.6019237273803484 47
1701399154539 0.7631704246348224 48
1701399177665 0.8848247976157427 49
1701399201596 0.8005868418933583 50
1701399238365 0.9177366622725787 51
1701399262052 0.9251032367591264 52
1701399285195 0.922313758994882 53
1701399308386 0.9427337374167379 54
1701399331648 0.9690392360518679 55
1701399368689 0.6211776989995331 56
1701399391688 0.6783742754025114 57
1701399414861 0.871459282797005 58
1701399438790 0.9313762816480851 59
1701399462093 0.6793525079618208 60
1701399499705 0.7988822295275577 61
1701399522726 0.8826575013988441 62
1701399545759 0.9482062179629039 63
1701399568766 0.9384164073103657 64
1701399592007 0.9448227501697289 65
