1701397885261 0.28914315509310856 0
1701397925515 0.32874943379753313 1
1701397948826 0.36797728499817056 2
1701397972218 0.41375648124865055 3
1701397995564 0.4492842297736776 4
1701398018628 0.49844819249216715 5
1701398055599 0.5262909238004919 6
1701398079403 0.6204478357309103 7
1701398102587 0.6567457982469375 8
1701398125583 0.6855811940728213 9
1701398148857 0.6988985644472206 10
1701398189160 0.6940982785504414 11
1701398212632 0.7677027224801352 12
1701398236269 0.7172452871907035 13
1701398260187 0.7510613147424441 14
1701398283844 0.7830936627262742 15
1701398324038 0.8112047801717447 16
1701398347239 0.755213619436648 17
1701398370425 0.8248385659159038 18
1701398393680 0.8577995497884287 19
1701398416848 0.8151965894063861 20
1701398454504 0.8354930311164983 21
1701398477733 0.8852611396812854 22
1701398500695 0.8662371146760385 23
1701398523872 0.7368932509390524 24
1701398547261 0.8092342620041492 25
1701398584410 0.9047692167108807 26
1701398607511 0.8465505882818283 27
1701398630537 0.84373564386889 28
1701398653729 0.9173498949231192 29
1701398676868 0.8990704438221692 30
1701398713958 0.9308939716366501 31
1701398737059 0.8688664669571299 32
1701398760204 0.9156459801596886 33
1701398783315 0.9038504196212948 34
1701398806470 0.9516863327285017 35
1701398843403 0.907752936809204 36
1701398866357 0.9495865856464922 37
1701398889710 0.9648861273449739 38
1701398913117 0.9606104286834484 39
1701398936326 0.9155675621332762 40
1701398979170 0.9496119472067983 41
1701399002163 0.9359949309092249 42
1701399025506 0.9752746327969352 43
1701399048490 0.9699969475180553 44
1701399071773 0.9530946131041297 45
1701399108618 0.8011805966051372 46
1701399131560 0.5422669358258322 47
1701399154539 0.772173883761447 48
1701399177665 0.8871857178867023 49
1701399201596 0.8056824165601704 50
1701399238365 0.9188652336555814 51
1701399262052 0.9269097580926341 52
1701399285195 0.9212624025373652 53
1701399308386 0.9434823503057389 54
1701399331648 0.967907899446543 55
1701399368689 0.5718057955378821 56
1701399391688 0.6785858462050337 57
1701399414861 0.8782875721659815 58
1701399438790 0.9349977696072793 59
1701399462093 0.6855040046508541 60
1701399499705 0.8046176599828581 61
1701399522726 0.88463613635756 62
1701399545759 0.9470668058453907 63
1701399568766 0.9393242562758922 64
1701399592007 0.9442954716123557 65
