1699989685552 0.3342946129888107 0
1699989720069 0.3333141077402238 1
1699989748833 0.3331987541815665 2
1699989776430 0.3285269350559465 3
1699989803656 0.324893297958242 4
1699989831114 0.3299111777598339 5
1699989864190 0.3297958242011766 6
1699989891593 0.3299688545391625 7
1699989919199 0.326508247779444 8
1699989945536 0.3277194601453455 9
1699989973894 0.3281808743799746 10
1699990006368 0.32916137962856157 11
1699990032988 0.32714269235205906 12
1699990061435 0.32766178336601687 13
1699990089185 0.3285269350559465 14
1699990116529 0.32725804591071633 15
1699990152086 0.32564309608951436 16
1699990179608 0.3235090552543546 17
1699990207384 0.33043026877379167 18
1699990235060 0.3258738032068289 19
1699990263351 0.3309493597877495 20
1699990296997 0.3218941054331526 21
1699990324651 0.3315838043603645 22
1699990351681 0.3195293574806783 23
1699990381675 0.3270850155727304 24
1699990408487 0.326508247779444 25
1699990440820 0.32685430845541585 26
1699990468410 0.33192986503633637 27
1699990494505 0.3371784519552428 28
1699990521190 0.3315838043603645 29
