1699989685556 0.3342946129888107 0
1699989720074 0.3333141077402238 1
1699989748837 0.3331987541815665 2
1699989776434 0.3285269350559465 3
1699989803661 0.324893297958242 4
1699989831118 0.3299111777598339 5
1699989864195 0.3297958242011766 6
1699989891597 0.3299688545391625 7
1699989919204 0.326508247779444 8
1699989945540 0.3277194601453455 9
1699989973899 0.3281808743799746 10
1699990006372 0.32916137962856157 11
1699990032992 0.32714269235205906 12
1699990061439 0.32766178336601687 13
1699990089189 0.3285269350559465 14
1699990116534 0.32725804591071633 15
1699990152091 0.32564309608951436 16
1699990179613 0.3235090552543546 17
1699990207388 0.33043026877379167 18
1699990235064 0.3258738032068289 19
1699990263356 0.3309493597877495 20
1699990297001 0.3218941054331526 21
1699990324656 0.3315838043603645 22
1699990351685 0.3195293574806783 23
1699990381680 0.3270850155727304 24
1699990408491 0.326508247779444 25
1699990440823 0.32685430845541585 26
1699990468414 0.33192986503633637 27
1699990494510 0.3371784519552428 28
1699990521194 0.3315838043603645 29
