1699989685561 1.1022773297394024 0
1699989720080 1.0996579633039587 1
1699989748843 1.0994065579246073 2
1699989776440 1.0993307653595419 3
1699989803667 1.0994055341271793 4
1699989831125 1.0990112160935122 5
1699989864202 1.0990383940584518 6
1699989891602 1.0987150581444012 7
1699989919212 1.098959488027236 8
1699989945546 1.0989750956787783 9
1699989973904 1.0987079125993393 10
1699990006377 1.0987602928105522 11
1699990032998 1.098738447708242 12
1699990061446 1.098759212914635 13
1699990089194 1.0987875917378593 14
1699990116540 1.09876450195032 15
1699990152097 1.0987886313129873 16
1699990179618 1.0987201280453627 17
1699990207394 1.098678494200987 18
1699990235069 1.0986869790974785 19
1699990263363 1.0985930860042572 20
1699990297006 1.0986599992303288 21
1699990324662 1.098527277217192 22
1699990351690 1.0986982040545519 23
1699990381686 1.0987931630190682 24
1699990408496 1.0986083886202644 25
1699990440828 1.098472132402308 26
1699990468420 1.0984024931402767 27
1699990494515 1.0983052393969368 28
1699990521199 1.0985304397695206 29
