1699989685547 0.3342946129888107 0
1699989720065 0.3333141077402238 1
1699989748829 0.3331987541815665 2
1699989776428 0.3285269350559465 3
1699989803652 0.324893297958242 4
1699989831111 0.3299111777598339 5
1699989864187 0.3297958242011766 6
1699989891589 0.3299688545391625 7
1699989919196 0.326508247779444 8
1699989945534 0.3277194601453455 9
1699989973892 0.3281808743799746 10
1699990006365 0.32916137962856157 11
1699990032984 0.32714269235205906 12
1699990061430 0.32766178336601687 13
1699990089182 0.3285269350559465 14
1699990116526 0.32725804591071633 15
1699990152080 0.32564309608951436 16
1699990179606 0.3235090552543546 17
1699990207381 0.33043026877379167 18
1699990235056 0.3258738032068289 19
1699990263349 0.3309493597877495 20
1699990296995 0.3218941054331526 21
1699990324647 0.3315838043603645 22
1699990351679 0.3195293574806783 23
1699990381670 0.3270850155727304 24
1699990408485 0.326508247779444 25
1699990440816 0.32685430845541585 26
1699990468405 0.33192986503633637 27
1699990494504 0.3371784519552428 28
1699990521187 0.3315838043603645 29
