1701382764178 1.0685180208899758 0
1701382809439 1.063830496428849 1
1701382835530 1.060592573958558 2
1701382860919 1.0572898442094976 3
1701382886644 1.0550717208292577 4
1701382912416 1.0539499861853463 5
1701382959146 1.0516116526219752 6
1701382984965 1.0500263099546556 7
1701383010413 1.0493683009952695 8
1701383036112 1.0483927037808802 9
1701383061740 1.0457708378890893 10
1701383106533 1.0466201049940926 11
1701383132224 1.0468297368520265 12
1701383157817 1.0445206916177427 13
1701383183546 1.0448364437400521 14
1701383209266 1.0446515625173396 15
1701383253735 1.0421327646676597 16
1701383279352 1.0417557157479322 17
1701383304871 1.0434667359698901 18
1701383330391 1.040905695456963 19
1701383356260 1.0426535304490623 20
1701383401079 1.0433816499524302 21
1701383426791 1.0419836013348072 22
1701383452704 1.0417961346638667 23
1701383478218 1.0405548199430688 24
1701383504036 1.040228454323558 25
1701383548090 1.042379018548247 26
1701383574238 1.0398977863324153 27
1701383599993 1.0430244455089817 28
1701383625477 1.038687335980403 29
1701383651015 1.0396694393901083 30
1701383696323 1.0412372048799095 31
1701383721907 1.0377111349787032 32
1701383747450 1.0388375427815821 33
1701383772955 1.0397813800093416 34
1701383798791 1.0383938117460771 35
1701383842877 1.0372748614905716 36
1701383868703 1.03896836955826 37
1701383894427 1.0399259708144448 38
1701383920168 1.039594679683834 39
1701383946016 1.0371881808553423 40
1701383990085 1.0358773694409953 41
1701384015808 1.0399691338662977 42
1701384041737 1.0383337503903871 43
1701384067409 1.0354739822350538 44
1701384093045 1.0350792469916406 45
1701384137928 1.0391308936205776 46
1701384164367 1.0355255232228862 47
1701384190461 1.0340926391737801 48
1701384216276 1.0336943353925432 49
1701384241939 1.0335550532712565 50
1701384286715 1.034188284502401 51
1701384312819 1.0331290356524578 52
1701384339063 1.0335563065169693 53
1701384365318 1.0345959585982483 54
1701384391578 1.03428019796099 55
1701384439204 1.0337806313068836 56
1701384466178 1.0324310373950314 57
1701384492939 1.0333447069316715 58
1701384519631 1.0326799812254968 59
1701384545818 1.0319468022940994 60
1701384592656 1.0328025237306373 61
1701384619325 1.0296883962371133 62
1701384645672 1.031916204985086 63
1701384672043 1.0297847359211414 64
1701384698062 1.0319170812507727 65
1701384742966 1.0285297787034666 66
1701384769959 1.0292216175562376 67
1701384796257 1.029612861670457 68
1701384822452 1.0268104602764179 69
1701384848555 1.030900378505905 70
1701384893340 1.0278798782980287 71
1701384919709 1.0280460498549722 72
1701384945803 1.0266513716090808 73
1701384972010 1.0283281493496585 74
1701384998003 1.0279055500959422 75
1701385042329 1.0252170640152771 76
1701385068484 1.0233747471462598 77
1701385094480 1.0249872501794395 78
1701385120621 1.0241911914441493 79
1701385146459 1.0237357368716946 80
1701385191295 1.0220107753555496 81
1701385218595 1.0245170105587353 82
1701385244607 1.0227767430342638 83
1701385270349 1.0236689518024396 84
1701385296093 1.0227390876064053 85
1701385341117 1.0195582323260122 86
1701385367190 1.0190084197304465 87
1701385393774 1.0204497482869532 88
1701385419808 1.0192265719562381 89
1701385445640 1.0184703562166784 90
1701385490705 1.018611294108552 91
1701385516746 1.0167184371452826 92
1701385542998 1.017426204371762 93
1701385568970 1.0160777011475006 94
1701385594551 1.017824937770893 95
1701385636038 1.0143228684152876 96
1701385662772 1.0147778740176907 97
1701385693300 1.0163639636782857 98
1701385721874 1.0134193874024726 99
1701385748996 1.0142115277129333 100
1701385792552 1.0102218118580906 101
1701385821078 1.0118084480236103 102
1701385849041 1.0124129560086634 103
1701385877806 1.0092051431730196 104
1701385905471 1.008697810885194 105
1701385944086 1.009404595796164 106
1701385967549 1.007229059547573 107
1701385990310 1.0082424608143894 108
1701386014340 1.007071721863437 109
1701386036723 1.0043017059177548 110
1701386071544 1.0034885112341347 111
1701386093413 1.0036422618023761 112
1701386117369 1.0034959889077522 113
1701386140455 1.0002454294786824 114
1701386164556 1.0012725909034927 115
1701386205707 1.0000605838639396 116
1701386233069 0.9992420928818839 117
1701386259184 0.9967021469946031 118
1701386283007 0.9995023112792474 119
