1701382764014 0.40455665024630544 0
1701382809251 0.40455665024630544 1
1701382835396 0.40455665024630544 2
1701382860771 0.40455665024630544 3
1701382886493 0.40455665024630544 4
1701382912273 0.40455665024630544 5
1701382958994 0.40476190476190477 6
1701382984825 0.41050903119868637 7
1701383010276 0.4382183908045977 8
1701383035972 0.48542692939244664 9
1701383061606 0.4956896551724138 10
1701383106354 0.49014778325123154 11
1701383132082 0.48891625615763545 12
1701383157672 0.4829638752052545 13
1701383183410 0.4813218390804598 14
1701383209129 0.4837848932676519 15
1701383253524 0.4780377668308703 16
1701383279210 0.47844827586206895 17
1701383304731 0.4757799671592775 18
1701383330233 0.47619047619047616 19
1701383356117 0.4700328407224959 20
1701383400867 0.4735221674876847 21
1701383426640 0.4698275862068966 22
1701383452560 0.4690065681444992 23
1701383478076 0.47413793103448276 24
1701383503880 0.4700328407224959 25
1701383547912 0.4698275862068966 26
1701383574092 0.47188013136289 27
1701383599846 0.472495894909688 28
1701383625335 0.4743431855500821 29
1701383650871 0.4757799671592775 30
1701383696149 0.4800903119868637 31
1701383721760 0.48357963875205257 32
1701383747310 0.47742200328407225 33
1701383772810 0.4794745484400657 34
1701383798641 0.4819376026272578 35
1701383842699 0.48316912972085385 36
1701383868563 0.4876847290640394 37
1701383894287 0.4839901477832512 38
1701383920032 0.4858374384236453 39
1701383945872 0.4905582922824302 40
1701383989924 0.4860426929392447 41
1701384015662 0.49117405582922824 42
1701384041588 0.4899425287356322 43
1701384067261 0.4907635467980296 44
1701384092895 0.49035303776683087 45
1701384137749 0.4907635467980296 46
1701384164229 0.49137931034482757 47
1701384190317 0.4909688013136289 48
1701384216131 0.4952791461412151 49
1701384241795 0.4942528735632184 50
1701384286517 0.4905582922824302 51
1701384312662 0.4895320197044335 52
1701384338922 0.49692118226600984 53
1701384365159 0.49733169129720856 54
1701384391433 0.4967159277504105 55
1701384439004 0.4965106732348112 56
1701384466039 0.49692118226600984 57
1701384492796 0.4985632183908046 58
1701384519487 0.49794745484400654 59
1701384545675 0.4967159277504105 60
1701384592477 0.4963054187192118 61
1701384619170 0.5010262725779967 62
1701384645531 0.4981527093596059 63
1701384671901 0.4995894909688013 64
1701384697918 0.5 65
1701384742783 0.49917898193760263 66
1701384769816 0.5030788177339901 67
1701384796099 0.5024630541871922 68
1701384822314 0.5016420361247947 69
1701384848414 0.4987684729064039 70
1701384893165 0.500615763546798 71
1701384919564 0.5034893267651889 72
1701384945658 0.5024630541871922 73
1701384971867 0.5026683087027914 74
1701384997863 0.5055418719211823 75
1701385042160 0.5063628899835796 76
1701385068342 0.5028735632183908 77
1701385094335 0.5061576354679803 78
1701385120468 0.5067733990147784 79
1701385146314 0.5082101806239737 80
1701385191101 0.5061576354679803 81
1701385218437 0.5049261083743842 82
1701385244461 0.5069786535303776 83
1701385270188 0.5041050903119869 84
1701385295951 0.5045155993431856 85
1701385340928 0.5047208538587848 86
1701385367045 0.5096469622331691 87
1701385393614 0.5067733990147784 88
1701385419663 0.5096469622331691 89
1701385445497 0.5112889983579638 90
1701385490524 0.5088259441707718 91
1701385516573 0.5104679802955665 92
1701385542851 0.5108784893267652 93
1701385568824 0.5125205254515599 94
1701385594409 0.5145730706075534 95
1701385635884 0.5155993431855501 96
1701385662633 0.5133415435139573 97
1701385693030 0.5098522167487685 98
1701385721709 0.5123152709359606 99
1701385748852 0.5162151067323482 100
1701385792406 0.5155993431855501 101
1701385820922 0.5172413793103449 102
1701385848888 0.5182676518883416 103
1701385877647 0.5162151067323482 104
1701385905323 0.5176518883415435 105
1701385943965 0.5207307060755336 106
1701385967421 0.5194991789819376 107
1701385990198 0.5205254515599343 108
1701386014234 0.5223727422003284 109
1701386036598 0.521551724137931 110
1701386071439 0.5227832512315271 111
1701386093301 0.5207307060755336 112
1701386117244 0.5238095238095238 113
1701386140334 0.5233990147783252 114
1701386164388 0.5242200328407225 115
1701386205559 0.5248357963875205 116
1701386232923 0.5272988505747126 117
1701386259054 0.5233990147783252 118
1701386282881 0.5299671592775042 119
1701386308075 0.5277093596059114 120
1701386349726 0.5279146141215106 121
1701386372951 0.5299671592775042 122
1701386397329 0.5314039408866995 123
1701386422625 0.5303776683087028 124
1701386446888 0.5293513957307061 125
1701386481826 0.5305829228243021 126
1701386505723 0.5338669950738916 127
1701386527934 0.5330459770114943 128
1701386549801 0.5324302134646962 129
1701386573990 0.5348932676518884 130
1701386610522 0.5361247947454844 131
1701386632671 0.5344827586206896 132
1701386657157 0.5359195402298851 133
1701386678106 0.5363300492610837 134
1701386698672 0.5383825944170771 135
1701386731960 0.5363300492610837 136
1701386752964 0.5392036124794746 137
1701386774561 0.5379720853858785 138
1701386796030 0.5404351395730707 139
1701386819284 0.5435139573070608 140
1701386853854 0.5424876847290641 141
1701386873623 0.5420771756978654 142
1701386893333 0.5433087027914614 143
1701386912979 0.5426929392446633 144
1701386934481 0.5451559934318555 145
1701386968339 0.5472085385878489 146
1701386989139 0.5441297208538588 147
1701387009846 0.5451559934318555 148
1701387030938 0.5451559934318555 149
1701387051736 0.5511083743842364 150
1701387085247 0.5488505747126436 151
1701387105759 0.547824302134647 152
1701387126190 0.5502873563218391 153
1701387146444 0.5482348111658456 154
1701387167032 0.5500821018062397 155
1701387201423 0.5496715927750411 156
1701387221985 0.5537766830870279 157
1701387242968 0.5533661740558292 158
1701387264326 0.5517241379310345 159
1701387285311 0.5564449917898193 160
1701387321009 0.5523399014778325 161
1701387341978 0.5535714285714286 162
1701387363078 0.5566502463054187 163
1701387384565 0.5574712643678161 164
1701387406551 0.5584975369458128 165
