1701382764014 0.19202104340201667 0
1701382809251 0.19202104340201667 1
1701382835396 0.19202104340201667 2
1701382860771 0.19202104340201667 3
1701382886493 0.19202104340201667 4
1701382912273 0.19202104340201667 5
1701382958994 0.19243809724010474 6
1701382984825 0.21169350461084815 7
1701383010276 0.27198661464647805 8
1701383035972 0.3506181591060149 9
1701383061606 0.3648829526319924 10
1701383106354 0.35809957995499886 11
1701383132082 0.3489265403695308 12
1701383157672 0.3338070965827355 13
1701383183410 0.3262720026071224 14
1701383209129 0.3292447861091862 15
1701383253524 0.32089109325200343 16
1701383279210 0.31777221737252065 17
1701383304731 0.3123941389298135 18
1701383330233 0.31500745479721526 19
1701383356117 0.30474165458559554 20
1701383400867 0.310125872362034 21
1701383426640 0.3053216972001342 22
1701383452560 0.30060637543355917 23
1701383478076 0.3071022678544543 24
1701383503880 0.30144372577207573 25
1701383547912 0.30221933653746286 26
1701383574092 0.3059509993274987 27
1701383599846 0.30684859170139817 28
1701383625335 0.3100732310728968 29
1701383650871 0.31195797642442313 30
1701383696149 0.32244361166814267 31
1701383721760 0.32478684203036307 32
1701383747310 0.3158931652712577 33
1701383772810 0.32101467664847944 34
1701383798641 0.3256825691304126 35
1701383842699 0.32708532574451105 36
1701383868563 0.3333134393824726 37
1701383894287 0.3271235892184961 38
1701383920032 0.33249644690497526 39
1701383945872 0.33879865148745364 40
1701383989924 0.33205673502543037 41
1701384015662 0.3402965057674499 42
1701384041588 0.3385201856088829 43
1701384067261 0.3397303613654526 44
1701384092895 0.33909349920782744 45
1701384137749 0.3413482258491302 46
1701384164229 0.341055306369954 47
1701384190317 0.3411341752810415 48
1701384216131 0.34619155991506245 49
1701384241795 0.3459668159887681 50
1701384286517 0.3398486678055026 51
1701384312662 0.34014456854204617 52
1701384338922 0.3483938263314628 53
1701384365159 0.35003810373854716 54
1701384391433 0.34877157719572294 55
1701384439004 0.3486345958873034 56
1701384466039 0.3505304083937008 57
1701384492796 0.35212355759608677 58
1701384519487 0.35082331237081094 59
1701384545675 0.3491437037689981 60
1701384592477 0.3507346811380174 61
1701384619170 0.35380717531272315 62
1701384645531 0.3522085823667755 63
1701384671901 0.3533760991268225 64
1701384697918 0.35449567149577593 65
1701384742783 0.35278957493507623 66
1701384769816 0.3579763561478233 67
1701384796099 0.35818158086160223 68
1701384822314 0.35638491024461444 69
1701384848414 0.35311460843982556 70
1701384893165 0.35494537699108447 71
1701384919564 0.35889945897336056 72
1701384945658 0.3584331105328092 73
1701384971867 0.3579184578604191 74
1701384997863 0.36084651099713255 75
1701385042160 0.3626651996658498 76
1701385068342 0.35880823504472675 77
1701385094335 0.3595608310711147 78
1701385120468 0.3619766364364889 79
1701385146314 0.3641622398686261 80
1701385191101 0.36351450458141205 81
1701385218437 0.363122693930416 82
1701385244461 0.3648378928779876 83
1701385270188 0.3607494549014372 84
1701385295951 0.3642311316313971 85
1701385340928 0.36273679522052626 86
1701385367045 0.3669048980285659 87
1701385393614 0.36543065018264037 88
1701385419663 0.3669758666092897 89
1701385445497 0.3690255797007218 90
1701385490524 0.36765864594538494 91
1701385516573 0.3681761231430105 92
1701385542851 0.3691149197044828 93
1701385568824 0.370009195157668 94
1701385594409 0.3728851831983497 95
1701385635884 0.37460299622461785 96
1701385662633 0.3730796905392902 97
1701385693030 0.3706284380369822 98
1701385721709 0.3716437769076 99
1701385748852 0.3746803600101319 100
1701385792406 0.3746176451994545 101
1701385820922 0.3766481006295121 102
1701385848888 0.3774792358190863 103
1701385877647 0.37480757028866457 104
1701385905323 0.3770722202197299 105
1701385943965 0.3785848811258144 106
1701385967421 0.3784247307333814 107
1701385990198 0.3799639547456148 108
1701386014234 0.38190305060878177 109
1701386036598 0.38114427975208187 110
1701386071439 0.38199213786522623 111
1701386093301 0.37996680867227717 112
1701386117244 0.38293012541434895 113
1701386140334 0.38217985780642305 114
1701386164388 0.3836834400621913 115
1701386205559 0.3835259659098713 116
1701386232923 0.38529052062646835 117
1701386259054 0.38256262520654666 118
1701386282881 0.3881101982665849 119
