1701382764014 0.1348522167487685 0
1701382809251 0.1348522167487685 1
1701382835396 0.1348522167487685 2
1701382860771 0.1348522167487685 3
1701382886493 0.1348522167487685 4
1701382912273 0.1348522167487685 5
1701382958994 0.24604641610186895 6
1701382984825 0.29039764735967266 7
1701383010276 0.29627856073700803 8
1701383035972 0.3202179313459801 9
1701383061606 0.33196482256883275 10
1701383106354 0.3402461940145976 11
1701383132082 0.35583371168889194 12
1701383157672 0.36924536808010755 13
1701383183410 0.38117867896563 14
1701383209129 0.3828098273278214 15
1701383253524 0.384659746453009 16
1701383279210 0.39499316473000684 17
1701383304731 0.4021363689632911 18
1701383330233 0.3948591543151007 19
1701383356117 0.39800766283524897 20
1701383400867 0.39763826103116834 21
1701383426640 0.3958228386864861 22
1701383452560 0.40648468860483217 23
1701383478076 0.41042432452373306 24
1701383503880 0.4070807448459675 25
1701383547912 0.40460330430805663 26
1701383574092 0.4034059173576929 27
1701383599846 0.4031166688134376 28
1701383625335 0.401386548149759 29
1701383650871 0.4018484735490035 30
1701383696149 0.3904572804705648 31
1701383721760 0.39772181060423667 32
1701383747310 0.3985139344952429 33
1701383772810 0.39107407321701304 34
1701383798641 0.3893128795142218 35
1701383842699 0.3902974617581873 36
1701383868563 0.3891738236710171 37
1701383894287 0.3924783945886145 38
1701383920032 0.38180361657746165 39
1701383945872 0.38197467647478706 40
1701383989924 0.3858655125679502 41
1701384015662 0.37839284732354433 42
1701384041588 0.3795169788137171 43
1701384067261 0.3819227348098069 44
1701384092895 0.3788280913026481 45
1701384137749 0.3754009392167286 46
1701384164229 0.3764279856775168 47
1701384190317 0.37506051074955665 48
1701384216131 0.37598185573355375 49
1701384241795 0.3730405982253136 50
1701384286517 0.379349288204164 51
1701384312662 0.37432746406350254 52
1701384338922 0.37678694267395413 53
1701384365159 0.3729912865011957 54
1701384391433 0.3761154072359891 55
1701384439004 0.37476620923297893 56
1701384466039 0.37052493585781976 57
1701384492796 0.37215413542915093 58
1701384519487 0.373379150895746 59
1701384545675 0.37529008810578407 60
1701384592477 0.3690661260268026 61
1701384619170 0.3755116672906486 62
1701384645531 0.37015163358848674 63
1701384671901 0.3719358396952989 64
1701384697918 0.3713144613024914 65
1701384742783 0.372310994997671 66
1701384769816 0.37214260249554365 67
1701384796099 0.369416063608727 68
1701384822314 0.37072832257712857 69
1701384848414 0.3703313017659009 70
1701384893165 0.371045976755642 71
1701384919564 0.37105593589249386 72
1701384945658 0.36903486178739514 73
1701384971867 0.3707894661355646 74
1701384997863 0.3723066064265255 75
1701385042160 0.37018462630924903 76
1701385068342 0.3691711429175147 77
1701385094335 0.37711774913197393 78
1701385120468 0.3733889456015875 79
1701385146314 0.3723075526506899 80
1701385191101 0.3685722321555322 81
1701385218437 0.36642815996851635 82
1701385244461 0.36791410489275816 83
1701385270188 0.36866451843895454 84
1701385295951 0.3641519402983158 85
1701385340928 0.36628490032504746 86
1701385367045 0.3706156614737783 87
1701385393614 0.36654149256888985 88
1701385419663 0.3701831148164893 89
1701385445497 0.3706473289773398 90
1701385490524 0.36700255381574065 91
1701385516573 0.3702856221323796 92
1701385542851 0.3697465652103777 93
1701385568824 0.37090750278606066 94
1701385594409 0.3707307916442532 95
1701385635884 0.3697692898664935 96
1701385662633 0.36655487191204394 97
1701385693030 0.3635645486042443 98
1701385721709 0.36695815976645263 99
1701385748852 0.3710143030348365 100
1701385792406 0.369180821314616 101
1701385820922 0.3693772142492822 102
1701385848888 0.3690476262310843 103
1701385877647 0.37006704980842914 104
1701385905323 0.36882659357203956 105
1701385943965 0.3736899946563506 106
1701385967421 0.3705835884967135 107
1701385990198 0.36991757543404763 108
1701386014234 0.3692574649969724 109
1701386036598 0.36939797132402696 110
1701386071439 0.3705616783811578 111
1701386093301 0.3698628885098724 112
1701386117244 0.3713065947646332 113
1701386140334 0.3719059176885533 114
1701386164388 0.37041036297605406 115
1701386205559 0.3731984607716417 116
1701386232923 0.37542737486972216 117
1701386259054 0.3704475911059737 118
1701386282881 0.37517535745100156 119
