1701382764014 0.3333333333333333 0
1701382809251 0.3333333333333333 1
1701382835396 0.3333333333333333 2
1701382860771 0.3333333333333333 3
1701382886493 0.3333333333333333 4
1701382912273 0.3333333333333333 5
1701382958994 0.33349999999999996 6
1701382984825 0.3380881955014375 7
1701383010276 0.3603503297818366 8
1701383035972 0.39781802807373584 9
1701383061606 0.40554566210045656 10
1701383106354 0.40030999492643327 11
1701383132082 0.39882200236766446 12
1701383157672 0.3936085743277524 13
1701383183410 0.39210848976830714 14
1701383209129 0.3941428209030948 15
1701383253524 0.3893633519364113 16
1701383279210 0.3896255707762557 17
1701383304731 0.3873828851682733 18
1701383330233 0.3877628107559614 19
1701383356117 0.3826377473363774 20
1701383400867 0.3855323862675461 21
1701383426640 0.38248334178927784 22
1701383452560 0.3817431084052088 23
1701383478076 0.3859710806697108 24
1701383503880 0.382581346186369 25
1701383547912 0.3824293928631828 26
1701383574092 0.3841401995602909 27
1701383599846 0.38465000845594455 28
1701383625335 0.3861892440385591 29
1701383650871 0.38737552849653306 30
1701383696149 0.39103492305090476 31
1701383721760 0.393873160832065 32
1701383747310 0.38876526297987485 33
1701383772810 0.39051285303568406 34
1701383798641 0.3925815153052596 35
1701383842699 0.39359622864874005 36
1701383868563 0.3973462709284627 37
1701383894287 0.3942530864197531 38
1701383920032 0.39585853204802973 39
1701383945872 0.3997801454422459 40
1701383989924 0.39600803314730254 41
1701384015662 0.4003144765770337 42
1701384041588 0.3992850498900727 43
1701384067261 0.39996642990021986 44
1701384092895 0.39962819211905964 45
1701384137749 0.4000179266024015 46
1701384164229 0.4005007610350076 47
1701384190317 0.4001772365973279 48
1701384216131 0.40374835109081686 49
1701384241795 0.4029297311009639 50
1701384286517 0.3998095721292068 51
1701384312662 0.39900566548283445 52
1701384338922 0.40511601555893795 53
1701384365159 0.40549839337053944 54
1701384391433 0.4049640622357517 55
1701384439004 0.40479984779299844 56
1701384466039 0.4051920345002537 57
1701384492796 0.4065425334009809 58
1701384519487 0.40601065449010654 59
1701384545675 0.4049763233553188 60
1701384592477 0.404711652291561 61
1701384619170 0.40854498562489433 62
1701384645531 0.406223913411128 63
1701384671901 0.4073979367495349 64
1701384697918 0.40776069676982923 65
1701384742783 0.40705234229663456 66
1701384769816 0.4103170979198376 67
1701384796099 0.4098440723828851 68
1701384822314 0.4091283612379503 69
1701384848414 0.4067410789785219 70
1701384893165 0.40826560121765604 71
1701384919564 0.4106774057162185 72
1701384945658 0.4098538812785388 73
1701384971867 0.409993573482158 74
1701384997863 0.4123685946220193 75
1701385042160 0.4130916624386944 76
1701385068342 0.41019211905969893 77
1701385094335 0.4127999323524438 78
1701385120468 0.41338085574158634 79
1701385146314 0.41460147133434805 80
1701385191101 0.4129666835785557 81
1701385218437 0.41198630136986303 82
1701385244461 0.4136701336039235 83
1701385270188 0.4112387113140538 84
1701385295951 0.4117167258582784 85
1701385340928 0.41180982580754266 86
1701385367045 0.41584906139015726 87
1701385393614 0.41353779807204466 88
1701385419663 0.41585396583798406 89
1701385445497 0.4172314392017588 90
1701385490524 0.41524860476915265 91
1701385516573 0.41655005919161175 92
1701385542851 0.41691527143581936 93
1701385568824 0.4182437003213259 94
1701385594409 0.41998638592930826 95
1701385635884 0.42087857263656353 96
1701385662633 0.4190525959749704 97
1701385693030 0.4162119059698968 98
1701385721709 0.41817512261119566 99
1701385748852 0.42135895484525615 100
1701385792406 0.42088347708439033 101
1701385820922 0.4222707593438187 102
1701385848888 0.4231212582445459 103
1701385877647 0.4213712159648233 104
1701385905323 0.42261880602063256 105
1701385943965 0.4250771182141045 106
1701385967421 0.42412371046845926 107
1701385990198 0.4250134449518011 108
1701386014234 0.42657229832572297 109
1701386036598 0.425886013867749 110
1701386071439 0.42688601386774905 111
1701386093301 0.42517520717064095 112
1701386117244 0.4277340605445628 113
1701386140334 0.4273663960764417 114
1701386164388 0.42810662946051076 115
1701386205559 0.4285526805344157 116
1701386232923 0.4305575849822425 117
1701386259054 0.42740072721122946 118
1701386282881 0.4328051750380517 119
1701386308075 0.4309522239134111 120
1701386349726 0.43112869947573146 121
1701386372951 0.43283460172501265 122
1701386397329 0.4339865550481989 123
1701386422625 0.4331434128192119 124
1701386446888 0.43234195839675293 125
1701386481826 0.43333460172501265 126
1701386505723 0.4360625739895146 127
1701386527934 0.4353640284119736 128
1701386549801 0.43486648063588706 129
1701386573990 0.4369547606967698 130
1701386610522 0.43805284965330626 131
1701386632671 0.4365699306612549 132
1701386657157 0.43770717064096054 133
1701386678106 0.4381140706916962 134
1701386698672 0.43982242516489095 135
1701386731960 0.4381116184677829 136
1701386752964 0.44045476069676986 137
1701386774561 0.43951116184677824 138
1701386796030 0.44154549298156603 139
1701386819284 0.44408963301200743 140
1701386853854 0.44323177743953995 141
1701386873623 0.442846947404025 142
1701386893333 0.4438690174192457 143
1701386912979 0.44334939962793846 144
1701386934481 0.4453665651953323 145
1701386968339 0.44715829528158296 146
1701386989139 0.44458718078809406 147
1701387009846 0.4454229663453408 148
1701387030938 0.44544258413664806 149
1701387051736 0.4503298663960764 150
1701387085247 0.4484205141214274 151
1701387105759 0.44763132081853546 152
1701387126190 0.4496730086250634 153
1701387146444 0.4479450363605615 154
1701387167032 0.44948672416708946 155
1701387201423 0.4490847285641806 156
1701387221985 0.45256029088449184 157
1701387242968 0.4521754608489768 158
1701387264326 0.45090343311347875 159
1701387285311 0.4546656519533232 160
1701387321009 0.4513985286656519 161
1701387341978 0.4524500253678336 162
1701387363078 0.4549549298156604 163
1701387384565 0.45561914425841366 164
1701387406551 0.4564156942330458 165
