1701381191356 0.27899141482932804 0
1701381219001 0.31192729198323893 1
1701381233575 0.35757256746484395 2
1701381247540 0.39617132561846846 3
1701381261423 0.606840801973182 4
1701381275654 0.6229964747226355 5
1701381302516 0.676344097035393 6
1701381316536 0.7039560002179454 7
1701381330542 0.7355054236228996 8
1701381345440 0.7700073812591653 9
1701381359362 0.7937193556430323 10
1701381382525 0.792823327605065 11
1701381396061 0.7798056249955626 12
1701381409693 0.844179644067128 13
1701381423433 0.8272706475786006 14
1701381437199 0.844099711052476 15
1701381460254 0.8706307217053287 16
1701381474153 0.7763884815569578 17
1701381488026 0.8943984958377394 18
1701381501878 0.9021003387698481 19
1701381515709 0.8655770489786153 20
1701381538859 0.8942796550764172 21
1701381555057 0.9168766989083558 22
1701381568980 0.6940205621017342 23
1701381583039 0.8603765729676763 24
1701381596904 0.858199086251845 25
1701381620032 0.9065887194186053 26
1701381633963 0.9127940868014622 27
1701381647843 0.8677386496311189 28
1701381661714 0.9420595439169315 29
1701381675550 0.9170224082321271 30
1701381698622 0.9032372741248665 31
1701381712250 0.9381685176209187 32
1701381726112 0.9538447237702279 33
1701381740346 0.9391386943244048 34
1701381754323 0.9608067622124538 35
1701381777702 0.9555562689929583 36
1701381791660 0.9561029867467649 37
1701381805597 0.9568430252417777 38
1701381819580 0.9612195999702117 39
1701381833438 0.9779408546345328 40
1701381856737 0.9754160316114667 41
1701381870766 0.939750259056657 42
1701381884810 0.9737903595887266 43
1701381898792 0.9742670077151206 44
1701381913210 0.9856336201634245 45
1701381936445 0.9730551407924892 46
1701381950293 0.951393498238482 47
1701381964185 0.9738827234264504 48
1701381978137 0.977919199031193 49
1701381992163 0.9850770545424714 50
1701382016472 0.9710684399822523 51
1701382030278 0.9695803392880826 52
1701382044068 0.9331732700104528 53
1701382057960 0.9834416108097438 54
1701382071950 0.9893992776840249 55
