1701381191356 0.3426067985794013 0
1701381219001 0.377363859293083 1
1701381233575 0.4305602908844917 2
1701381247540 0.4691437510569931 3
1701381261423 0.5022784958291828 4
1701381275654 0.5559851357446571 5
1701381302516 0.621995621678977 6
1701381316536 0.6596482950244321 7
1701381330542 0.7010846090922896 8
1701381345440 0.7425569195810581 9
1701381359362 0.7651796759637008 10
1701381382525 0.7672176641771841 11
1701381396061 0.7523602265217088 12
1701381409693 0.8286363825600697 13
1701381423433 0.8137109546995999 14
1701381437199 0.8365829239098259 15
1701381460254 0.861689186789656 16
1701381474153 0.7422499008467769 17
1701381488026 0.8858096180221798 18
1701381501878 0.8973083281386992 19
1701381515709 0.8555679378363256 20
1701381538859 0.8883961785512575 21
1701381555057 0.9202135507027256 22
1701381568980 0.6723376300981321 23
1701381583039 0.8475903651410116 24
1701381596904 0.8418481942100523 25
1701381620032 0.9028103927593841 26
1701381633963 0.9090882995818202 27
1701381647843 0.8597210657005304 28
1701381661714 0.9427018766190413 29
1701381675550 0.9129717370612317 30
1701381698622 0.8954602814618854 31
1701381712250 0.935498081504794 32
1701381726112 0.9570631590545334 33
1701381740346 0.9386009175215992 34
1701381754323 0.9629602502096155 35
1701381777702 0.9570359968901645 36
1701381791660 0.9574248716076036 37
1701381805597 0.9597771203538995 38
1701381819580 0.9634488488559511 39
1701381833438 0.978793668102394 40
1701381856737 0.9773814760006029 41
1701381870766 0.9427516234756541 42
1701381884810 0.9766066812660754 43
1701381898792 0.9759640343621055 44
1701381913210 0.987539853401514 45
1701381936445 0.9739996128660247 46
1701381950293 0.9502233410159485 47
1701381964185 0.9754284558581864 48
1701381978137 0.9803003223957897 49
1701381992163 0.9883097436882146 50
1701382016472 0.9709955984978639 51
1701382030278 0.972793510714836 52
1701382044068 0.9365399570126435 53
1701382057960 0.9860575639596946 54
1701382071950 0.9922750249501981 55
