1701381191489 1.0479830836320851 0
1701381219164 1.0360334445903827 1
1701381233706 0.9596123107067951 2
1701381247665 0.8875601508400657 3
1701381261570 0.8459797091298289 4
1701381275785 0.8045991953317221 5
1701381302673 0.7269970147640674 6
1701381316670 0.7022703471895936 7
1701381330684 0.6304229153441144 8
1701381345577 0.5794815161785523 9
1701381359496 0.5515097441611352 10
1701381382649 0.5605733607496534 11
1701381396194 0.58027251509877 12
1701381409825 0.4342193055849571 13
1701381423570 0.45286630655263926 14
1701381437333 0.44631015015886977 15
1701381460390 0.3852642128219852 16
1701381474288 0.6077656753651508 17
1701381488158 0.3291780152297639 18
1701381502010 0.3069358677059025 19
1701381515841 0.3922553068244612 20
1701381541129 0.30438372679054737 21
1701381555200 0.2802677476754436 22
1701381569112 0.7341838424856012 23
1701381583175 0.3972390441151408 24
1701381597044 0.4106258885426955 25
1701381620171 0.274192742713086 26
1701381634085 0.2600959075929283 27
1701381647978 0.3787691601394833 28
1701381661845 0.17730925986906151 29
1701381675675 0.25488905971506975 30
1701381698751 0.31208635876318075 31
1701381712383 0.19768757673052997 32
1701381726241 0.14770871405671168 33
1701381740479 0.181394391342417 34
1701381754454 0.12963838355204502 35
1701381777833 0.14171571303884706 36
1701381791792 0.14036050646916612 37
1701381805728 0.1286625840108503 38
1701381819700 0.11483355952644503 39
1701381833571 0.07937376424912121 40
1701381856868 0.07885729655768577 41
1701381870898 0.18144504513664098 42
1701381884945 0.07977544131700869 43
1701381898941 0.07486405166761055 44
1701381913345 0.049036964483849414 45
1701381936576 0.08527614969107045 46
1701381950424 0.15586483075174612 47
1701381964315 0.08549461831858793 48
1701381978272 0.06396029064093124 49
1701381992294 0.044344591339687246 50
1701382016602 0.0977795935272203 51
1701382030409 0.08805426135477791 52
1701382044201 0.20493004221299832 53
1701382058090 0.05223185416649689 54
1701382072073 0.032742405261892774 55
