1701381191356 0.41851395730706076 0
1701381219001 0.4620279146141215 1
1701381233575 0.5266830870279147 2
1701381247540 0.5738916256157636 3
1701381261423 0.6009852216748769 4
1701381275654 0.624384236453202 5
1701381302516 0.6711822660098522 6
1701381316536 0.6968390804597702 7
1701381330542 0.7298850574712644 8
1701381345440 0.7619047619047619 9
1701381359362 0.7811986863711001 10
1701381382525 0.7814039408866995 11
1701381396061 0.7598522167487685 12
1701381409693 0.833743842364532 13
1701381423433 0.8175287356321839 14
1701381437199 0.8314860426929392 15
1701381460254 0.8591954022988506 16
1701381474153 0.7647783251231527 17
1701381488026 0.8846469622331691 18
1701381501878 0.8920361247947455 19
1701381515709 0.8497536945812808 20
1701381538859 0.8848522167487685 21
1701381555057 0.9125615763546798 22
1701381568980 0.6568144499178982 23
1701381583039 0.8448275862068966 24
1701381596904 0.8429802955665024 25
1701381620032 0.8979885057471264 26
1701381633963 0.9029146141215106 27
1701381647843 0.8567323481116584 28
1701381661714 0.9365763546798029 29
1701381675550 0.9137931034482759 30
1701381698622 0.8897783251231527 31
1701381712250 0.9314449917898193 32
1701381726112 0.9513546798029556 33
1701381740346 0.9349343185550082 34
1701381754323 0.9585385878489326 35
1701381777702 0.9552545155993432 36
1701381791660 0.9542282430213465 37
1701381805597 0.9558702791461412 38
1701381819580 0.9605911330049262 39
1701381833438 0.9778325123152709 40
1701381856737 0.9753694581280788 41
1701381870766 0.937807881773399 42
1701381884810 0.9739326765188834 43
1701381898792 0.9766009852216748 44
1701381913210 0.9860426929392446 45
1701381936445 0.9763957307060755 46
1701381950293 0.9529967159277504 47
1701381964185 0.9737274220032841 48
1701381978137 0.978448275862069 49
1701381992163 0.9874794745484401 50
1701382016472 0.9700328407224958 51
1701382030278 0.9702380952380952 52
1701382044068 0.9287766830870279 53
1701382057960 0.9852216748768473 54
1701382071950 0.9915845648604269 55
