1701381191356 0.3065160520729674 0
1701381219001 0.3363488464191282 1
1701381233575 0.38776906558405494 2
1701381247540 0.4241754575087908 3
1701381261423 0.4774274447955201 4
1701381275654 0.5633910844324338 5
1701381302516 0.6357662766878228 6
1701381316536 0.6721948259006298 7
1701381330542 0.7120340580653429 8
1701381345440 0.7507817699603838 9
1701381359362 0.7736126267112183 10
1701381382525 0.7753624734333004 11
1701381396061 0.7613005343069515 12
1701381409693 0.8336353086247029 13
1701381423433 0.8169598940470081 14
1701381437199 0.8363326489874613 15
1701381460254 0.8628693682346315 16
1701381474153 0.7524610772524252 17
1701381488026 0.8878549738044934 18
1701381501878 0.8978445932234481 19
1701381515709 0.856948250128977 20
1701381538859 0.8893364462510825 21
1701381555057 0.9174252889787501 22
1701381568980 0.6818897654510825 23
1701381583039 0.851495945508733 24
1701381596904 0.8474904659024332 25
1701381620032 0.9031093666061015 26
1701381633963 0.9097326912662503 27
1701381647843 0.8612648661400675 28
1701381661714 0.9416039417698511 29
1701381675550 0.914089930754399 30
1701381698622 0.8974046512907033 31
1701381712250 0.9361630213907555 32
1701381726112 0.9550411218288922 33
1701381740346 0.9385346270616924 34
1701381754323 0.9616254765526167 35
1701381777702 0.9560313967665298 36
1701381791660 0.9565861073576941 37
1701381805597 0.9581288700546674 38
1701381819580 0.9622026467846282 39
1701381833438 0.9783258143232638 40
1701381856737 0.9763267772132225 41
1701381870766 0.9409253127837941 42
1701381884810 0.9751324058586355 43
1701381898792 0.9750409557082594 44
1701381913210 0.9865570192934744 45
1701381936445 0.9734806780041744 46
1701381950293 0.9507177212516055 47
1701381964185 0.9745785118312154 48
1701381978137 0.9790383241313995 49
1701381992163 0.9866454697655297 50
1701382016472 0.9709542210866055 51
1701382030278 0.9711324047517906 52
1701382044068 0.9343408258541759 53
1701382057960 0.9846993734404075 54
1701382071950 0.9907992138471612 55
