1701378783016 0.13683634373289547 0
1701378832762 0.33950913242009134 1
1701378863253 0.31651157420811343 2
1701378893704 0.31422253629676294 3
1701378924817 0.33700071193045567 4
1701378955360 0.36939144817040465 5
1701379009559 0.3432331290061219 6
1701379041802 0.3613086873491154 7
1701379073326 0.36344403037206635 8
1701379104648 0.361925601750547 9
1701379135790 0.7019372918616421 10
1701379186851 0.723721123990745 11
1701379217279 0.5207956917238233 12
1701379247436 0.5475185419174632 13
1701379277728 0.5925877936430594 14
1701379308127 0.5774832443774036 15
1701379357935 0.6142389426902761 16
1701379387827 0.6241443877734719 17
1701379418531 0.6060984468774847 18
1701379449382 0.6538186930973566 19
1701379480147 0.652790065006808 20
1701379530370 0.6437950601524579 21
1701379561028 0.665576783733206 22
1701379591414 0.6915641194416907 23
1701379622169 0.6637997981967655 24
1701379653050 0.7148811021575024 25
1701379699146 0.6946981342990878 26
1701379729612 0.7098412083542985 27
1701379759778 0.7198169148063452 28
1701379790322 0.7227526648613178 29
1701379820698 0.7147680822614898 30
1701379866683 0.7062329926608649 31
1701379897037 0.7622464062965394 32
1701379927183 0.7591148361689394 33
1701379957742 0.7306211155769403 34
1701379988256 0.7628693111113343 35
1701380033912 0.7774969263182979 36
1701380064319 0.7162797153648258 37
1701380094597 0.8125125603282802 38
1701380124886 0.7805238448562438 39
1701380155512 0.8148927517075403 40
1701380201390 0.7690328575313686 41
1701380231545 0.8004331408952462 42
1701380261737 0.820272618335356 43
1701380292185 0.8168356930244492 44
1701380322457 0.8203430868510105 45
1701380368234 0.8268753720353678 46
1701380398212 0.8224892122558648 47
1701380428309 0.813616264163559 48
1701380458368 0.8560852510207644 49
1701380488382 0.8424561667248393 50
1701380533918 0.8258020698066689 51
1701380563989 0.8413025232736047 52
1701380594268 0.8486782322601193 53
1701380624275 0.817749420772384 54
1701380654277 0.8698228158082312 55
1701380700293 0.8947272709092907 56
1701380730666 0.8680629496528023 57
1701380761833 0.852463050402669 58
1701380792491 0.8492202584738887 59
1701380824235 0.8936613237211443 60
1701380870201 0.8148389699297787 61
1701380900961 0.9158811199829241 62
1701380931839 0.8310552462144871 63
1701380962199 0.8670019403534345 64
1701380992980 0.9069152101239059 65
1701381039064 0.9085771496878344 66
1701381069289 0.7983745502813945 67
1701381099462 0.8771246528045317 68
1701381129685 0.885098368908873 69
1701381159847 0.8636858234713604 70
