1701378783016 0.41050903119868637 0
1701378832762 0.4213875205254516 1
1701378863253 0.46551724137931033 2
1701378893704 0.45320197044334976 3
1701378924817 0.4827586206896552 4
1701378955360 0.5008210180623974 5
1701379009559 0.5084154351395731 6
1701379041802 0.5188834154351396 7
1701379073326 0.5287356321839081 8
1701379104648 0.5357142857142857 9
1701379135790 0.5447454844006568 10
1701379186851 0.5658866995073891 11
1701379217279 0.5726600985221675 12
1701379247436 0.5833333333333334 13
1701379277728 0.5812807881773399 14
1701379308127 0.5931855500821018 15
1701379357935 0.6050903119868637 16
1701379387827 0.6091954022988506 17
1701379418531 0.6096059113300493 18
1701379449382 0.6362889983579638 19
1701379480147 0.645320197044335 20
1701379530370 0.6426518883415435 21
1701379561028 0.6527093596059114 22
1701379591414 0.6816502463054187 23
1701379622169 0.6615353037766831 24
1701379653050 0.7011494252873564 25
1701379699146 0.6906814449917899 26
1701379729612 0.7075123152709359 27
1701379759778 0.7196223316912972 28
1701379790322 0.7229064039408867 29
1701379820698 0.7126436781609196 30
1701379866683 0.7128489326765188 31
1701379897037 0.7629310344827587 32
1701379927183 0.7604679802955665 33
1701379957742 0.7319376026272578 34
1701379988256 0.7688834154351396 35
1701380033912 0.7764778325123153 36
1701380064319 0.7126436781609196 37
1701380094597 0.8109605911330049 38
1701380124886 0.7805829228243021 39
1701380155512 0.8123973727422004 40
1701380201390 0.7686781609195402 41
1701380231545 0.8039819376026273 42
1701380261737 0.8204022988505747 43
1701380292185 0.8150656814449918 44
1701380322457 0.8146551724137931 45
1701380368234 0.8282019704433498 46
1701380398212 0.8277914614121511 47
1701380428309 0.8214285714285714 48
1701380458368 0.8559113300492611 49
1701380488382 0.8407224958949097 50
1701380533918 0.8306650246305419 51
1701380563989 0.8444170771756979 52
1701380594268 0.8511904761904762 53
1701380624275 0.8212233169129721 54
1701380654277 0.8688423645320197 55
1701380700293 0.8938834154351396 56
1701380730666 0.8647372742200329 57
1701380761833 0.8573481116584565 58
1701380792491 0.8522167487684729 59
1701380824235 0.8990147783251231 60
1701380870201 0.8150656814449918 61
1701380900961 0.9172824302134647 62
1701380931839 0.8394909688013136 63
1701380962199 0.8702791461412152 64
1701380992980 0.9082512315270936 65
1701381039064 0.9074302134646962 66
1701381069289 0.8004926108374384 67
1701381099462 0.8774630541871922 68
1701381129685 0.8840311986863711 69
1701381159847 0.8708949096880131 70
