1701378783016 0.3333333333333333 0
1701378832762 0.34246338576018936 1
1701378863253 0.3803345171655674 2
1701378893704 0.36981955014375106 3
1701378924817 0.3941358870285811 4
1701378955360 0.40850828682563844 5
1701379009559 0.41572695755115846 6
1701379041802 0.4238762895315407 7
1701379073326 0.4321533908337561 8
1701379104648 0.43813394216133944 9
1701379135790 0.4457245170585777 10
1701379186851 0.46280045144044807 11
1701379217279 0.4692730165460592 12
1701379247436 0.4853366893391093 13
1701379277728 0.48715518225516763 14
1701379308127 0.4977527262209173 15
1701379357935 0.5240526058292898 16
1701379387827 0.528737873133803 17
1701379418531 0.5323263408960073 18
1701379449382 0.5740652717267565 19
1701379480147 0.5862751761436125 20
1701379530370 0.5926149213540849 21
1701379561028 0.6033778000579245 22
1701379591414 0.6379953792627205 23
1701379622169 0.6184924973904824 24
1701379653050 0.6651566991633965 25
1701379699146 0.6589027270749582 26
1701379729612 0.6840077303850712 27
1701379759778 0.6985560299706454 28
1701379790322 0.7058420261569299 29
1701379820698 0.7003180063942333 30
1701379866683 0.701584511863005 31
1701379897037 0.7499201395634406 32
1701379927183 0.7549912418563435 33
1701379957742 0.7246700972837178 34
1701379988256 0.7612858117697363 35
1701380033912 0.7713665352569716 36
1701380064319 0.713774314125294 37
1701380094597 0.809376918987922 38
1701380124886 0.7651794457480302 39
1701380155512 0.811560048843638 40
1701380201390 0.7588633082958541 41
1701380231545 0.7953801586188787 42
1701380261737 0.8223806909398261 43
1701380292185 0.817731262668666 44
1701380322457 0.8200309247312071 45
1701380368234 0.8214862215968015 46
1701380398212 0.8219660588147074 47
1701380428309 0.8143745938378032 48
1701380458368 0.8587336415952134 49
1701380488382 0.8439875291242064 50
1701380533918 0.832428645436521 51
1701380563989 0.8444305526696477 52
1701380594268 0.8542487425419226 53
1701380624275 0.817377233763038 54
1701380654277 0.8733191121427176 55
1701380700293 0.8974147063609913 56
1701380730666 0.870350676278476 57
1701380761833 0.8520013220742572 58
1701380792491 0.8488241441335922 59
1701380824235 0.8992620203456969 60
1701380870201 0.8213172053788442 61
1701380900961 0.9204685399446243 62
1701380931839 0.8311109702412693 63
1701380962199 0.8566158864204287 64
1701380992980 0.9098408365998055 65
1701381039064 0.9121769672459318 66
1701381069289 0.8030542846299084 67
1701381099462 0.8697603980431762 68
1701381129685 0.8894416808240387 69
1701381159847 0.8564790340439519 70
