1701378783016 0.19402405898331396 0
1701378832762 0.2302020198672937 1
1701378863253 0.3407631784833858 2
1701378893704 0.3249518753196992 3
1701378924817 0.35060609843353197 4
1701378955360 0.35725423959859315 5
1701379009559 0.37442310334608636 6
1701379041802 0.380773002051261 7
1701379073326 0.3896861324867344 8
1701379104648 0.39501696462096714 9
1701379135790 0.40252480155813636 10
1701379186851 0.41882608076205635 11
1701379217279 0.42690605526716596 12
1701379247436 0.4571566857932008 13
1701379277728 0.4651810657857927 14
1701379308127 0.47661664276064436 15
1701379357935 0.5219534048018503 16
1701379387827 0.5283030211668592 17
1701379418531 0.5339357449702278 18
1701379449382 0.5863055173094409 19
1701379480147 0.5986979096686836 20
1701379530370 0.6050900819337359 21
1701379561028 0.6178200111705859 22
1701379591414 0.6525308070943812 23
1701379622169 0.6306757482846841 24
1701379653050 0.6791261090561483 25
1701379699146 0.6699760507887755 26
1701379729612 0.6924018659192482 27
1701379759778 0.7054759404238807 28
1701379790322 0.7106730273818664 29
1701379820698 0.7052068801882264 30
1701379866683 0.7024155157274005 31
1701379897037 0.7535191892264154 32
1701379927183 0.7552616116486203 33
1701379957742 0.7266682599132714 34
1701379988256 0.7605630509772171 35
1701380033912 0.7732317244707044 36
1701380064319 0.7132880042126808 37
1701380094597 0.8090842590306799 38
1701380124886 0.770346350111283 39
1701380155512 0.811445928929294 40
1701380201390 0.7621490140235171 41
1701380231545 0.7955366426396164 42
1701380261737 0.8197023667879678 43
1701380292185 0.8147448787531282 44
1701380322457 0.8182159598532586 45
1701380368234 0.822559602123901 46
1701380398212 0.8207614339663064 47
1701380428309 0.8129683185276528 48
1701380458368 0.8565855348019354 49
1701380488382 0.8414200431931137 50
1701380533918 0.8280298898025634 51
1701380563989 0.8415159358355226 52
1701380594268 0.8504025706555196 53
1701380624275 0.815804057319811 54
1701380654277 0.8705650324950603 55
1701380700293 0.8950608038748987 56
1701380730666 0.8681461695704128 57
1701380761833 0.850964591136957 58
1701380792491 0.8481140062765076 59
1701380824235 0.8956161523537384 60
1701380870201 0.8173014542293499 61
1701380900961 0.9176527992875568 62
1701380931839 0.8301550787070121 63
1701380962199 0.8610415668439301 64
1701380992980 0.9078191049750322 65
1701381039064 0.9098017490610121 66
1701381069289 0.7998975199386692 67
1701381099462 0.8729123907592141 68
1701381129685 0.8870246723017775 69
1701381159847 0.8594461100604968 70
