1701378783166 1.0526088690146422 0
1701378832993 1.043747521363772 1
1701378863413 1.041077916438763 2
1701378893851 1.035468136652922 3
1701378924973 1.036519284431751 4
1701378955547 1.0282056866548 5
1701379009766 1.0109393581365929 6
1701379041950 0.9811713573260185 7
1701379073473 0.9612271724603115 8
1701379104853 0.947481476343595 9
1701379135935 0.9216102697910407 10
1701379187026 0.9022898444762597 11
1701379217416 0.8791122543506134 12
1701379247572 0.8565637209476569 13
1701379277876 0.8643390230643444 14
1701379308288 0.854942914767143 15
1701379358104 0.8385165593562982 16
1701379387984 0.8282680221093006 17
1701379418686 0.813961725968581 18
1701379449532 0.793241357192015 19
1701379480281 0.781961454794957 20
1701379530594 0.7685109361624106 21
1701379561164 0.7725375080719973 22
1701379591571 0.7228208505190336 23
1701379622314 0.7643966124607966 24
1701379653196 0.689111957183251 25
1701379699326 0.7066940099765093 26
1701379729759 0.6690763036410013 27
1701379759910 0.6336318200979477 28
1701379790469 0.6458746378238385 29
1701379820855 0.6764703194300333 30
1701379866837 0.651543955772351 31
1701379897173 0.5713677421594278 32
1701379927320 0.5881383189788232 33
1701379957886 0.654929940517132 34
1701379988445 0.5694189598927131 35
1701380034056 0.5628497761029464 36
1701380064450 0.6959258959843562 37
1701380094738 0.49392106670599717 38
1701380125062 0.6009218027958503 39
1701380155680 0.47240154215922725 40
1701380201573 0.6042296244547918 41
1701380231682 0.5002627999354632 42
1701380261879 0.4534625502733084 43
1701380292335 0.4463063088747171 44
1701380322592 0.47267598677904177 45
1701380368399 0.4740785612509801 46
1701380398356 0.4459907210026032 47
1701380428450 0.46166668297388613 48
1701380458515 0.37480157957627225 49
1701380488530 0.44346809998536724 50
1701380534056 0.4910105457290625 51
1701380564169 0.3899669343462357 52
1701380594426 0.378957158097854 53
1701380624452 0.46307833874836946 54
1701380654414 0.334012230237325 55
1701380700424 0.2880382747986378 56
1701380730804 0.35632983499612564 57
1701380761986 0.41408538732391137 58
1701380792648 0.4032988135631268 59
1701380824377 0.28141689950074905 60
1701380870383 0.545782669996604 61
1701380901098 0.2404235601425171 62
1701380931983 0.49457921851903963 63
1701380962335 0.4112191635828752 64
1701380993123 0.25437906427452195 65
1701381039216 0.26579384639477116 66
1701381069427 0.5916117972288376 67
1701381099616 0.3716552184942441 68
1701381129839 0.38764771628074157 69
1701381159985 0.3941483547290166 70
