1701372372308 0.44704433497536944 0
1701372390671 0.46941707717569786 1
1701372396661 0.5032840722495895 2
1701372402431 0.5264778325123153 3
1701372408158 0.5334564860426929 4
1701372414077 0.5589080459770115 5
1701372429230 0.5671182266009852 6
1701372435114 0.5796387520525451 7
1701372440879 0.5847701149425287 8
1701372447169 0.5946223316912972 9
1701372452839 0.6057060755336617 10
1701372466725 0.6100164203612479 11
1701372472543 0.6126847290640394 12
1701372478269 0.6252052545155994 13
1701372483990 0.6360837438423645 14
1701372489591 0.6391625615763546 15
1701372503486 0.6434729064039408 16
1701372509511 0.6463464696223317 17
1701372515391 0.6535303776683087 18
1701372521226 0.6611247947454844 19
1701372527103 0.6656403940886699 20
1701372545406 0.6742610837438424 21
1701372551323 0.6767241379310345 22
1701372557102 0.6818555008210181 23
1701372562787 0.6869868637110016 24
1701372568447 0.6785714285714286 25
1701372586964 0.6886288998357963 26
1701372592897 0.6935550082101807 27
1701372598661 0.6995073891625616 28
1701372604443 0.6999178981937603 29
1701372610196 0.7042282430213465 30
1701372624044 0.7019704433497537 31
1701372630856 0.7011494252873564 32
1701372636583 0.7089490968801314 33
1701372642244 0.7025862068965517 34
1701372647847 0.7064860426929392 35
1701372661684 0.7079228243021346 36
1701372667498 0.7097701149425287 37
1701372673868 0.7089490968801314 38
1701372679645 0.708743842364532 39
1701372685253 0.7140804597701149 40
1701372699192 0.7167487684729064 41
1701372705103 0.7118226600985221 42
1701372710889 0.7208538587848933 43
1701372716601 0.7118226600985221 44
1701372722325 0.7208538587848933 45
1701372736168 0.7118226600985221 46
1701372741967 0.7185960591133005 47
1701372747709 0.7157224958949097 48
1701372753354 0.7089490968801314 49
1701372758956 0.7075123152709359 50
1701372772686 0.7188013136288999 51
1701372778508 0.7185960591133005 52
1701372784246 0.7177750410509032 53
1701372789927 0.7188013136288999 54
1701372795546 0.7194170771756979 55
1701372810283 0.7214696223316913 56
1701372816113 0.7130541871921182 57
1701372821875 0.7163382594417077 58
1701372827582 0.7157224958949097 59
1701372833239 0.7167487684729064 60
1701372847161 0.7175697865353038 61
1701372852967 0.7214696223316913 62
1701372858702 0.7149014778325123 63
1701372864374 0.7231116584564861 64
1701372870058 0.7169540229885057 65
1701372883993 0.715927750410509 66
1701372889928 0.7247536945812808 67
1701372895691 0.7155172413793104 68
1701372901399 0.7140804597701149 69
1701372907036 0.7220853858784894 70
1701372921017 0.7185960591133005 71
1701372927651 0.7202380952380952 72
1701372933515 0.714696223316913 73
1701372939201 0.7169540229885057 74
1701372944852 0.7231116584564861 75
