1701372372308 0.32799641489448383 0
1701372390671 0.328552495268654 1
1701372396661 0.3681831727826424 2
1701372402431 0.38762710394683997 3
1701372408158 0.3932613202995506 4
1701372414077 0.41206202919184404 5
1701372429230 0.4186866902670226 6
1701372435114 0.4282286181144184 7
1701372440879 0.43219897892795095 8
1701372447169 0.4402071458446435 9
1701372452839 0.4514072473618389 10
1701372466725 0.4566470661882181 11
1701372472543 0.48016987107349945 12
1701372478269 0.4899499645581882 13
1701372483990 0.5300115902194388 14
1701372489591 0.5374420742653278 15
1701372503486 0.5593748035843915 16
1701372509511 0.5744886356765688 17
1701372515391 0.5851129584250797 18
1701372521226 0.5962745519778606 19
1701372527103 0.6148850319840022 20
1701372545406 0.6297450470113505 21
1701372551323 0.6317136330354697 22
1701372557102 0.6393115371082563 23
1701372562787 0.6484314913588074 24
1701372568447 0.6375092997309879 25
1701372586964 0.6561457589627611 26
1701372592897 0.657386572490743 27
1701372598661 0.6672788758701155 28
1701372604443 0.6668186314139936 29
1701372610196 0.6739537025589154 30
1701372624044 0.671003860462357 31
1701372630856 0.6721677912289449 32
1701372636583 0.6785774454625019 33
1701372642244 0.6759442506993293 34
1701372647847 0.6735957868183954 35
1701372661684 0.6781045226734562 36
1701372667498 0.6847641119558077 37
1701372673868 0.6808660077031693 38
1701372679645 0.6820887137582815 39
1701372685253 0.6891657543168507 40
1701372699192 0.6882782521727755 41
1701372705103 0.6847979961108157 42
1701372710889 0.6965162417167153 43
1701372716601 0.6863348590275961 44
1701372722325 0.6954790094904273 45
1701372736168 0.6874867723536887 46
1701372741967 0.6915857572393994 47
1701372747709 0.6874274053037457 48
1701372753354 0.6795779553620993 49
1701372758956 0.6818026959973243 50
1701372772686 0.6932200963358192 51
1701372778508 0.6930270952618848 52
1701372784246 0.6948617597756357 53
1701372789927 0.6960130604090552 54
1701372795546 0.6937091422379297 55
1701372810283 0.6942195578610866 56
1701372816113 0.6895934114039598 57
1701372821875 0.6900053554405217 58
1701372827582 0.6937393088243781 59
1701372833239 0.6895350627518736 60
1701372847161 0.6907791812049222 61
1701372852967 0.6993106781554376 62
1701372858702 0.6903449370681899 63
1701372864374 0.7015233492647335 64
1701372870058 0.6906109643089376 65
1701372883993 0.6879423792016232 66
1701372889928 0.7011683796167921 67
1701372895691 0.6929289515283177 68
1701372901399 0.6883490331260124 69
1701372907036 0.6967716036382089 70
1701372921017 0.6947298368813959 71
1701372927651 0.6943565639291139 72
1701372933515 0.6928475213015971 73
1701372939201 0.6904371195777549 74
1701372944852 0.6976771512091239 75
