1701372372424 1.0467288432183204 0
1701372390827 1.0385141930022797 1
1701372396777 1.0220751576609426 2
1701372402546 0.9911510719881429 3
1701372408272 0.9625913446599786 4
1701372414202 0.9352348833889156 5
1701372429346 0.9097389424002016 6
1701372435230 0.8858671095464137 7
1701372440994 0.8768520386188061 8
1701372447287 0.8629306113565123 9
1701372452957 0.843745815289485 10
1701372466839 0.830519126607226 11
1701372472659 0.8184511646047815 12
1701372478384 0.8038617209954695 13
1701372484107 0.7958170175552368 14
1701372489707 0.7800719761229181 15
1701372503601 0.7829663087795307 16
1701372509644 0.768409314867738 17
1701372515509 0.7558258992510957 18
1701372521353 0.7547981545522615 19
1701372527218 0.7407714221384618 20
1701372545553 0.7294146774651168 21
1701372551440 0.7234077987732825 22
1701372557218 0.7194909817212588 23
1701372562902 0.7125481669004862 24
1701372568563 0.7141350360659809 25
1701372587103 0.7087009193061234 26
1701372593013 0.7037394565421266 27
1701372598777 0.6957845347268241 28
1701372604559 0.6917983316755915 29
1701372610312 0.6872404867952521 30
1701372624160 0.6919942722692118 31
1701372630971 0.6837766689139527 32
1701372636699 0.6790782429955222 33
1701372642359 0.6774361106482419 34
1701372647963 0.6781980526911748 35
1701372661801 0.6717768125719839 36
1701372667613 0.6761371764269742 37
1701372673983 0.6716221996716091 38
1701372679760 0.6727250969255125 39
1701372685368 0.6701910023565416 40
1701372699311 0.6641506893294198 41
1701372705220 0.6636338264911206 42
1701372711004 0.6657401439431426 43
1701372716716 0.6738843855919776 44
1701372722440 0.6654623653981593 45
1701372736284 0.6669126853540346 46
1701372742083 0.6642094022267825 47
1701372747824 0.6681329282847318 48
1701372753469 0.6688240348518669 49
1701372759073 0.6703852507975194 50
1701372772803 0.6636437154435492 51
1701372778622 0.6650012507067098 52
1701372784362 0.6614059786517898 53
1701372790042 0.662476962262934 54
1701372795661 0.6637953256631827 55
1701372810399 0.6567333356126562 56
1701372816229 0.6615033068440177 57
1701372821990 0.6625701138725528 58
1701372827697 0.6518449009238899 59
1701372833354 0.6585192862269166 60
1701372847278 0.6638009397240429 61
1701372853083 0.6581262663587347 62
1701372858816 0.6618538429210712 63
1701372864489 0.661721442426954 64
1701372870173 0.6605699697098175 65
1701372884110 0.662523446919082 66
1701372890044 0.6617218844302288 67
1701372895806 0.6674147294713305 68
1701372901515 0.6643434166908264 69
1701372907151 0.6606509627459886 70
1701372921133 0.6578089614193161 71
1701372927770 0.6573003151200034 72
1701372933631 0.6630243101677338 73
1701372939316 0.6630833760484472 74
1701372944970 0.6597048922792658 75
