1701372372308 0.29955572619569987 0
1701372390671 0.3401182945139098 1
1701372396661 0.34637388406682296 2
1701372402431 0.3592086631777804 3
1701372408158 0.36253177140378035 4
1701372414077 0.37842954975055004 5
1701372429230 0.3869217164276315 6
1701372435114 0.3953885685010972 7
1701372440879 0.4000296276038105 8
1701372447169 0.7400943714306973 9
1701372452839 0.7499095942207973 10
1701372466725 0.6624143340764594 11
1701372472543 0.6169144279756611 12
1701372478269 0.6598883402918849 13
1701372483990 0.6458340165181035 14
1701372489591 0.6600949268012176 15
1701372503486 0.6620753777445808 16
1701372509511 0.6545861246750407 17
1701372515391 0.6669419539658499 18
1701372521226 0.6747577493406401 19
1701372527103 0.6766312917503856 20
1701372545406 0.6863171104257032 21
1701372551323 0.6852996428275159 22
1701372557102 0.693943122423768 23
1701372562787 0.6971103776086721 24
1701372568447 0.6804271361660778 25
1701372586964 0.6854781788760976 26
1701372592897 0.7026106999391998 27
1701372598661 0.6966636841515012 28
1701372604443 0.7041489342023514 29
1701372610196 0.70844335055131 30
1701372624044 0.707559432198539 31
1701372630856 0.7024301429425677 32
1701372636583 0.7147419694798698 33
1701372642244 0.7004431863297848 34
1701372647847 0.7064004866458701 35
1701372661684 0.7155642838335994 36
1701372667498 0.7135098265187919 37
1701372673868 0.714736268712421 38
1701372679645 0.7078961828905976 39
1701372685253 0.7179527967782963 40
1701372699192 0.7196822436306173 41
1701372705103 0.7119521701053987 42
1701372710889 0.7259917392798393 43
1701372716601 0.711054917275153 44
1701372722325 0.7223110506455637 45
1701372736168 0.7129538102439129 46
1701372741967 0.719251885311624 47
1701372747709 0.7181713561739448 48
1701372753354 0.7058505827086856 49
1701372758956 0.7085307262478254 50
1701372772686 0.7173247361140715 51
1701372778508 0.7215345392981853 52
1701372784246 0.7198355555339639 53
1701372789927 0.723486457006303 54
1701372795546 0.719267732821793 55
1701372810283 0.7209417870261695 56
1701372816113 0.7142810585791391 57
1701372821875 0.7175541689861656 58
1701372827582 0.7176876603130401 59
1701372833239 0.7171070232797283 60
1701372847161 0.7165599548928142 61
1701372852967 0.7212973838016424 62
1701372858702 0.7168182890506722 63
1701372864374 0.7243426562227567 64
1701372870058 0.7176831968853676 65
1701372883993 0.7163293029514538 66
1701372889928 0.7280252817540968 67
1701372895691 0.7170017101730028 68
1701372901399 0.7113867772321559 69
1701372907036 0.7223680725415503 70
1701372921017 0.7189303561016103 71
1701372927651 0.7208285067341657 72
1701372933515 0.7137884287623387 73
1701372939201 0.7139658509661485 74
1701372944852 0.7216248943953412 75
