1701372372308 0.365427701674277 0
1701372390671 0.38271647217994254 1
1701372396661 0.4111090816844241 2
1701372402431 0.4303372230678167 3
1701372408158 0.4361559276171148 4
1701372414077 0.45703838998816165 5
1701372429230 0.46370505665482836 6
1701372435114 0.4739918822932521 7
1701372440879 0.47816345340774563 8
1701372447169 0.48643295609121756 9
1701372452839 0.4962706488815911 10
1701372466725 0.5003927879145876 11
1701372472543 0.5096379135458976 12
1701372478269 0.5200986051351703 13
1701372483990 0.5417393746505236 14
1701372489591 0.5464682369946916 15
1701372503486 0.5593270550056845 16
1701372509511 0.5693585341127443 17
1701372515391 0.5780453210471556 18
1701372521226 0.5877170070348577 19
1701372527103 0.6023295972323816 20
1701372545406 0.6156439301240537 21
1701372551323 0.6180676809670672 22
1701372557102 0.624686120407019 23
1701372562787 0.6335358744150522 24
1701372568447 0.6244197298114559 25
1701372586964 0.6438337016033259 26
1701372592897 0.6425235707811359 27
1701372598661 0.6549228717438748 28
1701372604443 0.6526256619052472 29
1701372610196 0.6599710564562403 30
1701372624044 0.6566999613147577 31
1701372630856 0.659085136439152 32
1701372636583 0.6642158795130202 33
1701372642244 0.6639625672885775 34
1701372647847 0.6602491631805839 35
1701372661684 0.6633702850601199 36
1701372667498 0.6713977194852555 37
1701372673868 0.6666529389428248 38
1701372679645 0.6699471515667522 39
1701372685253 0.6759068260025644 40
1701372699192 0.6746592056329916 41
1701372705103 0.6722585722724229 42
1701372710889 0.6826878874272587 43
1701372716601 0.6742988553222616 44
1701372722325 0.6826829829794319 45
1701372736168 0.6752809873765231 46
1701372741967 0.6788093665962599 47
1701372747709 0.6740169038179012 48
1701372753354 0.6676865676992679 49
1701372758956 0.6693316668271513 50
1701372772686 0.6814106404688179 51
1701372778508 0.6798135686657422 52
1701372784246 0.682394679756206 53
1701372789927 0.6828042622465258 54
1701372795546 0.681496698521458 55
1701372810283 0.6815885207878275 56
1701372816113 0.6775031954272954 57
1701372821875 0.6771670647811693 58
1701372827582 0.6817101451438008 59
1701372833239 0.6767117498023975 60
1701372847161 0.6785785545046159 61
1701372852967 0.6878440003055778 62
1701372858702 0.6776144780974144 63
1701372864374 0.6897798548806003 64
1701372870058 0.6778826185385464 65
1701372883993 0.675200033673617 66
1701372889928 0.6882719957324227 67
1701372895691 0.6809336005637046 68
1701372901399 0.676950263654661 69
1701372907036 0.6844863446350177 70
1701372921017 0.682485799644231 71
1701372927651 0.6817739454798989 72
1701372933515 0.6818981794473435 73
1701372939201 0.678896629503682 74
1701372944852 0.6857605943787584 75
