1701305617048 0.2672184490159505 0
1701305667141 0.22072291495300997 1
1701305697459 0.194390363355054 2
1701305727879 0.20164690289401663 3
1701305758109 0.22682187821158842 4
1701305788912 0.256800215799037 5
1701305839025 0.2851278640639812 6
1701305869627 0.2666263871136332 7
1701305900232 0.26653461268889483 8
1701305930850 0.2624651642690456 9
1701305961348 0.26545474143422726 10
1701306011448 0.27628200838058486 11
1701306041872 0.2966128138218038 12
1701306071998 0.3065366627142911 13
1701306102228 0.3026171034749134 14
1701306132675 0.3067872644339511 15
1701306179034 0.30629188061387014 16
1701306209140 0.30731636496305165 17
1701306239005 0.3057530818507847 18
1701306269102 0.30831505562712014 19
1701306299453 0.31083106916202 20
1701306346081 0.3107129754901532 21
1701306376448 0.3117122763820952 22
1701306406751 0.3116997464710058 23
1701306437025 0.3116997464710058 24
1701306467261 0.3116997464710058 25
1701306513644 0.3116997464710058 26
1701306543869 0.3116997464710058 27
1701306574147 0.3116997464710058 28
1701306604638 0.3118306793734795 29
1701306634740 0.31194910996200426 30
1701306680870 0.31207980717795764 31
1701306711623 0.31207980717795764 32
1701306741955 0.31207980717795764 33
1701306772382 0.31207980717795764 34
1701306802531 0.31207980717795764 35
1701306849316 0.31207980717795764 36
1701306879389 0.31207980717795764 37
1701306909465 0.31207980717795764 38
1701306939606 0.31207980717795764 39
1701306970468 0.31207980717795764 40
1701307017200 0.31207980717795764 41
1701307047589 0.31207980717795764 42
1701307078036 0.31207980717795764 43
1701307108384 0.31207980717795764 44
1701307138669 0.31207980717795764 45
1701307184770 0.31207980717795764 46
1701307214778 0.31207980717795764 47
1701307244968 0.31207980717795764 48
1701307275061 0.31207980717795764 49
1701307305229 0.31207980717795764 50
1701307351209 0.31207980717795764 51
1701307381214 0.31207980717795764 52
1701307411487 0.31207980717795764 53
1701307441708 0.31207980717795764 54
1701307471957 0.31207980717795764 55
1701307518314 0.31207980717795764 56
1701307548580 0.31207980717795764 57
1701307579019 0.31207980717795764 58
1701307608983 0.31207980717795764 59
1701307639332 0.31207980717795764 60
