1701305617048 0.3320289193302892 0
1701305667141 0.34319617791307283 1
1701305697459 0.3335024522239134 2
1701305727879 0.33688483003551495 3
1701305758109 0.34773541349568743 4
1701305788912 0.3609806358870286 5
1701305839025 0.3732552849653306 6
1701305869627 0.3654022492812447 7
1701305900232 0.365566463723998 8
1701305930850 0.36369634703196346 9
1701305961348 0.36538753593776424 10
1701306011448 0.3693312193472011 11
1701306041872 0.3785470150515813 12
1701306071998 0.3833289362421783 13
1701306102228 0.3814490106544901 14
1701306132675 0.3833338406900051 15
1701306179034 0.3829956029088449 16
1701306209140 0.3836720784711652 17
1701306239005 0.38298579401319127 18
1701306269102 0.3843485540334855 19
1701306299453 0.385875528496533 20
1701306346081 0.38570886182986636 21
1701306376448 0.38638533739218667 22
1701306406751 0.38638533739218667 23
1701306437025 0.38638533739218667 24
1701306467261 0.38638533739218667 25
1701306513644 0.38638533739218667 26
1701306543869 0.38638533739218667 27
1701306574147 0.38638533739218667 28
1701306604638 0.3863877896161001 29
1701306634740 0.3865544562827668 30
1701306680870 0.3865569085066802 31
1701306711623 0.3865569085066802 32
1701306741955 0.3865569085066802 33
1701306772382 0.3865569085066802 34
1701306802531 0.3865569085066802 35
1701306849316 0.3865569085066802 36
1701306879389 0.3865569085066802 37
1701306909465 0.3865569085066802 38
1701306939606 0.3865569085066802 39
1701306970468 0.3865569085066802 40
1701307017200 0.3865569085066802 41
1701307047589 0.3865569085066802 42
1701307078036 0.3865569085066802 43
1701307108384 0.3865569085066802 44
1701307138669 0.3865569085066802 45
1701307184770 0.3865569085066802 46
1701307214778 0.3865569085066802 47
1701307244968 0.3865569085066802 48
1701307275061 0.3865569085066802 49
1701307305229 0.3865569085066802 50
1701307351209 0.3865569085066802 51
1701307381214 0.3865569085066802 52
1701307411487 0.3865569085066802 53
1701307441708 0.3865569085066802 54
1701307471957 0.3865569085066802 55
1701307518314 0.3865569085066802 56
1701307548580 0.3865569085066802 57
1701307579019 0.3865569085066802 58
1701307608983 0.3865569085066802 59
1701307639332 0.3865569085066802 60
