1701305617190 1.0699796768335195 0
1701305667347 1.0531993126257873 1
1701305697630 1.042290958074423 2
1701305728022 1.0424400995939205 3
1701305758244 1.0436412967168367 4
1701305789076 1.0430509860698993 5
1701305839229 1.04039912040417 6
1701305869767 1.037588854630788 7
1701305900366 1.04187195117657 8
1701305930988 1.0437704003774202 9
1701305961492 1.0417438913614323 10
1701306011620 1.0438098968603673 11
1701306042016 1.0390235353738835 12
1701306072180 1.0410342919520843 13
1701306102364 1.0411362861975646 14
1701306132827 1.0410731495955052 15
1701306179171 1.0407406382071667 16
1701306209279 1.0406210284966688 17
1701306239170 1.0409895609586666 18
1701306269247 1.0388802610910857 19
1701306299906 1.0407479879183648 20
1701306346222 1.0362096413587913 21
1701306376634 1.0408099859188764 22
1701306406888 1.0382516261858818 23
1701306437166 1.0406444806319017 24
1701306467395 1.0409803986549377 25
1701306513796 1.0407038422731252 26
1701306544004 1.038263663267478 27
1701306574285 1.0408927645438757 28
1701306604782 1.040905033930754 29
1701306634882 1.038434074475215 30
1701306681044 1.043009849695059 31
1701306711783 1.0430113550944207 32
1701306742097 1.040603368710249 33
1701306772515 1.0406797940914447 34
1701306802667 1.042674026428125 35
1701306849432 1.0386524490821056 36
1701306879521 1.0384207352613792 37
1701306909601 1.0405877645199115 38
1701306939750 1.0407362228784807 39
1701306970610 1.0361488522627416 40
1701307017366 1.0386309990516076 41
1701307047721 1.0405954886705449 42
1701307078174 1.038546513288449 43
1701307108558 1.0383141392316573 44
1701307138816 1.0409042850518837 45
1701307184906 1.0384157743209448 46
1701307214911 1.0383602655850923 47
1701307245103 1.038348798568432 48
1701307275198 1.0427611439655988 49
1701307305367 1.0384569366772969 50
1701307351347 1.036110275830978 51
1701307381347 1.0407587885856628 52
1701307411619 1.0430051118899615 53
1701307441845 1.03849847194476 54
1701307472096 1.0427886614432702 55
1701307518462 1.0406032785391197 56
1701307548711 1.0450688722806099 57
1701307579160 1.038378819441184 58
1701307609119 1.0388930378816066 59
1701307639840 1.0406693143722339 60
