1701305617048 0.4041461412151067 0
1701305667141 0.4224137931034483 1
1701305697459 0.4107142857142857 2
1701305727879 0.41481937602627256 3
1701305758109 0.42795566502463056 4
1701305788912 0.44396551724137934 5
1701305839025 0.45874384236453203 6
1701305869627 0.4493021346469622 7
1701305900232 0.44950738916256155 8
1701305930850 0.4472495894909688 9
1701305961348 0.4493021346469622 10
1701306011448 0.4540229885057471 11
1701306041872 0.4651067323481117 12
1701306071998 0.4708538587848933 13
1701306102228 0.4685960591133005 14
1701306132675 0.4708538587848933 15
1701306179034 0.47044334975369456 16
1701306209140 0.47126436781609193 17
1701306239005 0.47044334975369456 18
1701306269102 0.4720853858784893 19
1701306299453 0.47393267651888343 20
1701306346081 0.47372742200328405 21
1701306376448 0.4745484400656814 22
1701306406751 0.4745484400656814 23
1701306437025 0.4745484400656814 24
1701306467261 0.4745484400656814 25
1701306513644 0.4745484400656814 26
1701306543869 0.4745484400656814 27
1701306574147 0.4745484400656814 28
1701306604638 0.4745484400656814 29
1701306634740 0.4747536945812808 30
1701306680870 0.4747536945812808 31
1701306711623 0.4747536945812808 32
1701306741955 0.4747536945812808 33
1701306772382 0.4747536945812808 34
1701306802531 0.4747536945812808 35
1701306849316 0.4747536945812808 36
1701306879389 0.4747536945812808 37
1701306909465 0.4747536945812808 38
1701306939606 0.4747536945812808 39
1701306970468 0.4747536945812808 40
1701307017200 0.4747536945812808 41
1701307047589 0.4747536945812808 42
1701307078036 0.4747536945812808 43
1701307108384 0.4747536945812808 44
1701307138669 0.4747536945812808 45
1701307184770 0.4747536945812808 46
1701307214778 0.4747536945812808 47
1701307244968 0.4747536945812808 48
1701307275061 0.4747536945812808 49
1701307305229 0.4747536945812808 50
1701307351209 0.4747536945812808 51
1701307381214 0.4747536945812808 52
1701307411487 0.4747536945812808 53
1701307441708 0.4747536945812808 54
1701307471957 0.4747536945812808 55
1701307518314 0.4747536945812808 56
1701307548580 0.4747536945812808 57
1701307579019 0.4747536945812808 58
1701307608983 0.4747536945812808 59
1701307639332 0.4747536945812808 60
