1701305617048 0.27122504052863783 0
1701305667141 0.3704868188146835 1
1701305697459 0.47019776910969685 2
1701305727879 0.4707620421906136 3
1701305758109 0.43546506203936935 4
1701305788912 0.4241053064582476 5
1701305839025 0.4033896643793076 6
1701305869627 0.4172971875191365 7
1701305900232 0.42106557687213836 8
1701305930850 0.42193967958203177 9
1701305961348 0.4242392449177941 10
1701306011448 0.40920109300072166 11
1701306041872 0.39800077041602466 12
1701306071998 0.39460880344858246 13
1701306102228 0.3955393730878332 14
1701306132675 0.3931468356446457 15
1701306179034 0.393186101923966 16
1701306209140 0.3943611647278272 17
1701306239005 0.3948631703749525 18
1701306269102 0.39468956802994654 19
1701306299453 0.3953239262090511 20
1701306346081 0.3948420340245719 21
1701306376448 0.39556664624712834 22
1701306406751 0.3951658362558497 23
1701306437025 0.3951658362558497 24
1701306467261 0.3951658362558497 25
1701306513644 0.3951658362558497 26
1701306543869 0.3951658362558497 27
1701306574147 0.3951658362558497 28
1701306604638 0.3948699048210222 29
1701306634740 0.395346264498656 30
1701306680870 0.3950503352883696 31
1701306711623 0.3950503352883696 32
1701306741955 0.3950503352883696 33
1701306772382 0.3950503352883696 34
1701306802531 0.3950503352883696 35
1701306849316 0.3950503352883696 36
1701306879389 0.3950503352883696 37
1701306909465 0.3950503352883696 38
1701306939606 0.3950503352883696 39
1701306970468 0.3950503352883696 40
1701307017200 0.3950503352883696 41
1701307047589 0.3950503352883696 42
1701307078036 0.3950503352883696 43
1701307108384 0.3950503352883696 44
1701307138669 0.3950503352883696 45
1701307184770 0.3950503352883696 46
1701307214778 0.3950503352883696 47
1701307244968 0.3950503352883696 48
1701307275061 0.3950503352883696 49
1701307305229 0.3950503352883696 50
1701307351209 0.3950503352883696 51
1701307381214 0.3950503352883696 52
1701307411487 0.3950503352883696 53
1701307441708 0.3950503352883696 54
1701307471957 0.3950503352883696 55
1701307518314 0.3950503352883696 56
1701307548580 0.3950503352883696 57
1701307579019 0.3950503352883696 58
1701307608983 0.3950503352883696 59
1701307639332 0.3950503352883696 60
