1701338652143 0.3160476108460019 0
1701338696716 0.3203469118579882 1
1701338722278 0.3537572579844228 2
1701338747836 0.3805554116043231 3
1701338773966 0.3940977224559314 4
1701338800201 0.40754069949169924 5
1701338845371 0.4270781169628854 6
1701338871816 0.43555885038785364 7
1701338899030 0.4675211009892755 8
1701338926520 0.5559283154484602 9
1701338953122 0.6032552804096166 10
1701338994637 0.6432031447018823 11
1701339020974 0.6752501065601212 12
1701339048681 0.7006020287957643 13
1701339074787 0.7329239731686495 14
1701339100682 0.7655998947205683 15
1701339145455 0.778859031574278 16
1701339171614 0.796322827643369 17
1701339199534 0.7990653777990196 18
1701339226616 0.8319194269426893 19
1701339253481 0.8282340081900337 20
1701339294459 0.8552361947123436 21
1701339320424 0.8662586473619847 22
1701339346326 0.8881470581128091 23
1701339372298 0.8973436515358356 24
1701339398233 0.906345542058317 25
1701339438681 0.9222124498917416 26
1701339465202 0.9425472169281371 27
1701339491755 0.9525149957562843 28
1701339517610 0.9306878180631909 29
1701339543598 0.9560666786353474 30
1701339584089 0.952888300436669 31
1701339610071 0.9778018463476256 32
1701339635784 0.9755313900342578 33
1701339661553 0.9677048349043541 34
1701339687246 0.9886481013947117 35
1701339727378 0.9656712376733166 36
1701339752907 0.9953610936493583 37
1701339778596 0.9964645657891501 38
1701339804361 0.9979458138265209 39
1701339830238 0.9971055968193702 40
1701339870474 0.9957974764660524 41
1701339896055 0.996736357865212 42
1701339921470 0.992441899794669 43
1701339946635 0.9929405116901612 44
1701339971565 0.9548294410819927 45
1701340012270 0.995992202179871 46
1701340037837 0.9984841346283884 47
1701340062840 0.9964969560056023 48
1701340088003 0.9981126574696271 49
1701340113037 0.9983827654148302 50
1701340153348 0.9984839190147979 51
1701340178631 0.9971371073929368 52
1701340203525 0.997675978647468 53
1701340228611 0.9974095684112355 54
1701340253344 0.9981125712420931 55
1701340292209 0.9986527102080517 56
1701340316843 0.9982138103848653 57
1701340341669 0.9983817894974081 58
1701340369577 0.9991916261248309 59
1701340394787 0.9981126574696271 60
1701340435343 0.9981137942912723 61
1701340460418 0.9983827654148302 62
1701340485117 0.9978449844489216 63
1701340509873 0.9981126574696271 64
1701340534635 0.9981126574696271 65
