1701338652143 0.430623973727422 0
1701338696716 0.4558702791461412 1
1701338722278 0.48111658456486045 2
1701338747836 0.5184729064039408 3
1701338773966 0.534688013136289 4
1701338800201 0.5523399014778325 5
1701338845371 0.5779967159277504 6
1701338871816 0.5882594417077176 7
1701338899030 0.5987274220032841 8
1701338926520 0.6358784893267652 9
1701338953122 0.6514778325123153 10
1701338994637 0.6715927750410509 11
1701339020974 0.6945812807881774 12
1701339048681 0.715927750410509 13
1701339074787 0.7436371100164204 14
1701339100682 0.7736042692939245 15
1701339145455 0.7826354679802956 16
1701339171614 0.8013136288998358 17
1701339199534 0.8019293924466339 18
1701339226616 0.8321018062397373 19
1701339253481 0.8286124794745484 20
1701339294459 0.8577586206896551 21
1701339320424 0.8676108374384236 22
1701339346326 0.8879310344827587 23
1701339372298 0.8955254515599343 24
1701339398233 0.9039408866995073 25
1701339438681 0.9220032840722496 26
1701339465202 0.9419129720853858 27
1701339491755 0.9532019704433498 28
1701339517610 0.930008210180624 29
1701339543598 0.9564860426929392 30
1701339584089 0.952175697865353 31
1701339610071 0.979064039408867 32
1701339635784 0.9751642036124795 33
1701339661553 0.9663382594417077 34
1701339687246 0.9899425287356322 35
1701339727378 0.9704433497536946 36
1701339752907 0.9956896551724138 37
1701339778596 0.9969211822660099 38
1701339804361 0.9983579638752053 39
1701339830238 0.9973316912972086 40
1701339870474 0.9967159277504105 41
1701339896055 0.9971264367816092 42
1701339921470 0.9926108374384236 43
1701339946635 0.9938423645320197 44
1701339971565 0.9540229885057471 45
1701340012270 0.9967159277504105 46
1701340037837 0.9987684729064039 47
1701340062840 0.9973316912972086 48
1701340088003 0.9985632183908046 49
1701340113037 0.9987684729064039 50
1701340153348 0.9987684729064039 51
1701340178631 0.9977422003284072 52
1701340203525 0.9981527093596059 53
1701340228611 0.9979474548440066 54
1701340253344 0.9985632183908046 55
1701340292209 0.9989737274220033 56
1701340316843 0.9985632183908046 57
1701340341669 0.9987684729064039 58
1701340369577 0.999384236453202 59
1701340394787 0.9985632183908046 60
1701340435343 0.9985632183908046 61
1701340460418 0.9987684729064039 62
1701340485117 0.9983579638752053 63
1701340509873 0.9985632183908046 64
1701340534635 0.9985632183908046 65
