1701338652143 0.3523935396583798 0
1701338696716 0.37173854219516317 1
1701338722278 0.39355293421275156 2
1701338747836 0.42355766954168783 3
1701338773966 0.43706029088449183 4
1701338800201 0.45153340098088957 5
1701338845371 0.47248198883815323 6
1701338871816 0.4808545577541012 7
1701338899030 0.4973197539873861 8
1701338926520 0.5539708647193405 9
1701338953122 0.5898227009919826 10
1701338994637 0.6279402254818435 11
1701339020974 0.6633381940467523 12
1701339048681 0.6902753258354163 13
1701339074787 0.7242798725245246 14
1701339100682 0.7603063318412956 15
1701339145455 0.77517375389316 16
1701339171614 0.7928853778418214 17
1701339199534 0.7964298629611423 18
1701339226616 0.8316040735316172 19
1701339253481 0.8265443300780294 20
1701339294459 0.8542231425218011 21
1701339320424 0.8647386731168348 22
1701339346326 0.8861716453503661 23
1701339372298 0.8960834073345794 24
1701339398233 0.9047561833038548 25
1701339438681 0.9207848347843584 26
1701339465202 0.9417228688532745 27
1701339491755 0.9517762727885829 28
1701339517610 0.9316054768805465 29
1701339543598 0.9558929623829658 30
1701339584089 0.951768371126056 31
1701339610071 0.9765924825996182 32
1701339635784 0.9748096288150059 33
1701339661553 0.9675841087744174 34
1701339687246 0.9885414155457614 35
1701339727378 0.965541343186902 36
1701339752907 0.9950597859679372 37
1701339778596 0.996263078605747 38
1701339804361 0.9976428468058772 39
1701339830238 0.996804609024717 40
1701339870474 0.995697183335201 41
1701339896055 0.9966354901341371 42
1701339921470 0.9925450726244568 43
1701339946635 0.992741710968871 44
1701339971565 0.9550881959706908 45
1701340012270 0.9956898266634607 46
1701340037837 0.9983852176387437 47
1701340062840 0.9963955715251839 48
1701340088003 0.9980128061103537 49
1701340113037 0.9983827654148302 50
1701340153348 0.9983827654148302 51
1701340178631 0.9969346497202406 52
1701340203525 0.9974786323631241 53
1701340228611 0.9975103538864403 54
1701340253344 0.9978119656964574 55
1701340292209 0.9987527247193068 56
1701340316843 0.9980128061103537 57
1701340341669 0.9981819250009338 58
1701340369577 0.9992918029143634 59
1701340394787 0.9980128061103537 60
1701340435343 0.9982136465242503 61
1701340460418 0.9983827654148302 62
1701340485117 0.9980445276336701 63
1701340509873 0.9980128061103537 64
1701340534635 0.9980128061103537 65
