1701338652143 0.28710218973780827 0
1701338696716 0.32008461670700056 1
1701338722278 0.3214868894731201 2
1701338747836 0.36028151210883613 3
1701338773966 0.36608478292048274 4
1701338800201 0.37838475347800715 5
1701338845371 0.399117617148109 6
1701338871816 0.41027276030757825 7
1701338899030 0.6080529496523879 8
1701338926520 0.6751747467783424 9
1701338953122 0.6730942145390383 10
1701338994637 0.6857164580942671 11
1701339020974 0.7004187428692465 12
1701339048681 0.7212819882636087 13
1701339074787 0.7489720634616984 14
1701339100682 0.7757159914736542 15
1701339145455 0.7862067477245439 16
1701339171614 0.8030148989690936 17
1701339199534 0.8041224575264095 18
1701339226616 0.8342902595132792 19
1701339253481 0.831850294309326 20
1701339294459 0.8578058267660595 21
1701339320424 0.8690714375382008 22
1701339346326 0.8915174954123662 23
1701339372298 0.8991877707411797 24
1701339398233 0.9085989226829295 25
1701339438681 0.924059032936595 26
1701339465202 0.9435750761099553 27
1701339491755 0.9534376394531163 28
1701339517610 0.9298491397912536 29
1701339543598 0.9563799944027092 30
1701339584089 0.9541134288758116 31
1701339610071 0.9790942867921348 32
1701339635784 0.9763091656566916 33
1701339661553 0.9678670376657456 34
1701339687246 0.9887575377180317 35
1701339727378 0.9658186765856503 36
1701339752907 0.9956644524627466 37
1701339778596 0.9966670376968985 38
1701339804361 0.9982510017075431 39
1701339830238 0.9974086438012963 40
1701339870474 0.9958980149701913 41
1701339896055 0.9968374716751214 42
1701339921470 0.9923394733906027 43
1701339946635 0.9931402104134524 44
1701339971565 0.9546338508916873 45
1701340012270 0.9962971253367533 46
1701340037837 0.9985834694298962 47
1701340062840 0.9965987537561142 48
1701340088003 0.9982127563669145 49
1701340113037 0.9983827654148302 50
1701340153348 0.9985853192125398 51
1701340178631 0.9973408005227139 52
1701340203525 0.9978749947198716 53
1701340228611 0.9973090286458075 54
1701340253344 0.9984152362982561 55
1701340292209 0.9985529430744239 56
1701340316843 0.9984157194015264 57
1701340341669 0.9985826454691167 58
1701340369577 0.9990916969621934 59
1701340394787 0.9982127563669145 60
1701340435343 0.9980141891866543 61
1701340460418 0.9983827654148302 62
1701340485117 0.9976464284636299 63
1701340509873 0.9982127563669145 64
1701340534635 0.9982127563669145 65
