1701338652290 1.0515338992760852 0
1701338696894 1.0407311226807388 1
1701338722411 1.035212976480621 2
1701338747975 1.018967728988797 3
1701338774102 0.9807327802664314 4
1701338800338 0.9302898325951271 5
1701338845583 0.8845489667911156 6
1701338871956 0.8537640072941001 7
1701338899167 0.8368398418613509 8
1701338926653 0.7963631558262445 9
1701338953254 0.767807091762817 10
1701338994770 0.7262541125802433 11
1701339021120 0.69282854694167 12
1701339048842 0.6525375097016104 13
1701339074921 0.6049896011165544 14
1701339100824 0.5579274037694619 15
1701339145621 0.5345192598361596 16
1701339171750 0.5089361490377413 17
1701339199680 0.4936613843721502 18
1701339226751 0.43105125042542913 19
1701339253625 0.4298091441198112 20
1701339294599 0.3807775087995467 21
1701339320563 0.3567628666661144 22
1701339346464 0.30381396748856004 23
1701339372436 0.27631832800464695 24
1701339398374 0.2623569685600552 25
1701339438816 0.21783652583904126 26
1701339465336 0.18090521544218063 27
1701339491891 0.14671971385969834 28
1701339517746 0.21389899300593956 29
1701339543733 0.14234682569414184 30
1701339584225 0.14359117458799694 31
1701339610207 0.07750767108442541 32
1701339635918 0.07938324787891378 33
1701339661687 0.10533832188610451 34
1701339687382 0.040207833769956444 35
1701339727514 0.09505139032890107 36
1701339753049 0.02450671601961397 37
1701339778730 0.01979604590489389 38
1701339804516 0.015105199085524173 39
1701339830377 0.018347196063343313 40
1701339870607 0.016542460258100546 41
1701339896195 0.015749494248416786 42
1701339921603 0.024508800139206345 43
1701339946766 0.023253080966194568 44
1701339971699 0.17536456024980332 45
1701340012406 0.020762921577270808 46
1701340037981 0.011693578959880945 47
1701340062976 0.012981891177832057 48
1701340088137 0.009690791779362103 49
1701340113175 0.009405775601348651 50
1701340153484 0.007708497130117239 51
1701340178769 0.01225446035067423 52
1701340203665 0.010472094889705868 53
1701340228747 0.00959621195234754 54
1701340253484 0.008468110145151834 55
1701340292346 0.0076017001064743826 56
1701340316985 0.009097211466747598 57
1701340341811 0.0062278171676344975 58
1701340369720 0.0054160963734984705 59
1701340394924 0.007445613478517367 60
1701340435483 0.008071792658929731 61
1701340460555 0.007119889744501135 62
1701340485255 0.00687341120784944 63
1701340510012 0.006392316663716889 64
1701340534772 0.005828518864624142 65
