1701368635513 1.0957542952004966 0
1701368654042 1.0839886680825965 1
1701368661066 1.0759111224830924 2
1701368667860 1.0689193443818525 3
1701368674686 1.0630201751535588 4
1701368681248 1.060238621451638 5
1701368698987 1.0566544780483493 6
1701368705546 1.0535110637739107 7
1701368712147 1.052890783780581 8
1701368718511 1.05078678781336 9
1701368724617 1.0487467693043995 10
1701368742087 1.048554628700405 11
1701368749075 1.0478496876629917 12
1701368755730 1.0472271643675768 13
1701368762289 1.0467654404702125 14
1701368769451 1.0463758985717575 15
1701368788179 1.0451223292908112 16
1701368795921 1.0448675914244219 17
1701368802667 1.0445832602389447 18
1701368809391 1.0444026380390317 19
1701368816028 1.0442462571255573 20
1701368834494 1.0441060925458934 21
1701368842133 1.0429810997727629 22
1701368849625 1.0459605672142722 23
1701368857185 1.044939600028001 24
1701368864340 1.0438847781775833 25
1701368883545 1.044812670001736 26
