1701368635356 0.19202104340201667 0
1701368653957 0.19202104340201667 1
1701368660989 0.19202104340201667 2
1701368667781 0.19202104340201667 3
1701368674610 0.19202104340201667 4
1701368681171 0.19202104340201667 5
1701368698890 0.19202104340201667 6
1701368705470 0.19202104340201667 7
1701368712070 0.19202104340201667 8
1701368718434 0.19202104340201667 9
1701368724541 0.19202104340201667 10
1701368741989 0.19202104340201667 11
1701368748996 0.1919516710513495 12
1701368755653 0.19132640616615446 13
1701368762214 0.19731854804651325 14
1701368769375 0.27433892130615917 15
1701368787992 0.2663425058971894 16
1701368795845 0.19402405898331396 17
1701368802590 0.19402405898331396 18
1701368809315 0.19402405898331396 19
1701368815952 0.19402405898331396 20
1701368834398 0.19402405898331396 21
1701368842056 0.19402405898331396 22
1701368849545 0.19402405898331396 23
1701368857107 0.19402405898331396 24
1701368864254 0.19402405898331396 25
1701368883441 0.19402405898331396 26
