1701368635356 0.1348522167487685 0
1701368653957 0.1348522167487685 1
1701368660989 0.1348522167487685 2
1701368667781 0.1348522167487685 3
1701368674610 0.1348522167487685 4
1701368681171 0.1348522167487685 5
1701368698890 0.1348522167487685 6
1701368705470 0.1348522167487685 7
1701368712070 0.1348522167487685 8
1701368718434 0.1348522167487685 9
1701368724541 0.1348522167487685 10
1701368741989 0.1348522167487685 11
1701368748996 0.13481146923971807 12
1701368755653 0.13444398738516386 13
1701368762214 0.20628467034819123 14
1701368769375 0.2557688011399 15
1701368787992 0.24413165051096772 16
1701368795845 0.13683634373289547 17
1701368802590 0.13683634373289547 18
1701368809315 0.13683634373289547 19
1701368815952 0.13683634373289547 20
1701368834398 0.13683634373289547 21
1701368842056 0.13683634373289547 22
1701368849545 0.13683634373289547 23
1701368857107 0.13683634373289547 24
1701368864254 0.13683634373289547 25
1701368883441 0.13683634373289547 26
