1701368635356 0.40455665024630544 0
1701368653957 0.40455665024630544 1
1701368660989 0.40455665024630544 2
1701368667781 0.40455665024630544 3
1701368674610 0.40455665024630544 4
1701368681171 0.40455665024630544 5
1701368698890 0.40455665024630544 6
1701368705470 0.40455665024630544 7
1701368712070 0.40455665024630544 8
1701368718434 0.40455665024630544 9
1701368724541 0.40455665024630544 10
1701368741989 0.40455665024630544 11
1701368748996 0.40435139573070605 12
1701368755653 0.402504105090312 13
1701368762214 0.38382594417077176 14
1701368769375 0.38238916256157635 15
1701368787992 0.3702791461412151 16
1701368795845 0.41050903119868637 17
1701368802590 0.41050903119868637 18
1701368809315 0.41050903119868637 19
1701368815952 0.41050903119868637 20
1701368834398 0.41050903119868637 21
1701368842056 0.41050903119868637 22
1701368849545 0.41050903119868637 23
1701368857107 0.41050903119868637 24
1701368864254 0.41050903119868637 25
1701368883441 0.41050903119868637 26
