1701368635356 0.3333333333333333 0
1701368653957 0.3333333333333333 1
1701368660989 0.3333333333333333 2
1701368667781 0.3333333333333333 3
1701368674610 0.3333333333333333 4
1701368681171 0.3333333333333333 5
1701368698890 0.3333333333333333 6
1701368705470 0.3333333333333333 7
1701368712070 0.3333333333333333 8
1701368718434 0.3333333333333333 9
1701368724541 0.3333333333333333 10
1701368741989 0.3333333333333333 11
1701368748996 0.33316421444275324 12
1701368755653 0.33164214442753254 13
1701368762214 0.31613707086081516 14
1701368769375 0.3134769998308811 15
1701368787992 0.3022458988669034 16
1701368795845 0.3333333333333333 17
1701368802590 0.3333333333333333 18
1701368809315 0.3333333333333333 19
1701368815952 0.3333333333333333 20
1701368834398 0.3333333333333333 21
1701368842056 0.3333333333333333 22
1701368849545 0.3333333333333333 23
1701368857107 0.3333333333333333 24
1701368864254 0.3333333333333333 25
1701368883441 0.3333333333333333 26
