1701319832399 0.34173634364958566 0
1701319855757 0.3792415017757483 1
1701319866832 0.40655039742939286 2
1701319877042 0.42749890072721125 3
1701319886199 0.452734398782344 4
1701319895351 0.4688373921867073 5
1701319914193 0.48905991501259577 6
1701319924119 0.49706547932441786 7
1701319933898 0.5216315618270321 8
1701319943401 0.5417074835390633 9
1701319952682 0.552819771162057 10
1701319974603 0.5703336970984942 11
1701319984118 0.5695536528272606 12
1701319993313 0.588697576944872 13
1701320002936 0.5950468284764677 14
1701320012358 0.6005040506883664 15
1701320034179 0.6015156094295887 16
1701320046120 0.6047800077633266 17
1701320057351 0.6087928138736803 18
1701320068538 0.6116914974867732 19
1701320078437 0.6153667256799621 20
1701320096237 0.6146292592949225 21
1701320105650 0.6165724705416853 22
1701320115125 0.6202964284380266 23
1701320124225 0.6214551934421664 24
1701320133471 0.6206103013676106 25
1701320150978 0.6199119131776275 26
1701320160253 0.6199687019308647 27
1701320169440 0.6198703827586576 28
1701320178986 0.6197995830402846 29
1701320188180 0.6214851651199139 30
1701320207050 0.6206152058154374 31
1701320216478 0.6206891601360685 32
1701320225831 0.6213428633048234 33
1701320235967 0.620071223172554 34
1701320245050 0.6202427942870475 35
1701320262791 0.620914365401541 36
1701320272174 0.6205444060970645 37
1701320281522 0.6200517627688047 38
1701320290858 0.6198752872064844 39
1701320300249 0.6200444060970645 40
1701320318453 0.6205810320682077 41
1701320328093 0.6205810320682077 42
1701320337489 0.6200444060970645 43
1701320346779 0.6200444060970645 44
1701320356006 0.6203801916543112 45
1701320373389 0.6200444060970645 46
1701320382486 0.6205810320682077 47
1701320391659 0.6205810320682077 48
1701320400976 0.6205810320682077 49
1701320410063 0.6205810320682077 50
1701320427625 0.6205810320682077 51
1701320436633 0.620781872482104 52
1701320445937 0.620781872482104 53
1701320455382 0.620781872482104 54
1701320464722 0.620781872482104 55
1701320484252 0.620781872482104 56
1701320493825 0.620781872482104 57
1701320503296 0.620781872482104 58
1701320513517 0.620781872482104 59
1701320523228 0.620781872482104 60
1701320541865 0.620781872482104 61
1701320551858 0.620781872482104 62
1701320561427 0.620781872482104 63
1701320570828 0.620781872482104 64
1701320580265 0.620781872482104 65
