1701319832399 0.2793127662508255 0
1701319855757 0.3120101023210206 1
1701319866832 0.33705686847343524 2
1701319877042 0.3630078445146938 3
1701319886199 0.37978594268918325 4
1701319895351 0.3958268127282212 5
1701319914193 0.6369326510449099 6
1701319924119 0.7029454716680615 7
1701319933898 0.6808705717813855 8
1701319943401 0.6667631617414802 9
1701319952682 0.6746967130426785 10
1701319974603 0.6965095682904453 11
1701319984118 0.6923051689704981 12
1701319993313 0.7039943165076751 13
1701320002936 0.7015071240307877 14
1701320012358 0.7121208102524815 15
1701320034179 0.7082157663550209 16
1701320046120 0.6998373170779986 17
1701320057351 0.7125106468003238 18
1701320068538 0.7088602923718037 19
1701320078437 0.7120588463407845 20
1701320096237 0.7128986799470134 21
1701320105650 0.7119634124331241 22
1701320115125 0.7140372341327667 23
1701320124225 0.7138964359386764 24
1701320133471 0.7137216278221802 25
1701320150978 0.7141733066151942 26
1701320160253 0.7170477769509852 27
1701320169440 0.7136063101418936 28
1701320178986 0.7145808349775308 29
1701320188180 0.7147758424176215 30
1701320207050 0.7130184500175383 31
1701320216478 0.7156204261116793 32
1701320225831 0.7136977374532342 33
1701320235967 0.7132553061780872 34
1701320245050 0.7132703149752806 35
1701320262791 0.7143347411468399 36
1701320272174 0.7144998479348884 37
1701320281522 0.7131677086195003 38
1701320290858 0.7128986119090454 39
1701320300249 0.7130081613108331 40
1701320318453 0.7134893609080706 41
1701320328093 0.7134893609080706 42
1701320337489 0.7130081613108331 43
1701320346779 0.7130081613108331 44
1701320356006 0.7133212099632195 45
1701320373389 0.7130081613108331 46
1701320382486 0.7134893609080706 47
1701320391659 0.7134893609080706 48
1701320400976 0.7134893609080706 49
1701320410063 0.7134893609080706 50
1701320427625 0.7134893609080706 51
1701320436633 0.7136564986463004 52
1701320445937 0.7136564986463004 53
1701320455382 0.7136564986463004 54
1701320464722 0.7136564986463004 55
1701320484252 0.7136564986463004 56
1701320493825 0.7136564986463004 57
1701320503296 0.7136564986463004 58
1701320513517 0.7136564986463004 59
1701320523228 0.7136564986463004 60
1701320541865 0.7136564986463004 61
1701320551858 0.7136564986463004 62
1701320561427 0.7136564986463004 63
1701320570828 0.7136564986463004 64
1701320580265 0.7136564986463004 65
