1701319832399 0.41830870279146143 0
1701319855757 0.4638752052545156 1
1701319866832 0.49733169129720856 2
1701319877042 0.5231937602627258 3
1701319886199 0.5537766830870279 4
1701319895351 0.5734811165845649 5
1701319914193 0.5972906403940886 6
1701319924119 0.6038587848932676 7
1701319933898 0.6204844006568144 8
1701319943401 0.6274630541871922 9
1701319952682 0.6358784893267652 10
1701319974603 0.6471674876847291 11
1701319984118 0.6494252873563219 12
1701319993313 0.6584564860426929 13
1701320002936 0.6639983579638752 14
1701320012358 0.6687192118226601 15
1701320034179 0.6687192118226601 16
1701320046120 0.6676929392446633 17
1701320057351 0.6736453201970444 18
1701320068538 0.6756978653530378 19
1701320078437 0.6779556650246306 20
1701320096237 0.6775451559934319 21
1701320105650 0.6791871921182266 22
1701320115125 0.6810344827586207 23
1701320124225 0.6814449917898193 24
1701320133471 0.6816502463054187 25
1701320150978 0.6810344827586207 26
1701320160253 0.6818555008210181 27
1701320169440 0.68123973727422 28
1701320178986 0.6816502463054187 29
1701320188180 0.6824712643678161 30
1701320207050 0.6816502463054187 31
1701320216478 0.6824712643678161 32
1701320225831 0.6820607553366174 33
1701320235967 0.68123973727422 34
1701320245050 0.6814449917898193 35
1701320262791 0.6822660098522167 36
1701320272174 0.6820607553366174 37
1701320281522 0.6814449917898193 38
1701320290858 0.68123973727422 39
1701320300249 0.6814449917898193 40
1701320318453 0.6818555008210181 41
1701320328093 0.6818555008210181 42
1701320337489 0.6814449917898193 43
1701320346779 0.6814449917898193 44
1701320356006 0.6818555008210181 45
1701320373389 0.6814449917898193 46
1701320382486 0.6818555008210181 47
1701320391659 0.6818555008210181 48
1701320400976 0.6818555008210181 49
1701320410063 0.6818555008210181 50
1701320427625 0.6818555008210181 51
1701320436633 0.6818555008210181 52
1701320445937 0.6818555008210181 53
1701320455382 0.6818555008210181 54
1701320464722 0.6818555008210181 55
1701320484252 0.6818555008210181 56
1701320493825 0.6818555008210181 57
1701320503296 0.6818555008210181 58
1701320513517 0.6818555008210181 59
1701320523228 0.6818555008210181 60
1701320541865 0.6818555008210181 61
1701320551858 0.6818555008210181 62
1701320561427 0.6818555008210181 63
1701320570828 0.6818555008210181 64
1701320580265 0.6818555008210181 65
