1701319832513 1.0456935089903991 0
1701319855905 1.0381795330481096 1
1701319866963 1.0259760533060347 2
1701319877158 0.9880756728060833 3
1701319886332 0.9206332812061557 4
1701319895481 0.8851405459565002 5
1701319914308 0.84914074780105 6
1701319924245 0.8367851368792645 7
1701319934031 0.8086996891281821 8
1701319943531 0.8003566985006456 9
1701319952814 0.7887571779164401 10
1701319974779 0.7734147101253658 11
1701319984251 0.7685141338930501 12
1701319993444 0.7594831121432317 13
1701320003094 0.7491108333909666 14
1701320012473 0.7433601401068948 15
1701320034396 0.7404375331742423 16
1701320046270 0.7414721567909439 17
1701320057696 0.7375929967149512 18
1701320068670 0.7354821794992917 19
1701320078579 0.7333522841527864 20
1701320096365 0.7284018018028953 21
1701320105780 0.7273325176982136 22
1701320115260 0.7276776920665394 23
1701320124341 0.7276309860217107 24
1701320133595 0.7256722697963962 25
1701320151097 0.7280773311466365 26
1701320160383 0.7244109689415276 27
1701320169573 0.7232230576601896 28
1701320179106 0.723568746795902 29
1701320188313 0.7222412785926422 30
1701320207197 0.7220768595670725 31
1701320216606 0.7219778508334965 32
1701320225963 0.7224293382136853 33
1701320236084 0.7230056454608966 34
1701320245180 0.7216231490110422 35
1701320262925 0.7242021305220467 36
1701320272304 0.7257871890996958 37
1701320281639 0.7259903720446995 38
1701320290982 0.7224484387930338 39
1701320300380 0.7226676453243602 40
1701320318585 0.7239787532137586 41
1701320328226 0.7231006792613438 42
1701320337605 0.7235701765332904 43
1701320346912 0.7287391602218926 44
1701320356132 0.7248943355176356 45
1701320373512 0.7206055626466676 46
1701320382603 0.7285528020425276 47
1701320391806 0.7266034685172044 48
1701320401106 0.7264085768105147 49
1701320410187 0.7206628136820608 50
1701320427742 0.7213874799864632 51
1701320436771 0.7257626505641194 52
1701320446066 0.7249215887738513 53
1701320455555 0.7233869309549208 54
1701320464853 0.7222297431586625 55
1701320484388 0.7213355225402039 56
1701320493945 0.721080010974562 57
1701320503425 0.725778498432853 58
1701320513663 0.7236921214438105 59
1701320523431 0.7217350168661638 60
1701320541996 0.724435622815962 61
1701320551989 0.7214539979959463 62
1701320561558 0.725323689448369 63
1701320570959 0.7201106494123285 64
1701320580405 0.7279712681646471 65
