1701319832399 0.30508312655086844 0
1701319855757 0.34094931486221336 1
1701319866832 0.36589630683320457 2
1701319877042 0.38501047822096873 3
1701319886199 0.40892808771575906 4
1701319895351 0.42411463969071356 5
1701319914193 0.4445462368129609 6
1701319924119 0.45782785026452205 7
1701319933898 0.5012334857412436 8
1701319943401 0.5391652927128038 9
1701319952682 0.5539772227962804 10
1701319974603 0.5783594203153156 11
1701319984118 0.5751765147250381 12
1701319993313 0.6017116421730276 13
1701320002936 0.6082868916636267 14
1701320012358 0.6149220493041861 15
1701320034179 0.616053312576945 16
1701320046120 0.6202165042587598 17
1701320057351 0.6245261917902173 18
1701320068538 0.6273028689293768 19
1701320078437 0.6316343586036269 20
1701320096237 0.6309206199962503 21
1701320105650 0.6327487354835565 22
1701320115125 0.6370920976632589 23
1701320124225 0.6384471954941475 24
1701320133471 0.6372952075022805 25
1701320150978 0.6366858115115258 26
1701320160253 0.6367722068238991 27
1701320169440 0.6364791838647195 28
1701320178986 0.6363356898063759 29
1701320188180 0.6382391590008597 30
1701320207050 0.6372173950761847 31
1701320216478 0.6373329884327376 32
1701320225831 0.6380663748400074 33
1701320235967 0.6366831036389701 34
1701320245050 0.6368387097518476 35
1701320262791 0.637531448125327 36
1701320272174 0.6371485427217963 37
1701320281522 0.6366006988794728 38
1701320290858 0.6364015605267733 39
1701320300249 0.6365602174799507 40
1701320318453 0.6371561458450904 41
1701320328093 0.6371561458450904 42
1701320337489 0.6365602174799507 43
1701320346779 0.6365602174799507 44
1701320356006 0.6368809209626843 45
1701320373389 0.6365602174799507 46
1701320382486 0.6371561458450904 47
1701320391659 0.6371561458450904 48
1701320400976 0.6371561458450904 49
1701320410063 0.6371561458450904 50
1701320427625 0.6371561458450904 51
1701320436633 0.6374307278637608 52
1701320445937 0.6374307278637608 53
1701320455382 0.6374307278637608 54
1701320464722 0.6374307278637608 55
1701320484252 0.6374307278637608 56
1701320493825 0.6374307278637608 57
1701320503296 0.6374307278637608 58
1701320513517 0.6374307278637608 59
1701320523228 0.6374307278637608 60
1701320541865 0.6374307278637608 61
1701320551858 0.6374307278637608 62
1701320561427 0.6374307278637608 63
1701320570828 0.6374307278637608 64
1701320580265 0.6374307278637608 65
