1701369910237 1.0428257783253987 0
1701369940835 0.9788916493073488 1
1701369956091 0.9174246390660604 2
1701369970835 0.9254612448887948 3
1701369986135 0.8430961492734078 4
1701370003065 0.8051220438419244 5
1701370033707 0.7834963829089434 6
1701370048709 0.7404850629659799 7
1701370063635 0.7037373001758869 8
1701370078525 0.652510539843486 9
1701370093484 0.6176057442640647 10
1701370123197 0.577084678869981 11
1701370138276 0.5690456751065377 12
1701370155311 0.555713387636038 13
1701370170062 0.5507774589917599 14
1701370184338 0.519964629258865 15
1701370208517 0.5155178216787485 16
1701370222988 0.5029706060886383 17
1701370237244 0.47116747040015 18
1701370252272 0.47301739607101834 19
1701370267377 0.46226344505945843 20
1701370292562 0.4595681260793637 21
1701370307740 0.45822009902734023 22
1701370321946 0.4524772549286867 23
1701370335980 0.4496175555082468 24
1701370349971 0.44433871580240053 25
1701370373904 0.4473837277828119 26
1701370388093 0.44647994484656894 27
1701370402499 0.4444472178434714 28
1701370417816 0.44696674591455704 29
1701370432657 0.45690994843458516 30
1701370458533 0.4561628179672437 31
1701370473464 0.44734890797199345 32
1701370488836 0.4439458266282693 33
1701370504214 0.4430509446523128 34
1701370521444 0.462529460589091 35
1701370545838 0.45079675087561977 36
1701370560847 0.452031665123426 37
1701370575257 0.4363178083529839 38
1701370589935 0.4369053091758337 39
1701370604761 0.44180271946466887 40
1701370629883 0.4347540986461517 41
1701370644874 0.4401431832558069 42
1701370659654 0.44664492591833455 43
1701370673903 0.4398546310571524 44
1701370688190 0.43720944951742124 45
1701370713418 0.447516530752182 46
1701370727736 0.4489418138296176 47
1701370742160 0.44094220873637074 48
1701370756496 0.4371462957217143 49
1701370770404 0.43785143777346 50
1701370794924 0.44132688947213 51
1701370809334 0.444998433192571 52
1701370823668 0.43458072420878285 53
1701370837727 0.44292727494851136 54
1701370851824 0.4589619430211874 55
1701370875933 0.43489449681379855 56
1701370890130 0.4433607420860193 57
1701370904216 0.43826926671541655 58
1701370918366 0.4409142679128891 59
1701370932633 0.43803706994423497 60
