1701369909980 0.29542348585946704 0
1701369940419 0.3641603552527561 1
1701369955956 0.39333359672342727 2
1701369970704 0.36647018892628075 3
1701369985965 0.5468271462291497 4
1701370002921 0.6306504519607702 5
1701370033471 0.664170773585933 6
1701370048574 0.6958258636844191 7
1701370063503 0.7010553468342392 8
1701370078364 0.698859080547597 9
1701370093337 0.7378887296889521 10
1701370123024 0.7554162389847686 11
1701370138139 0.7594007191004427 12
1701370155153 0.7695081708087175 13
1701370169918 0.7832830209557651 14
1701370184205 0.7947421711026944 15
1701370208382 0.788199921304897 16
1701370222854 0.8073606606134313 17
1701370237107 0.8180217553898066 18
1701370252038 0.8160851619396331 19
1701370267240 0.823652897189656 20
1701370292425 0.8236051491794836 21
1701370307619 0.8210099560548211 22
1701370321792 0.8281969164334209 23
1701370335863 0.8302375184728126 24
1701370349845 0.8283011195344484 25
1701370373770 0.8322122478900281 26
1701370387969 0.8366630161257852 27
1701370402366 0.8274004205863871 28
1701370417653 0.8319518355940622 29
1701370432524 0.8278480426520421 30
1701370458312 0.8302518176847199 31
1701370473333 0.8288821561849146 32
1701370488702 0.8323672176027955 33
1701370504064 0.8291788321406269 34
1701370521252 0.839283173381565 35
1701370545687 0.8270740202626653 36
1701370560694 0.8291439183134802 37
1701370575085 0.8379128622221602 38
1701370589799 0.8341380195503558 39
1701370604618 0.8363533447349143 40
1701370629735 0.8306860978328346 41
1701370644730 0.8344094715870538 42
1701370659504 0.8280454985380231 43
1701370673767 0.8362304176387422 44
1701370688039 0.8368036018635546 45
1701370713284 0.8331665844884172 46
1701370727587 0.8322038837056464 47
1701370742018 0.8343269736110829 48
1701370756345 0.8366369408981239 49
1701370770270 0.8305593433734488 50
1701370794768 0.8301053828562486 51
1701370809200 0.8346364745974341 52
1701370823530 0.8372753560884431 53
1701370837581 0.8280969836016601 54
1701370851678 0.8281355111701035 55
1701370875792 0.8339309608389437 56
1701370889995 0.8364866443589202 57
1701370904069 0.8373298186386186 58
1701370918224 0.8352897818737423 59
1701370932479 0.8312528969112538 60
