1701369909980 0.31773705551686465 0
1701369940419 0.3915401807976517 1
1701369955956 0.42407682361507343 2
1701369970704 0.4027547928309092 3
1701369985965 0.4476704481898502 4
1701370002921 0.4850721785553392 5
1701370033471 0.5376030194764032 6
1701370048574 0.6148101796387165 7
1701370063503 0.652539476863298 8
1701370078364 0.6734643833178889 9
1701370093337 0.710262324470086 10
1701370123024 0.7297483300240941 11
1701370138139 0.7460632034734274 12
1701370155153 0.7506249967250094 13
1701370169918 0.7691195601762333 14
1701370184205 0.7840391559872174 15
1701370208382 0.7752829527431367 16
1701370222854 0.7923229399133854 17
1701370237107 0.8037148939821681 18
1701370252038 0.804174058809307 19
1701370267240 0.8126640419115224 20
1701370292425 0.8120637275674533 21
1701370307619 0.8085189531713503 22
1701370321792 0.8124660511222287 23
1701370335863 0.8180174097331592 24
1701370349845 0.814263156368245 25
1701370373770 0.8191950400976529 26
1701370387969 0.8179308688769403 27
1701370402366 0.8209990922487913 28
1701370417653 0.8193846784595822 29
1701370432524 0.8172426203136108 30
1701370458312 0.8190266677526479 31
1701370473333 0.8178711264784461 32
1701370488702 0.8231930772103393 33
1701370504064 0.8192106203119879 34
1701370521252 0.8275126002953223 35
1701370545687 0.8159605446404332 36
1701370560694 0.8172793235230689 37
1701370575085 0.8258687552643126 38
1701370589799 0.8232157328241275 39
1701370604618 0.8223731848674946 40
1701370629735 0.8194199333514463 41
1701370644730 0.8233994793445665 42
1701370659504 0.8161532277785671 43
1701370673767 0.823252084438851 44
1701370688039 0.8235804409514439 45
1701370713284 0.822044122931624 46
1701370727587 0.8204139595009446 47
1701370742018 0.822180275263057 48
1701370756345 0.8239541109966332 49
1701370770270 0.8200887688852769 50
1701370794768 0.8209205719520979 51
1701370809200 0.8238131310583302 52
1701370823530 0.8249526076463325 53
1701370837581 0.8149661885943448 54
1701370851678 0.8177842635630982 55
1701370875792 0.8218941630131145 56
1701370889995 0.8250334400223193 57
1701370904069 0.8254849719776053 58
1701370918224 0.8228921995439252 59
1701370932479 0.8187822751991473 60
