1701369909980 0.3581505158126163 0
1701369940419 0.4348176052765094 1
1701369955956 0.46968543886352104 2
1701369970704 0.44766345340774566 3
1701369985965 0.4937024587746895 4
1701370002921 0.5169596153098959 5
1701370033471 0.5471448699445699 6
1701370048574 0.6031862904644162 7
1701370063503 0.638379719022384 8
1701370078364 0.6622340622338747 9
1701370093337 0.6976915141921908 10
1701370123024 0.717405935453645 11
1701370138139 0.7378007919306451 12
1701370155153 0.7397564641988823 13
1701370169918 0.7604990950919296 14
1701370184205 0.7769939179140827 15
1701370208382 0.7670036119365277 16
1701370222854 0.7824583090964002 17
1701370237107 0.7944118317152541 18
1701370252038 0.7961692609804804 19
1701370267240 0.8052121536417904 20
1701370292425 0.8042323164238843 21
1701370307619 0.8003262761390514 22
1701370321792 0.8024594714368329 23
1701370335863 0.8096798871276875 24
1701370349845 0.8051816794876054 25
1701370373770 0.8104138538215895 26
1701370387969 0.8064082895097672 27
1701370402366 0.8162776187947586 28
1701370417653 0.8110700092142578 29
1701370432524 0.8098295456145183 30
1701370458312 0.8112385831140513 31
1701370473333 0.8104417183643031 32
1701370488702 0.8171211486269742 33
1701370504064 0.8124606337772656 34
1701370521252 0.8193210989612045 35
1701370545687 0.8082489370004916 36
1701370560694 0.8091749826798607 37
1701370575085 0.8174877656278712 38
1701370589799 0.8156909008781231 39
1701370604618 0.8133691688003614 40
1701370629735 0.8118433991920959 41
1701370644730 0.816067357088437 42
1701370659504 0.8081317024153218 43
1701370673767 0.8147231673922262 44
1701370688039 0.8148619695161793 45
1701370713284 0.8142965767220703 46
1701370727587 0.8122703046373676 47
1701370742018 0.8140638573972997 48
1701370756345 0.8155077710224071 49
1701370770270 0.8129338167017761 50
1701370794768 0.8143105876872063 51
1701370809200 0.816521781987543 52
1701370823530 0.816571371456598 53
1701370837581 0.8063038185206021 54
1701370851678 0.8106914458689097 55
1701370875792 0.8137995739367705 56
1701370889995 0.8172997313243284 57
1701370904069 0.8172178753411706 58
1701370918224 0.8146011857467875 59
1701370932479 0.8105675569903443 60
