1701369909980 0.4386288998357964 0
1701369940419 0.5320197044334976 1
1701369955956 0.5745073891625616 2
1701369970704 0.5472085385878489 3
1701369985965 0.6032430213464697 4
1701370002921 0.6225369458128078 5
1701370033471 0.6401888341543513 6
1701370048574 0.673440065681445 7
1701370063503 0.6941707717569786 8
1701370078364 0.708128078817734 9
1701370093337 0.7411740558292282 10
1701370123024 0.7586206896551724 11
1701370138139 0.7664203612479474 12
1701370155153 0.7727832512315271 13
1701370169918 0.7850985221674877 14
1701370184205 0.8002873563218391 15
1701370208382 0.7922824302134647 16
1701370222854 0.8089080459770115 17
1701370237107 0.819376026272578 18
1701370252038 0.8173234811165846 19
1701370267240 0.8261494252873564 20
1701370292425 0.825944170771757 21
1701370307619 0.8226600985221675 22
1701370321792 0.8267651888341544 23
1701370335863 0.8308702791461412 24
1701370349845 0.8286124794745484 25
1701370373770 0.833743842364532 26
1701370387969 0.8321018062397373 27
1701370402366 0.8339490968801314 28
1701370417653 0.8333333333333334 29
1701370432524 0.8312807881773399 30
1701370458312 0.8325123152709359 31
1701370473333 0.8310755336617406 32
1701370488702 0.8357963875205254 33
1701370504064 0.8323070607553367 34
1701370521252 0.840927750410509 35
1701370545687 0.8298440065681445 36
1701370560694 0.8302545155993432 37
1701370575085 0.8386699507389163 38
1701370589799 0.8360016420361248 39
1701370604618 0.8364121510673235 40
1701370629735 0.8323070607553367 41
1701370644730 0.8347701149425287 42
1701370659504 0.8304597701149425 43
1701370673767 0.8355911330049262 44
1701370688039 0.8384646962233169 45
1701370713284 0.8347701149425287 46
1701370727587 0.8335385878489326 47
1701370742018 0.8347701149425287 48
1701370756345 0.8370279146141215 49
1701370770270 0.833128078817734 50
1701370794768 0.8335385878489326 51
1701370809200 0.8370279146141215 52
1701370823530 0.8380541871921182 53
1701370837581 0.8292282430213465 54
1701370851678 0.8308702791461412 55
1701370875792 0.8351806239737274 56
1701370889995 0.839696223316913 57
1701370904069 0.8378489326765188 58
1701370918224 0.8364121510673235 59
1701370932479 0.8327175697865353 60
