1701393798830 0.3240546332132333 0
1701393838644 0.36663254204428447 1
1701393861929 0.4040625365306852 2
1701393885160 0.4179636276011949 3
1701393909119 0.43740731491775237 4
1701393933211 0.4874739161366876 5
1701393970407 0.5286401923342731 6
1701393994091 0.5824769063123435 7
1701394017347 0.6305434932131898 8
1701394040784 0.6353816934270069 9
1701394064239 0.6793594670683687 10
1701394105508 0.6962437839921369 11
1701394129618 0.7052226911617653 12
1701394153594 0.7329990099297657 13
1701394177687 0.6544318349469551 14
1701394202114 0.7062910598910263 15
1701394241075 0.7663600839676631 16
1701394265924 0.7664311948646212 17
1701394290018 0.7857814028481291 18
1701394314071 0.6449298857474436 19
1701394338262 0.7733378015367566 20
1701394376710 0.7798369340881769 21
1701394400940 0.8236237615225325 22
1701394425090 0.6958113323202578 23
1701394449368 0.8233534255736051 24
1701394473462 0.7140046827124354 25
1701394511667 0.7883864933201995 26
1701394535826 0.8011806292865628 27
1701394559956 0.797407760069397 28
1701394589264 0.8204390000891794 29
1701394613462 0.8886535826753184 30
1701394652400 0.7317245965081147 31
1701394676675 0.85357234359715 32
1701394701694 0.8183845765189247 33
1701394725765 0.8197219704202857 34
1701394750079 0.7988892933572568 35
1701394792154 0.8515221815831994 36
1701394816157 0.8793053229619288 37
1701394840379 0.8817129986622346 38
1701394864760 0.8960756730090398 39
1701394889104 0.5777593537695147 40
1701394927597 0.8146991917081641 41
1701394951733 0.8948847092618134 42
1701394976048 0.9058850200465791 43
1701395000381 0.8135243675135353 44
1701395024564 0.2583404646416012 45
1701395063377 0.5226803186907505 46
1701395087436 0.6738787093607064 47
1701395111909 0.756002361119792 48
1701395136290 0.8234611645836679 49
1701395160751 0.8524867136240525 50
1701395199123 0.5680619070418899 51
1701395223161 0.7601165881023615 52
1701395247325 0.7979064862192096 53
1701395271507 0.8041437791796016 54
1701395295747 0.8850780528796269 55
1701395333861 0.8540641670575783 56
1701395357903 0.8844906897933517 57
1701395381953 0.7853235617608924 58
1701395406307 0.8958892245928552 59
1701395430378 0.9029161424989433 60
1701395468930 0.8954113090856882 61
1701395493131 0.8919976246497279 62
1701395517391 0.8869919315599638 63
1701395541595 0.9377450199443244 64
1701395565843 0.8474925598872224 65
1701395604125 0.9324695115583075 66
1701395628164 0.8704931435405457 67
1701395653626 0.9004433851742878 68
1701395677847 0.9477144765722253 69
1701395702045 0.4498650440668311 70
1701395740487 0.7732770216712385 71
1701395764753 0.8773900649188199 72
1701395789097 0.6137979614529067 73
1701395813204 0.8790249070987141 74
1701395837505 0.8692877819516477 75
1701395875847 0.8639649646235051 76
1701395899951 0.8757860246518049 77
1701395924122 0.8122576275809165 78
1701395948492 0.9073295267862207 79
1701395971691 0.8421275307878674 80
1701396009485 0.7929049773576735 81
1701396033187 0.9158807541070372 82
1701396056676 0.8908872167377416 83
1701396080047 0.8653174476091278 84
1701396103479 0.9356719188741561 85
