1701393798830 0.3174988284972648 0
1701393838644 0.33433995534269023 1
1701393861929 0.37380437912508757 2
1701393885160 0.4946614866989616 3
1701393909119 0.6269196054763535 4
1701393933211 0.6004572856747216 5
1701393970407 0.6457171564481549 6
1701393994091 0.6624568791669753 7
1701394017347 0.6713117885044196 8
1701394040784 0.6754876535918813 9
1701394064239 0.7086602523777689 10
1701394105508 0.7173608121188072 11
1701394129618 0.7271306192080389 12
1701394153594 0.7468413407188366 13
1701394177687 0.6592581822881328 14
1701394202114 0.7221627908225847 15
1701394241075 0.7710147008432084 16
1701394265924 0.77107902169457 17
1701394290018 0.7878118203026601 18
1701394314071 0.6489196105324414 19
1701394338262 0.7736222880425753 20
1701394376710 0.7809220736206566 21
1701394400940 0.8234273049129867 22
1701394425090 0.7210487744804057 23
1701394449368 0.8279309764736275 24
1701394473462 0.7294371106104376 25
1701394511667 0.8036014595146118 26
1701394535826 0.8018503177099258 27
1701394559956 0.7977383053792564 28
1701394589264 0.821820560517799 29
1701394613462 0.888050475769976 30
1701394652400 0.7416239282732559 31
1701394676675 0.8519533814692589 32
1701394701694 0.8171316308599614 33
1701394725765 0.8241907755700324 34
1701394750079 0.8018724136775376 35
1701394792154 0.8494824477746059 36
1701394816157 0.8771860560396698 37
1701394840379 0.8794982020268062 38
1701394864760 0.893237617377907 39
1701394889104 0.6704610078536491 40
1701394927597 0.8179420343109024 41
1701394951733 0.8926243434859482 42
1701394976048 0.9036048466029006 43
1701395000381 0.8412095448859942 44
1701395024564 0.3002190738554375 45
1701395063377 0.542947650221269 46
1701395087436 0.6837497771363145 47
1701395111909 0.7693443908058538 48
1701395136290 0.8267066849814263 49
1701395160751 0.8559887974735183 50
1701395199123 0.611112787110521 51
1701395223161 0.779520792175755 52
1701395247325 0.805801450624061 53
1701395271507 0.8044382715008428 54
1701395295747 0.8867047024509426 55
1701395333861 0.8534523035510836 56
1701395357903 0.8831298044768676 57
1701395381953 0.7898250897273537 58
1701395406307 0.8947633231112211 59
1701395430378 0.9032763512633327 60
1701395468930 0.8939132103841186 61
1701395493131 0.8941918423104079 62
1701395517391 0.8861805495700869 63
1701395541595 0.9368768105527915 64
1701395565843 0.8454946512130496 65
1701395604125 0.930666436288972 66
1701395628164 0.871674059034722 67
1701395653626 0.8994083556687077 68
1701395677847 0.9465767032838889 69
1701395702045 0.5424182775344762 70
1701395740487 0.7898444239988649 71
1701395764753 0.8734473604440822 72
1701395789097 0.6986139567138036 73
1701395813204 0.8758290740895927 74
1701395837505 0.865051047134379 75
1701395875847 0.86168117626081 76
1701395899951 0.8760151794080732 77
1701395924122 0.8158351635568474 78
1701395948492 0.9065136953185872 79
1701395971691 0.8453537592927631 80
1701396009485 0.8431855119614545 81
1701396033187 0.9110297382888778 82
1701396056676 0.8878740560641879 83
1701396080047 0.8623572878257523 84
1701396103479 0.9318886921943602 85
