1701393798830 0.4548440065681445 0
1701393838644 0.4981527093596059 1
1701393861929 0.547824302134647 2
1701393885160 0.5634236453201971 3
1701393909119 0.5829228243021346 4
1701393933211 0.6013957307060755 5
1701393970407 0.6085796387520526 6
1701393994091 0.6405993431855501 7
1701394017347 0.6609195402298851 8
1701394040784 0.6650246305418719 9
1701394064239 0.701559934318555 10
1701394105508 0.7149014778325123 11
1701394129618 0.7136699507389163 12
1701394153594 0.7448686371100164 13
1701394177687 0.6555829228243021 14
1701394202114 0.7140804597701149 15
1701394241075 0.770935960591133 16
1701394265924 0.7785303776683087 17
1701394290018 0.7926929392446633 18
1701394314071 0.6307471264367817 19
1701394338262 0.7678571428571429 20
1701394376710 0.7814039408866995 21
1701394400940 0.8181444991789819 22
1701394425090 0.7190065681444991 23
1701394449368 0.8240968801313628 24
1701394473462 0.7149014778325123 25
1701394511667 0.797824302134647 26
1701394535826 0.8017241379310345 27
1701394559956 0.7988505747126436 28
1701394589264 0.8165024630541872 29
1701394613462 0.8856732348111659 30
1701394652400 0.7385057471264368 31
1701394676675 0.8524220032840722 32
1701394701694 0.8232758620689655 33
1701394725765 0.826559934318555 34
1701394750079 0.8082922824302134 35
1701394792154 0.8433908045977011 36
1701394816157 0.8803366174055829 37
1701394840379 0.8801313628899836 38
1701394864760 0.8932676518883416 39
1701394889104 0.6650246305418719 40
1701394927597 0.8126026272577996 41
1701394951733 0.8961412151067324 42
1701394976048 0.9053776683087028 43
1701395000381 0.8347701149425287 44
1701395024564 0.35488505747126436 45
1701395063377 0.5047208538587848 46
1701395087436 0.6609195402298851 47
1701395111909 0.7463054187192119 48
1701395136290 0.8148604269293924 49
1701395160751 0.8581691297208539 50
1701395199123 0.5777914614121511 51
1701395223161 0.7580049261083743 52
1701395247325 0.8011083743842364 53
1701395271507 0.8054187192118226 54
1701395295747 0.8852627257799671 55
1701395333861 0.8503694581280788 56
1701395357903 0.8840311986863711 57
1701395381953 0.7906403940886699 58
1701395406307 0.8926518883415435 59
1701395430378 0.9022988505747126 60
1701395468930 0.895935960591133 61
1701395493131 0.8905993431855501 62
1701395517391 0.8905993431855501 63
1701395541595 0.9365763546798029 64
1701395565843 0.8518062397372742 65
1701395604125 0.9293924466338259 66
1701395628164 0.8739737274220033 67
1701395653626 0.9033251231527094 68
1701395677847 0.9478653530377669 69
1701395702045 0.5233990147783252 70
1701395740487 0.7855090311986864 71
1701395764753 0.8772577996715928 72
1701395789097 0.6857553366174056 73
1701395813204 0.8844417077175698 74
1701395837505 0.8700738916256158 75
1701395875847 0.8665845648604269 76
1701395899951 0.8782840722495895 77
1701395924122 0.8253284072249589 78
1701395948492 0.9107142857142857 79
1701395971691 0.8503694581280788 80
1701396009485 0.8335385878489326 81
1701396033187 0.9176929392446633 82
1701396056676 0.8914203612479474 83
1701396080047 0.8690476190476191 84
1701396103479 0.9388341543513957 85
