1701393798830 0.37106460341620157 0
1701393838644 0.4074205986808727 1
1701393861929 0.44787409098596315 2
1701393885160 0.4613173867921712 3
1701393909119 0.47849039297711743 4
1701393933211 0.5062220521648251 5
1701393970407 0.5284973249746181 6
1701393994091 0.572343179018446 7
1701394017347 0.6165473789105927 8
1701394040784 0.6218694985915832 9
1701394064239 0.6671507047339963 10
1701394105508 0.6871542767839931 11
1701394129618 0.695963578154044 12
1701394153594 0.7280205238255856 13
1701394177687 0.6511236208410783 14
1701394202114 0.7003554075718337 15
1701394241075 0.7657544353352993 16
1701394265924 0.765731832529878 17
1701394290018 0.7895885434058368 18
1701394314071 0.6511040275447935 19
1701394338262 0.7745799696787286 20
1701394376710 0.780240654116581 21
1701394400940 0.8257986350547609 22
1701394425090 0.683737507210077 23
1701394449368 0.8221353654066089 24
1701394473462 0.7140006822004527 25
1701394511667 0.7804482460531573 26
1701394535826 0.8038608008877522 27
1701394559956 0.7998986742280266 28
1701394589264 0.8227752027972003 29
1701394613462 0.8907431352464977 30
1701394652400 0.7262460741799376 31
1701394676675 0.8572743122482808 32
1701394701694 0.8213831128499761 33
1701394725765 0.8174024280667535 34
1701394750079 0.7981724336959161 35
1701394792154 0.8578470798273073 36
1701394816157 0.8835563483120864 37
1701394840379 0.8861965429921429 38
1701394864760 0.9015462970001762 39
1701394889104 0.5794919293124332 40
1701394927597 0.8204042991673757 41
1701394951733 0.8981116594805215 42
1701394976048 0.9098759004267015 43
1701395000381 0.7995859400823595 44
1701395024564 0.3107716269931769 45
1701395063377 0.5171764758438723 46
1701395087436 0.670275004772306 47
1701395111909 0.7513507505143485 48
1701395136290 0.8227057653211673 49
1701395160751 0.8512473925001686 50
1701395199123 0.5503183894926301 51
1701395223161 0.7498928078109278 52
1701395247325 0.7936861298859358 53
1701395271507 0.8049161545705364 54
1701395295747 0.8845805254623412 55
1701395333861 0.8569791973441013 56
1701395357903 0.8870242391855415 57
1701395381953 0.7829548153178543 58
1701395406307 0.8984746072021372 59
1701395430378 0.903185226197924 60
1701395468930 0.8973694460352132 61
1701395493131 0.8911647911550632 62
1701395517391 0.8891490303443588 63
1701395541595 0.9394859777727849 64
1701395565843 0.8503253489883743 65
1701395604125 0.9350340050975925 66
1701395628164 0.8700963713017443 67
1701395653626 0.9023529828461639 68
1701395677847 0.9493532546376774 69
1701395702045 0.4535232099253456 70
1701395740487 0.7625615209851015 71
1701395764753 0.8819406333568148 72
1701395789097 0.6078440387843487 73
1701395813204 0.8827676696862178 74
1701395837505 0.8751322826939569 75
1701395875847 0.8676207664670837 76
1701395899951 0.8770351805771176 77
1701395924122 0.810717590879818 78
1701395948492 0.9086617211122503 79
1701395971691 0.8410539512723615 80
1701396009485 0.7754206302146947 81
1701396033187 0.9220314380004705 82
1701396056676 0.8952604582014496 83
1701396080047 0.8704314847944098 84
1701396103479 0.9407094331926887 85
