1701393798926 1.0422260975226378 0
1701393838816 1.0034469931553571 1
1701393862021 0.9443958462812961 2
1701393885250 0.9160617681650015 3
1701393909220 0.8739712666242551 4
1701393933314 0.8472909774535742 5
1701393970496 0.8349671042882479 6
1701393994193 0.7876704747860248 7
1701394017439 0.7544681888360244 8
1701394040871 0.7393152148295672 9
1701394064343 0.6788570086161295 10
1701394105638 0.6472707451918186 11
1701394129713 0.661517104277244 12
1701394153698 0.6101985497352405 13
1701394177795 0.7380738006188319 14
1701394202215 0.674088356586603 15
1701394241174 0.5463608885422732 16
1701394266030 0.5523705043089695 17
1701394290116 0.5209546540028009 18
1701394314175 0.7969432503749163 19
1701394338353 0.5492460712408408 20
1701394376817 0.5307111847095001 21
1701394401041 0.4350286454726488 22
1701394425180 0.7682258276603161 23
1701394449477 0.4632591223105406 24
1701394473556 0.6873277647373004 25
1701394511764 0.5260941783587137 26
1701394535929 0.4804722353433951 27
1701394560050 0.4848797092070946 28
1701394589376 0.44066329567860335 29
1701394613568 0.3048121050382272 30
1701394652505 0.6907283136477838 31
1701394676779 0.38317746344285136 32
1701394701787 0.45376657064144427 33
1701394725862 0.44580064503810346 34
1701394750182 0.48884293016714925 35
1701394792280 0.38918810853591335 36
1701394816263 0.32278340596419114 37
1701394840471 0.31551283292281324 38
1701394864854 0.2769924971537712 39
1701394889211 0.9403060430135483 40
1701394927691 0.5117656313456022 41
1701394951824 0.32428463987815076 42
1701394976141 0.26343322029480565 43
1701395000474 0.49203933431552005 44
1701395024659 1.1224448268230145 45
1701395063468 0.8807393633402311 46
1701395087532 0.744199548012171 47
1701395112011 0.594834484350987 48
1701395136393 0.45497720822309834 49
1701395160848 0.37896672922831315 50
1701395199214 1.0758823737120018 51
1701395223259 0.5959580349616516 52
1701395247422 0.5095142324765524 53
1701395271603 0.46511618410929656 54
1701395295842 0.31303753837560994 55
1701395333955 0.36606132372831685 56
1701395358000 0.30980797035571855 57
1701395382049 0.5163571719939892 58
1701395406398 0.2901007666801795 59
1701395430467 0.2613637273510297 60
1701395469019 0.263983844468991 61
1701395493234 0.2847471980807873 62
1701395517480 0.28829436500867206 63
1701395541688 0.18115970549675134 64
1701395565944 0.3601090512596644 65
1701395604213 0.1955455746024083 66
1701395628267 0.3205337665784053 67
1701395653729 0.2532602412960468 68
1701395677941 0.1561825638398146 69
1701395702148 1.1469789093885667 70
1701395740582 0.5663257730312836 71
1701395764848 0.35725111953723127 72
1701395789198 0.8273947368829678 73
1701395813301 0.3548568934202194 74
1701395837599 0.35293905628033173 75
1701395875945 0.3459260303240556 76
1701395900055 0.35928486631466794 77
1701395924217 0.4841313236034833 78
1701395948582 0.26347801089286804 79
1701395971783 0.4247012715309094 80
1701396009573 0.4909795231353014 81
1701396033282 0.26091150557383513 82
1701396056767 0.29685953717965347 83
1701396080140 0.34068402017538363 84
1701396103567 0.17646630499989557 85
