1701403555729 0.40455665024630544 0
1701403596364 0.40455665024630544 1
1701403619897 0.40455665024630544 2
1701403644576 0.40455665024630544 3
1701403668361 0.40455665024630544 4
1701403692071 0.40435139573070605 5
1701403733284 0.4098932676518883 6
1701403756611 0.4158456486042693 7
1701403780300 0.4614121510673235 8
1701403803907 0.4837848932676519 9
1701403827233 0.48912151067323484 10
1701403867823 0.4837848932676519 11
1701403891166 0.47844827586206895 12
1701403914612 0.48173234811165844 13
1701403938022 0.47311165845648606 14
1701403961452 0.46818555008210183 15
1701404001411 0.4733169129720854 16
1701404025677 0.4745484400656814 17
1701404049007 0.47885878489326766 18
1701404072381 0.47188013136289 19
1701404095995 0.4710591133004926 20
1701404136304 0.46592775041050905 21
1701404159507 0.4729064039408867 22
1701404182972 0.47393267651888343 23
1701404206284 0.47783251231527096 24
1701404229522 0.4776272577996716 25
1701404269244 0.47783251231527096 26
1701404292984 0.4755747126436782 27
1701404316391 0.4757799671592775 28
1701404339456 0.4768062397372742 29
1701404362662 0.4815270935960591 30
1701404403314 0.4823481116584565 31
1701404427087 0.48173234811165844 32
1701404450524 0.49404761904761907 33
1701404474029 0.4885057471264368 34
1701404497517 0.4899425287356322 35
1701404537516 0.4907635467980296 36
1701404560956 0.4887110016420361 37
1701404584341 0.4880952380952381 38
1701404607752 0.49712643678160917 39
1701404631047 0.49979474548440067 40
1701404671100 0.49794745484400654 41
1701404694414 0.49486863711001644 42
1701404717718 0.5008210180623974 43
1701404741017 0.49835796387520526 44
1701404764210 0.49835796387520526 45
1701404804008 0.49917898193760263 46
1701404827280 0.5008210180623974 47
1701404850687 0.5022577996715928 48
1701404873955 0.5024630541871922 49
1701404897076 0.5012315270935961 50
1701404936692 0.500615763546798 51
1701404959817 0.5012315270935961 52
1701404983135 0.5030788177339901 53
1701405006300 0.5016420361247947 54
1701405029433 0.5038998357963875 55
1701405067102 0.5036945812807881 56
1701405090289 0.5018472906403941 57
1701405114218 0.4989737274220033 58
1701405137394 0.5055418719211823 59
1701405160559 0.5030788177339901 60
1701405198005 0.5002052545155994 61
1701405221588 0.5026683087027914 62
1701405244991 0.5010262725779967 63
1701405268157 0.5014367816091954 64
1701405291250 0.5002052545155994 65
1701405331628 0.5041050903119869 66
1701405355182 0.5061576354679803 67
1701405378469 0.500615763546798 68
1701405401974 0.5010262725779967 69
1701405425360 0.5041050903119869 70
1701405465974 0.5092364532019704 71
1701405489495 0.5108784893267652 72
1701405512655 0.5049261083743842 73
1701405535794 0.5061576354679803 74
1701405559596 0.5106732348111659 75
1701405599868 0.5094417077175698 76
1701405623066 0.5100574712643678 77
1701405646242 0.5092364532019704 78
1701405669488 0.5139573070607554 79
1701405693642 0.5125205254515599 80
1701405731379 0.5133415435139573 81
1701405754605 0.5199096880131363 82
1701405777760 0.5190886699507389 83
1701405800886 0.5205254515599343 84
1701405824229 0.5207307060755336 85
1701405865253 0.5207307060755336 86
1701405888495 0.5186781609195402 87
1701405911575 0.5197044334975369 88
1701405934849 0.5238095238095238 89
1701405957903 0.5254515599343186 90
1701405997669 0.5246305418719212 91
1701406020838 0.5264778325123153 92
1701406044128 0.5240147783251231 93
1701406067681 0.5287356321839081 94
1701406091120 0.5299671592775042 95
1701406128050 0.5285303776683087 96
1701406151032 0.5307881773399015 97
1701406174138 0.5318144499178982 98
1701406197882 0.5314039408866995 99
1701406221103 0.5348932676518884 100
1701406258090 0.535303776683087 101
1701406281121 0.5383825944170771 102
1701406304417 0.5410509031198686 103
1701406328029 0.5443349753694581 104
1701406352253 0.5422824302134647 105
1701406389249 0.5476190476190477 106
1701406412435 0.5449507389162561 107
1701406435665 0.5470032840722496 108
1701406458820 0.5545977011494253 109
1701406483044 0.555623973727422 110
1701406520119 0.5574712643678161 111
1701406543239 0.5570607553366174 112
1701406566441 0.5580870279146142 113
1701406589705 0.5595238095238095 114
1701406612979 0.5560344827586207 115
1701406650016 0.5648604269293924 116
1701406673589 0.562807881773399 117
1701406696801 0.5667077175697866 118
1701406720047 0.5706075533661741 119
1701406743324 0.5701970443349754 120
1701406780322 0.5652709359605911 121
1701406803456 0.5658866995073891 122
1701406826671 0.5712233169129721 123
1701406849874 0.5720443349753694 124
1701406873044 0.5706075533661741 125
1701406909954 0.5734811165845649 126
1701406933020 0.575944170771757 127
1701406956119 0.5761494252873564 128
1701406979232 0.5773809523809523 129
1701407002305 0.5779967159277504 130
1701407039493 0.5747126436781609 131
1701407062701 0.5786124794745484 132
1701407085716 0.5751231527093597 133
1701407108772 0.5851806239737274 134
1701407132062 0.5794334975369458 135
1701407169370 0.5888752052545156 136
1701407192546 0.5823070607553367 137
1701407216157 0.5892857142857143 138
1701407240001 0.5857963875205254 139
1701407263705 0.590927750410509 140
