1701403555834 1.0971697538326948 0
1701403596483 1.0892797769644322 1
1701403620004 1.08139496583205 2
1701403644688 1.075165595763769 3
1701403668468 1.0698607915487044 4
1701403692157 1.0676928819754186 5
1701403733431 1.0613227073962872 6
1701403756714 1.0601372290880253 7
1701403780384 1.0539582386994972 8
1701403804013 1.0553399721781414 9
1701403827318 1.0508163892305815 10
1701403867987 1.0491934250562618 11
1701403891274 1.0506599316230187 12
1701403914700 1.0465747454227545 13
1701403938115 1.0433577788181794 14
1701403961549 1.0440441981340065 15
1701404001578 1.0473517362888043 16
1701404025779 1.043063020094847 17
1701404049096 1.0420903059152455 18
1701404072473 1.043706748730097 19
1701404096097 1.0411332295491145 20
1701404136409 1.0388085337785573 21
1701404159600 1.0426335029112987 22
1701404183060 1.046285595649328 23
1701404206381 1.037395287782718 24
1701404229611 1.0415955491555042 25
1701404269362 1.0408455500235925 26
1701404293075 1.0425873383497581 27
1701404316486 1.0444872501568916 28
1701404339549 1.0425256383724701 29
1701404362745 1.0403081407913795 30
1701404403490 1.0350436950341249 31
1701404427181 1.0355526438126197 32
1701404450626 1.034366318812737 33
1701404474117 1.0359509251056573 34
1701404497609 1.0356642451041784 35
1701404537656 1.03345715541106 36
1701404561049 1.0350927114486694 37
1701404584442 1.0349239768126073 38
1701404607842 1.038865572366959 39
1701404631151 1.0338121132972913 40
1701404671275 1.035315250739073 41
1701404694519 1.0312331364705012 42
1701404717807 1.0303134062351325 43
1701404741122 1.032171490864876 44
1701404764297 1.0315679220052867 45
1701404804128 1.0291468715056395 46
1701404827370 1.0280673977656243 47
1701404850785 1.0299323843075678 48
1701404874048 1.029360179717724 49
1701404897162 1.027176280816396 50
1701404936816 1.030701553210234 51
1701404959907 1.0269383237912104 52
1701404983241 1.0300855835278828 53
1701405006388 1.0270047172521934 54
1701405029529 1.0306396117577186 55
1701405067189 1.0257602043640919 56
1701405090377 1.0225947866073022 57
1701405114310 1.0250042142012181 58
1701405137487 1.0307871821599128 59
1701405160660 1.0255800791275806 60
1701405198092 1.0232706161645742 61
1701405221688 1.0265758022283897 62
1701405245084 1.0215708980193505 63
1701405268244 1.0228020900335066 64
1701405291345 1.0231914397997735 65
1701405331777 1.0184073463464394 66
1701405355285 1.016644428937863 67
1701405378556 1.0182530268644676 68
1701405402074 1.0129520006668873 69
1701405425451 1.012631023541475 70
1701405466110 1.0133414421326075 71
1701405489579 1.016088401659941 72
1701405512745 1.0138252346943586 73
1701405535884 1.0087183163716242 74
1701405559698 1.0108154110419445 75
1701405600056 1.0089353766196814 76
1701405623158 1.0067947873702416 77
1701405646330 1.008980535543882 78
1701405669581 1.0083076021610162 79
1701405693727 0.999877440623748 80
1701405731461 1.0003944757657173 81
1701405754692 1.0034458881769426 82
1701405777849 0.9954246970323416 83
1701405800991 0.9991937249134748 84
1701405824320 0.996789615887862 85
1701405865372 0.9959050355813442 86
1701405888583 0.9964767022010608 87
1701405911671 0.9925730014458681 88
1701405934936 0.9923946276689187 89
1701405957992 0.990943940786215 90
1701405997782 0.9881795568343921 91
1701406020930 0.9826672612092434 92
1701406044225 0.9828239327821976 93
1701406067789 0.9836560396047739 94
1701406091208 0.9817239321195163 95
1701406128140 0.9802421071590521 96
1701406151122 0.9771294807776426 97
1701406174228 0.9766033719747494 98
1701406197973 0.9784379754310999 99
1701406221189 0.9691421557695438 100
1701406258180 0.9700082280696967 101
1701406281210 0.9657926987379025 102
1701406304505 0.9661923020313947 103
1701406328136 0.9632522219266647 104
1701406352341 0.9586259524027506 105
1701406389336 0.9563146462807288 106
1701406412524 0.9521540388082846 107
1701406435761 0.9533949463795393 108
1701406458909 0.9527655320289807 109
1701406483127 0.9513238760141226 110
1701406520205 0.9429291792404957 111
1701406543330 0.9442149339578091 112
1701406566542 0.9431070074056968 113
1701406589796 0.9398829875848232 114
1701406613066 0.939141143590976 115
1701406650103 0.9379083009866568 116
1701406673693 0.9306734265425266 117
1701406696891 0.9268043071795733 118
1701406720137 0.9177372577862862 119
1701406743424 0.922288423929459 120
1701406780410 0.9227239413139148 121
1701406803544 0.9234363834063212 122
1701406826760 0.9116129248570173 123
1701406849962 0.9178216870014484 124
1701406873146 0.9120593697596819 125
1701406910054 0.9112459696256198 126
1701406933112 0.9070888956387838 127
1701406956207 0.9065865599192106 128
1701406979325 0.8939191362796686 129
1701407002393 0.9005615634795947 130
1701407039580 0.8934625647006891 131
1701407062795 0.8893826558039739 132
1701407085802 0.9008184656118735 133
1701407108872 0.8844885566295722 134
1701407132150 0.8912981794430659 135
1701407169466 0.8847802021564581 136
1701407192637 0.8963603973388672 137
1701407216245 0.8799929817517599 138
1701407240108 0.8780777576642159 139
1701407263807 0.8716875681510339 140
