1701403555729 0.1348522167487685 0
1701403596364 0.1348522167487685 1
1701403619897 0.1348522167487685 2
1701403644576 0.1348522167487685 3
1701403668361 0.1348522167487685 4
1701403692071 0.13481146923971807 5
1701403733284 0.3047504278965937 6
1701403756611 0.28551706827309237 7
1701403780300 0.3035486711972439 8
1701403803907 0.32115166984819193 9
1701403827233 0.3412547918715462 10
1701403867823 0.3470591854312784 11
1701403891166 0.34815472019167504 12
1701403914612 0.35354665995296286 13
1701403938022 0.35461678155506665 14
1701403961452 0.37973429864744385 15
1701404001411 0.37894235092109607 16
1701404025677 0.37582270179869814 17
1701404049007 0.3661329618617198 18
1701404072381 0.38654827417714016 19
1701404095995 0.38368462138953946 20
1701404136304 0.39534937475440907 21
1701404159507 0.389249948662125 22
1701404182972 0.3867561785680027 23
1701404206284 0.38245252734978896 24
1701404229522 0.3725110787643539 25
1701404269244 0.3772761674599417 26
1701404292984 0.38849260262086455 27
1701404316391 0.38437065022867367 28
1701404339456 0.3850251560159375 29
1701404362662 0.3749539871226475 30
1701404403314 0.36967509868497883 31
1701404427087 0.37044154218299735 32
1701404450524 0.3673995959137895 33
1701404474029 0.36893945533027556 34
1701404497517 0.3667509718514355 35
1701404537516 0.36726161612393843 36
1701404560956 0.3638889203149786 37
1701404584341 0.36968334942492537 38
1701404607752 0.36746181030551756 39
1701404631047 0.3717986453806115 40
1701404671100 0.36616551843963974 41
1701404694414 0.36912646263160437 42
1701404717718 0.3653352823930463 43
1701404741017 0.3640498671026145 44
1701404764210 0.3597904176685722 45
1701404804008 0.3656031527898387 46
1701404827280 0.3580597546699242 47
1701404850687 0.36305251760445084 48
1701404873955 0.366670355869013 49
1701404897076 0.37041227918690156 50
1701404936692 0.36648753770218273 51
1701404959817 0.36512390958675084 52
1701404983135 0.368434929522739 53
1701405006300 0.36261285164430856 54
1701405029433 0.3667264499907779 55
1701405067102 0.3639819674558888 56
1701405090289 0.35944851641328296 57
1701405114218 0.35581379349690084 58
1701405137394 0.36303173794595606 59
1701405160559 0.36459790209790205 60
1701405198005 0.355906083928272 61
1701405221588 0.35676393559690095 62
1701405244991 0.357818954899809 63
1701405268157 0.35434093216984214 64
1701405291250 0.3561983351959272 65
1701405331628 0.3603508107767051 66
1701405355182 0.35335752177025986 67
1701405378469 0.3539896402388972 68
1701405401974 0.3540699145518334 69
1701405425360 0.35712464311142966 70
1701405465974 0.3562738426641922 71
1701405489495 0.3591773342613691 72
1701405512655 0.35836338743580737 73
1701405535794 0.35912984942618875 74
1701405559596 0.358628067488827 75
1701405599868 0.35712845331720106 76
1701405623066 0.35616820006955646 77
1701405646242 0.35865848378781545 78
1701405669488 0.3600410575082531 79
1701405693642 0.3607096884220506 80
1701405731379 0.3598288704046147 81
1701405754605 0.3599859919273709 82
1701405777760 0.35982468856894406 83
1701405800886 0.3584662415142499 84
1701405824229 0.3609878293427786 85
1701405865253 0.362702850877193 86
1701405888495 0.35874840171149175 87
1701405911575 0.36100319126700414 88
1701405934849 0.3610213957583784 89
1701405957903 0.3639849980253325 90
1701405997669 0.36099636247161254 91
1701406020838 0.36548154608830896 92
1701406044128 0.3631199512448102 93
1701406067681 0.3689173807288608 94
1701406091120 0.3628600727005525 95
1701406128050 0.3670100603147677 96
1701406151032 0.3675614389900104 97
1701406174138 0.3666119321291735 98
1701406197882 0.36579702960367017 99
1701406221103 0.3672680815263886 100
1701406258090 0.3698127998161884 101
1701406281121 0.3711690252673859 102
1701406304417 0.3734276994284769 103
1701406328029 0.37512653501233423 104
1701406352253 0.37543793793793795 105
1701406389249 0.37915952810032955 106
1701406412435 0.3769912525353745 107
1701406435665 0.37530071496666584 108
1701406458820 0.3805753825940193 109
1701406483044 0.3813002713201323 110
1701406520119 0.3819173458866041 111
1701406543239 0.38089024071166927 112
1701406566441 0.38308549554825627 113
1701406589705 0.38180404991937095 114
1701406612979 0.3828148148148148 115
1701406650016 0.38660362863752695 116
1701406673589 0.38407117707436095 117
1701406696801 0.3861459200760083 118
1701406720047 0.3928207641152628 119
1701406743324 0.3918808816041774 120
1701406780322 0.38638122476005493 121
1701406803456 0.38505654050243404 122
1701406826671 0.39453879105057554 123
1701406849874 0.3921335334483878 124
1701406873044 0.38811700841435703 125
1701406909954 0.39185066849076183 126
1701406933020 0.39436813186813185 127
1701406956119 0.39533479233188623 128
1701406979232 0.39544647267147975 129
1701407002305 0.39601050743907235 130
1701407039493 0.3949526929521981 131
1701407062701 0.39567089273011674 132
1701407085716 0.3966521593572146 133
1701407108772 0.40233978823550837 134
1701407132062 0.39737804170571955 135
1701407169370 0.40736642270127144 136
1701407192546 0.39894963518363724 137
1701407216157 0.40836191687895385 138
1701407240001 0.4016298292005522 139
1701407263705 0.4059541826544981 140
