1701403555729 0.19202104340201667 0
1701403596364 0.19202104340201667 1
1701403619897 0.19202104340201667 2
1701403644576 0.19202104340201667 3
1701403668361 0.19202104340201667 4
1701403692071 0.1919516710513495 5
1701403733284 0.20624293969875418 6
1701403756611 0.22376398624264213 7
1701403780300 0.32266715455791245 8
1701403803907 0.35428233202665776 9
1701403827233 0.3554058684164123 10
1701403867823 0.3458263853546941 11
1701403891166 0.33753094628551744 12
1701403914612 0.338028807464447 13
1701403938022 0.3250879830316564 14
1701403961452 0.3068923882957666 15
1701404001411 0.3145611772960542 16
1701404025677 0.3177268046138874 17
1701404049007 0.32622572823770946 18
1701404072381 0.30882698555332827 19
1701404095995 0.3097121727636997 20
1701404136304 0.2976023506171403 21
1701404159507 0.3104069811774286 22
1701404182972 0.312361601873631 23
1701404206284 0.3195584291296321 24
1701404229522 0.3224113489993554 25
1701404269244 0.3214318303254765 26
1701404292984 0.31420195578841187 27
1701404316391 0.3158885573777407 28
1701404339456 0.3176085497890676 29
1701404362662 0.32753874909016006 30
1701404403314 0.3313530409321626 31
1701404427087 0.32980828955976654 32
1701404450524 0.3468740473761997 33
1701404474029 0.3398730700141079 34
1701404497517 0.3426597220284416 35
1701404537516 0.34357766763343145 36
1701404560956 0.3419564389225987 37
1701404584341 0.3388549436535932 38
1701404607752 0.3516499167818518 39
1701404631047 0.35338634356245907 40
1701404671100 0.3526595079814771 41
1701404694414 0.348147593057766 42
1701404717718 0.35679177126829 43
1701404741017 0.3547050186890854 44
1701404764210 0.3568786730335957 45
1701404804008 0.3547807360646959 46
1701404827280 0.360614953477366 47
1701404850687 0.3601856584587359 48
1701404873955 0.35845120683119186 49
1701404897076 0.3552771565562487 50
1701404936692 0.35637337422426674 51
1701404959817 0.3577740779401299 52
1701404983135 0.3586837214680356 53
1701405006300 0.35941068109852137 54
1701405029433 0.36012931970070805 55
1701405067102 0.3614477882024523 56
1701405090289 0.36152238183156643 57
1701405114218 0.35981370405074936 58
1701405137394 0.3641855791418558 59
1701405160559 0.3601353341171729 60
1701405198005 0.3613923787293783 61
1701405221588 0.3638066792130265 62
1701405244991 0.361578950695226 63
1701405268157 0.36348304330908054 64
1701405291250 0.3612643039810431 65
1701405331628 0.36372230276288836 66
1701405355182 0.36989396832742977 67
1701405378469 0.3627896586499782 68
1701405401974 0.36337991571136286 69
1701405425360 0.36541576454696484 70
1701405465974 0.37187698258082086 71
1701405489495 0.37237855535464953 72
1701405512655 0.365983040051367 73
1701405535794 0.36701014967638024 74
1701405559596 0.37266463778398357 75
1701405599868 0.3717973187650321 76
1701405623066 0.3731804081127766 77
1701405646242 0.3709245028959585 78
1701405669488 0.37586668467799944 79
1701405693642 0.37368427374512647 80
1701405731379 0.3750078284093569 81
1701405754605 0.381837130530932 82
1701405777760 0.3812456138488682 83
1701405800886 0.3829467328825351 84
1701405824229 0.38254218121394423 85
1701405865253 0.3819136454176257 86
1701405888495 0.38126953954688086 87
1701405911575 0.3817499655333296 88
1701405934849 0.3854040802973744 89
1701405957903 0.3861525784716567 90
1701405997669 0.386329068971398 91
1701406020838 0.3868810553319931 92
1701406044128 0.3852475808867224 93
1701406067681 0.38809540327432 94
1701406091120 0.390714429432726 95
1701406128050 0.38850169808969987 96
1701406151032 0.3904769692185605 97
1701406174138 0.3917161554435567 98
1701406197882 0.39146420933988546 99
1701406221103 0.3943012039963791 100
1701406258090 0.3940527658905057 101
1701406281121 0.3966379683307764 102
1701406304417 0.3986056682194247 103
1701406328029 0.40122361097454373 104
1701406352253 0.3991816163553554 105
1701406389249 0.4033962987558149 106
1701406412435 0.4014578443060577 107
1701406435665 0.40343608257965863 108
1701406458820 0.4090362532440219 109
1701406483044 0.40994405227650255 110
1701406520119 0.41128071519742654 111
1701406543239 0.4111275432259683 112
1701406566441 0.41181861296150535 113
1701406589705 0.4129714787302336 114
1701406612979 0.4102538294735016 115
1701406650016 0.4168797402590673 116
1701406673589 0.41542803497558795 117
1701406696801 0.41839991304200824 118
1701406720047 0.4212263000049685 119
1701406743324 0.4209035685211138 120
1701406780322 0.4173064008825791 121
1701406803456 0.41772714094043967 122
1701406826671 0.42179717075114564 123
1701406849874 0.42246031717233185 124
1701406873044 0.4212965661432018 125
1701406909954 0.4235246051840003 126
1701406933020 0.4254090857741204 127
1701406956119 0.42565058222791724 128
1701406979232 0.42656450743435226 129
1701407002305 0.4271244185266581 130
1701407039493 0.4247220075178189 131
1701407062701 0.42760985905058657 132
1701407085716 0.4250369425235904 133
1701407108772 0.43259511199213235 134
1701407132062 0.4282717494860257 135
1701407169370 0.4354202456900271 136
1701407192546 0.43048304624268924 137
1701407216157 0.4357265716530896 138
1701407240001 0.433093030364785 139
1701407263705 0.43695751343407846 140
