1701403555729 0.3333333333333333 0
1701403596364 0.3333333333333333 1
1701403619897 0.3333333333333333 2
1701403644576 0.3333333333333333 3
1701403668361 0.3333333333333333 4
1701403692071 0.33316421444275324 5
1701403733284 0.3376274310840521 6
1701403756611 0.34239210214780996 7
1701403780300 0.37860248604769153 8
1701403803907 0.39609969558599695 9
1701403827233 0.39934178927786235 10
1701403867823 0.3946774057162185 11
1701403891166 0.3901552511415525 12
1701403914612 0.3927704211060375 13
1701403938022 0.38554481650600375 14
1701403961452 0.3811990529342128 15
1701404001411 0.38545890410958905 16
1701404025677 0.3865104008117706 17
1701404049007 0.3901526297987485 18
1701404072381 0.3841966007102993 19
1701404095995 0.3835544562827668 20
1701404136304 0.3792234906139016 21
1701404159507 0.3850470996110265 22
1701404182972 0.38590740740740737 23
1701404206284 0.3891746152545239 24
1701404229522 0.3890766108574328 25
1701404269244 0.38921630306105187 26
1701404292984 0.38725790630813467 27
1701404316391 0.3874564518856756 28
1701404339456 0.3883118552342297 29
1701404362662 0.39230703534584815 30
1701404403314 0.3930570776255708 31
1701404427087 0.3925276509386098 32
1701404450524 0.40280475224082535 33
1701404474029 0.39818949771689494 34
1701404497517 0.3994150177574835 35
1701404537516 0.4000939455437173 36
1701404560956 0.39841992220531036 37
1701404584341 0.39783409436834094 38
1701404607752 0.4053979367495349 39
1701404631047 0.40756215119228817 40
1701404671100 0.4060866734314223 41
1701404694414 0.4034910366987992 42
1701404717718 0.40850828682563844 43
1701404741017 0.40648621681041774 44
1701404764210 0.40657940131912734 45
1701404804008 0.40713571790969055 46
1701404827280 0.4086823947234906 47
1701404850687 0.4097779468966683 48
1701404873955 0.4098636901741924 49
1701404897076 0.4087680534415694 50
1701404936692 0.4083269068154913 51
1701404959817 0.40886859462201924 52
1701404983135 0.4103538812785388 53
1701405006300 0.4092632335531879 54
1701405029433 0.41106223575173345 55
1701405067102 0.41095932690681547 56
1701405090289 0.4095230847285642 57
1701405114218 0.40720201251479793 58
1701405137394 0.4125328936242178 59
1701405160559 0.4104200913242009 60
1701405198005 0.40824124809741247 61
1701405221588 0.41028538812785387 62
1701405244991 0.4088858447488584 63
1701405268157 0.4093172670387282 64
1701405291250 0.40823389142567224 65
1701405331628 0.4113932014205987 66
1701405355182 0.4133688483003552 67
1701405378469 0.4086407914764079 68
1701405401974 0.4089912903771351 69
1701405425360 0.41148883815322174 70
1701405465974 0.4158590394047015 71
1701405489495 0.4171433282597666 72
1701405512655 0.41215305259597496 73
1701405535794 0.413165313715542 74
1701405559596 0.4170036360561475 75
1701405599868 0.4160060882800609 76
1701405623066 0.4165796549974632 77
1701405646242 0.4157830204633857 78
1701405669488 0.41974141721630304 79
1701405693642 0.4184864704887536 80
1701405731379 0.4192119905293421 81
1701405754605 0.42476847623879593 82
1701405777760 0.4240920006764755 83
1701405800886 0.42536166074750553 84
1701405824229 0.42544004735328933 85
1701405865253 0.42536893285980043 86
1701405888495 0.4237954507018434 87
1701405911575 0.4245870962286487 88
1701405934849 0.4280430407576527 89
1701405957903 0.42931261626923733 90
1701405997669 0.42875629967867407 91
1701406020838 0.430136140706917 92
1701406044128 0.428148401826484 93
1701406067681 0.43192042956198207 94
1701406091120 0.43321224420767795 95
1701406128050 0.4318199729409775 96
1701406151032 0.43370725520040593 97
1701406174138 0.4346215119228818 98
1701406197882 0.43430289193302896 99
1701406221103 0.4372048875359378 100
1701406258090 0.43743522746490787 101
1701406281121 0.4399965330627431 102
1701406304417 0.44216810417723657 103
1701406328029 0.44488381532217147 104
1701406352253 0.4431215119228818 105
1701406389249 0.4475063419583967 106
1701406412435 0.44533477084390327 107
1701406435665 0.4471338576018941 108
1701406458820 0.4533397598511753 109
1701406483044 0.4541951631997294 110
1701406520119 0.4557221376627769 111
1701406543239 0.4554304921359716 112
1701406566441 0.4562123287671233 113
1701406589705 0.45747708439032636 114
1701406612979 0.45449661762218846 115
1701406650016 0.46179325215626593 116
1701406673589 0.46016582107221377 117
1701406696801 0.46339379333671565 118
1701406720047 0.46643294435988497 119
1701406743324 0.46611432437003214 120
1701406780322 0.4621633688483004 121
1701406803456 0.4627369355657027 122
1701406826671 0.4669133265685777 123
1701406849874 0.46768053441569424 124
1701406873044 0.4666193133773042 125
1701406909954 0.4689036022323694 126
1701406933020 0.47089379333671566 127
1701406956119 0.4710432944359885 128
1701406979232 0.4720776255707763 129
1701407002305 0.4725898866903433 130
1701407039493 0.4698643666497548 131
1701407062701 0.4731291222729579 132
1701407085716 0.47015601217656017 133
1701407108772 0.4784330289193302 134
1701407132062 0.4737614578048368 135
1701407169370 0.48138643666497555 136
1701407192546 0.47613893116861156 137
1701407216157 0.48170260443091495 138
1701407240001 0.4789845256215119 139
1701407263705 0.48315854895991883 140
