1701301818119 0.3231401501948434 0
1701301840267 0.3458482157957044 1
1701301849249 0.382238795873499 2
1701301858654 0.3804134956874683 3
1701301868252 0.37272340605445625 4
1701301877886 0.4232535092169795 5
1701301900560 0.42824852020970744 6
1701301910372 0.39856189751395227 7
1701301920323 0.3645836292913918 8
1701301931134 0.369162100456621 9
1701301941053 0.38240241840013534 10
1701301962904 0.37052240825300187 11
1701301972767 0.36780179266024016 12
1701301981767 0.3798558261457805 13
1701301991214 0.3718876204972095 14
1701302000804 0.38529950955521725 15
1701302022546 0.374100879418231 16
1701302033140 0.4012457297480128 17
1701302042542 0.4027628953154067 18
1701302051086 0.3961378318958227 19
1701302061467 0.3952873329950955 20
1701302082448 0.39291966852697446 21
1701302092134 0.38986081515305254 22
1701302100965 0.3927456451885676 23
1701302110859 0.4012604430914933 24
1701302120591 0.40210603754439367 25
1701302141880 0.3983559952646711 26
1701302151324 0.3937579063081346 27
1701302161145 0.3932456451885676 28
1701302170265 0.3963069507864028 29
1701302180057 0.3929074074074074 30
