1701301818314 1.086159117810138 0
1701301840427 1.0661433702939516 1
1701301849362 1.0563844705556895 2
1701301858790 1.0505487353770764 3
1701301868368 1.0490473833951084 4
1701301878064 1.0481964133002541 5
1701301900726 1.0444485862533768 6
1701301910497 1.0472881956533953 7
1701301920486 1.0430409691550515 8
1701301931251 1.0464681193426058 9
1701301941172 1.0442569828652717 10
1701301963108 1.042958655914703 11
1701301972901 1.0437590441146454 12
1701301981890 1.0436203108205424 13
1701301991345 1.041467374795443 14
1701302000920 1.041334427796401 15
1701302022876 1.04326936176845 16
1701302033262 1.0421590503160056 17
1701302042673 1.0409935418661538 18
1701302051230 1.040948829867623 19
1701302061603 1.0429822400018767 20
1701302082607 1.0429155176336116 21
1701302092278 1.0418084449582286 22
1701302101114 1.0418176689705292 23
1701302111060 1.0427365295298687 24
1701302120746 1.0417004599199666 25
1701302142045 1.0416490814902566 26
1701302151433 1.0406238413476325 27
1701302161285 1.0426671977167006 28
1701302170385 1.0415547265634908 29
1701302180410 1.042698477769827 30
