1701301818119 0.2868575663190139 0
1701301840267 0.236985485162695 1
1701301849249 0.33902297153030997 2
1701301858654 0.3364611075266309 3
1701301868252 0.2826152397363096 4
1701301877886 0.3742660211953053 5
1701301900560 0.37535595166596786 6
1701301910372 0.32927104466147966 7
1701301920323 0.2672710839326846 8
1701301931134 0.27600737200651543 9
1701301941053 0.30061746827111063 10
1701301962904 0.27880669810202185 11
1701301972767 0.27316162526660065 12
1701301981767 0.2960525693083833 13
1701301991214 0.28190466337605796 14
1701302000804 0.30640027779611295 15
1701302022546 0.28651693720580496 16
1701302033140 0.33213837952819886 17
1701302042542 0.3339813851791173 18
1701302051086 0.3232092023296898 19
1701302061467 0.3217713983348761 20
1701302082448 0.3182787981824025 21
1701302092134 0.3130052698314973 22
1701302100965 0.3177689983491199 23
1701302110859 0.33278283990374535 24
1701302120591 0.333965304640538 25
1701302141880 0.3273235645413826 26
1701302151324 0.31915247845507727 27
1701302161145 0.31814271029504376 28
1701302170265 0.32348610189348265 29
1701302180057 0.31764151710051536 30
1701302203509 0.31965940940856313 31
1701302213434 0.32324772257894235 32
1701302223799 0.32191066118698125 33
1701302234115 0.3210287269481925 34
1701302243539 0.32091392550229175 35
1701302265255 0.32054568857141313 36
1701302274660 0.3216644063403162 37
1701302283756 0.3228786460382194 38
1701302292374 0.3214028658669279 39
1701302301008 0.3220202299486186 40
1701302318173 0.32191066118698125 41
1701302327485 0.322035493142 42
1701302337597 0.3221567582246104 43
1701302346703 0.3216644063403162 44
1701302356144 0.3224026976555219 45
1701302377933 0.32178946814918447 46
1701302387744 0.3216644063403162 47
1701302396615 0.3224026976555219 48
1701302406650 0.3221567582246104 49
1701302417191 0.3220387273038115 50
1701302435806 0.3219142416073362 51
1701302444560 0.3220387273038115 52
1701302453134 0.3222842939853449 53
1701302461524 0.3220387273038115 54
1701302469834 0.32252970381153373 55
1701302493036 0.3219142416073362 56
1701302502949 0.3222842939853449 57
1701302513353 0.3221600372122228 58
1701302523008 0.3222842939853449 59
1701302532504 0.3222842939853449 60
1701302554970 0.32252970381153373 61
1701302564488 0.32252970381153373 62
1701302574541 0.32252970381153373 63
1701302585169 0.32252970381153373 64
1701302594530 0.32252970381153373 65
1701302611226 0.32252970381153373 66
1701302621560 0.32252970381153373 67
1701302630571 0.32252970381153373 68
1701302639676 0.32252970381153373 69
1701302648267 0.32252970381153373 70
1701302665190 0.32252970381153373 71
1701302674739 0.32252970381153373 72
1701302684175 0.32252970381153373 73
1701302693201 0.32252970381153373 74
1701302701920 0.32252970381153373 75
1701302718669 0.32252970381153373 76
1701302729275 0.32252970381153373 77
1701302739092 0.32252970381153373 78
1701302749087 0.32252970381153373 79
1701302759639 0.32252970381153373 80
1701302779106 0.32252970381153373 81
1701302790261 0.32252970381153373 82
1701302800696 0.32252970381153373 83
1701302810204 0.32252970381153373 84
1701302820124 0.32252970381153373 85
1701302842605 0.32252970381153373 86
1701302851544 0.32252970381153373 87
1701302861037 0.32252970381153373 88
1701302870782 0.32252970381153373 89
1701302879557 0.32252970381153373 90
