1701301818119 0.31054006889077196 0
1701301840267 0.3315530107311449 1
1701301849249 0.32014673608572136 2
1701301858654 0.30827431813352174 3
1701301868252 0.4091835060293523 4
1701301877886 0.37675720412701236 5
1701301900560 0.3987254516889238 6
1701301910372 0.4074045954119237 7
1701301920323 0.4080353011721734 8
1701301931134 0.41126196217501865 9
1701301941053 0.4101720399451283 10
1701301962904 0.409745341618821 11
1701301972767 0.4097347515790109 12
1701301981767 0.4108914509694657 13
1701301991214 0.4059515956380735 14
1701302000804 0.41092949139556406 15
1701302022546 0.405714311387065 16
1701302033140 0.41436566897124294 17
1701302042542 0.4147551588426633 18
1701302051086 0.41469400434917675 19
1701302061467 0.41596200499153535 20
1701302082448 0.41339059699031905 21
1701302092134 0.414707174191503 22
1701302100965 0.4139750115687182 23
1701302110859 0.41175432985394317 24
1701302120591 0.4124679742385588 25
1701302141880 0.4130720104045715 26
1701302151324 0.41572172023724036 27
1701302161145 0.41602356650900346 28
1701302170265 0.41569579268496293 29
1701302180057 0.4157175347033453 30
