1701301818119 0.39511494252873564 0
1701301840267 0.42549261083743845 1
1701301849249 0.46818555008210183 2
1701301858654 0.4642857142857143 3
1701301868252 0.458128078817734 4
1701301877886 0.5186781609195402 5
1701301900560 0.5250410509031199 6
1701301910372 0.48932676518883417 7
1701301920323 0.4482758620689655 8
1701301931134 0.4538177339901478 9
1701301941053 0.4698275862068966 10
1701301962904 0.45545977011494254 11
1701301972767 0.45217569786535305 12
1701301981767 0.4667487684729064 13
1701301991214 0.4571018062397373 14
1701302000804 0.4733169129720854 15
1701302022546 0.45977011494252873 16
1701302033140 0.49261083743842365 17
1701302042542 0.4944581280788177 18
1701302051086 0.48645320197044334 19
1701302061467 0.48542692939244664 20
1701302082448 0.4825533661740558 21
1701302092134 0.47885878489326766 22
1701302100965 0.4823481116584565 23
1701302110859 0.49261083743842365 24
1701302120591 0.49363711001642036 25
1701302141880 0.48912151067323484 26
1701302151324 0.48357963875205257 27
1701302161145 0.4829638752052545 28
1701302170265 0.48665845648604267 29
1701302180057 0.4825533661740558 30
1701302203509 0.4837848932676519 31
1701302213434 0.4858374384236453 32
1701302223799 0.4848111658456486 33
1701302234115 0.4848111658456486 34
1701302243539 0.48440065681444994 35
1701302265255 0.4839901477832512 36
1701302274660 0.48460591133004927 37
1701302283756 0.48563218390804597 38
1701302292374 0.48440065681444994 39
1701302301008 0.4848111658456486 40
1701302318173 0.4848111658456486 41
1701302327485 0.4848111658456486 42
1701302337597 0.4850164203612479 43
1701302346703 0.48460591133004927 44
1701302356144 0.4852216748768473 45
1701302377933 0.48460591133004927 46
1701302387744 0.48460591133004927 47
1701302396615 0.4852216748768473 48
1701302406650 0.4850164203612479 49
1701302417191 0.48460591133004927 50
1701302435806 0.48460591133004927 51
1701302444560 0.48460591133004927 52
1701302453134 0.4848111658456486 53
1701302461524 0.48460591133004927 54
1701302469834 0.4850164203612479 55
1701302493036 0.48460591133004927 56
1701302502949 0.4848111658456486 57
1701302513353 0.4848111658456486 58
1701302523008 0.4848111658456486 59
1701302532504 0.4848111658456486 60
1701302554970 0.4850164203612479 61
1701302564488 0.4850164203612479 62
1701302574541 0.4850164203612479 63
1701302585169 0.4850164203612479 64
1701302594530 0.4850164203612479 65
1701302611226 0.4850164203612479 66
1701302621560 0.4850164203612479 67
1701302630571 0.4850164203612479 68
1701302639676 0.4850164203612479 69
1701302648267 0.4850164203612479 70
1701302665190 0.4850164203612479 71
1701302674739 0.4850164203612479 72
1701302684175 0.4850164203612479 73
1701302693201 0.4850164203612479 74
1701302701920 0.4850164203612479 75
1701302718669 0.4850164203612479 76
1701302729275 0.4850164203612479 77
1701302739092 0.4850164203612479 78
1701302749087 0.4850164203612479 79
1701302759639 0.4850164203612479 80
1701302779106 0.4850164203612479 81
1701302790261 0.4850164203612479 82
1701302800696 0.4850164203612479 83
1701302810204 0.4850164203612479 84
1701302820124 0.4850164203612479 85
1701302842605 0.4850164203612479 86
1701302851544 0.4850164203612479 87
1701302861037 0.4850164203612479 88
1701302870782 0.4850164203612479 89
1701302879557 0.4850164203612479 90
