1701401352726 0.42980295566502463 0
1701401367983 0.4591543513957307 1
1701401372695 0.48091133004926107 2
1701401377270 0.5110837438423645 3
1701401381851 0.5334564860426929 4
1701401386332 0.5385878489326765 5
1701401400924 0.5798440065681445 6
1701401405638 0.5517241379310345 7
1701401410160 0.5925697865353038 8
1701401414679 0.5962643678160919 9
1701401419229 0.6219211822660099 10
1701401434158 0.632183908045977 11
1701401438846 0.6545566502463054 12
1701401443398 0.6252052545155994 13
1701401447828 0.6594827586206896 14
1701401452261 0.6861658456486043 15
1701401464121 0.6896551724137931 16
1701401468668 0.6847290640394089 17
1701401473128 0.7107963875205254 18
1701401477612 0.7385057471264368 19
1701401481956 0.7095648604269293 20
1701401496765 0.7502052545155994 21
1701401501410 0.7411740558292282 22
1701401505932 0.7479474548440066 23
1701401510368 0.715927750410509 24
1701401514755 0.7916666666666666 25
1701401528174 0.7582101806239737 26
1701401532713 0.7479474548440066 27
1701401537198 0.7994663382594417 28
1701401541675 0.8288177339901478 29
1701401546050 0.8300492610837439 30
1701401557977 0.8043924466338259 31
1701401562591 0.8197865353037767 32
1701401567101 0.8347701149425287 33
1701401571619 0.8452380952380952 34
1701401576043 0.8382594417077176 35
1701401587933 0.7415845648604269 36
1701401592499 0.8138341543513957 37
1701401596967 0.840311986863711 38
1701401601446 0.7705254515599343 39
1701401605806 0.8438013136288999 40
1701401618964 0.8526272577996716 41
1701401623560 0.8113711001642037 42
1701401628031 0.8407224958949097 43
1701401632460 0.826559934318555 44
1701401636857 0.8674055829228243 45
1701401648542 0.8440065681444991 46
1701401653070 0.853448275862069 47
1701401657514 0.8776683087027914 48
1701401661908 0.8657635467980296 49
1701401666293 0.8115763546798029 50
1701401678069 0.8776683087027914 51
1701401682615 0.8920361247947455 52
1701401687053 0.896551724137931 53
1701401691490 0.8838259441707718 54
1701401695919 0.8253284072249589 55
1701401707786 0.8745894909688013 56
1701401712345 0.8932676518883416 57
1701401716855 0.8967569786535303 58
1701401721301 0.8910098522167488 59
1701401725740 0.8782840722495895 60
1701401737550 0.9170771756978654 61
1701401742149 0.9018883415435139 62
1701401746662 0.916871921182266 63
1701401751132 0.7908456486042693 64
1701401755628 0.9068144499178982 65
1701401767579 0.9107142857142857 66
1701401772131 0.9183087027914614 67
1701401776929 0.9131773399014779 68
1701401782288 0.8967569786535303 69
1701401787018 0.9277504105090312 70
