1701401352726 0.314033579613219 0
1701401367983 0.337356501573187 1
1701401372695 0.3356658964409593 2
1701401377270 0.3761476426799008 3
1701401381851 0.39278906941670694 4
1701401386332 0.3963691515386252 5
1701401400924 0.4281970228038905 6
1701401405638 0.4065185149085658 7
1701401410160 0.4383605486926321 8
1701401414679 0.444114147989763 9
1701401419229 0.5065968376018269 10
1701401434158 0.5667727635357592 11
1701401438846 0.6072620697083816 12
1701401443398 0.591320896337011 13
1701401447828 0.6304463031128703 14
1701401452261 0.66220286035659 15
1701401464121 0.6702469413780813 16
1701401468668 0.6655039624693294 17
1701401473128 0.6967600130894905 18
1701401477612 0.7288451427873847 19
1701401481956 0.697364856829398 20
1701401496765 0.7447654716967826 21
1701401501410 0.73238986205934 22
1701401505932 0.7434076191563452 23
1701401510368 0.7037529125081593 24
1701401514755 0.7879814381403115 25
1701401528174 0.7503718456693688 26
1701401532713 0.7518243173258918 27
1701401537198 0.7957328081040774 28
1701401541675 0.8282057649949449 29
1701401546050 0.8300799656121622 30
1701401557977 0.8027148960062559 31
1701401562591 0.8184899939471041 32
1701401567101 0.8312287818684134 33
1701401571619 0.8469441467570925 34
1701401576043 0.8404501500478458 35
1701401587933 0.7472335733140988 36
1701401592499 0.8164212217945606 37
1701401596967 0.8446792519019332 38
1701401601446 0.7833966943901333 39
1701401605806 0.8502157186036206 40
1701401618964 0.8585208304957285 41
1701401623560 0.8090102449562536 42
1701401628031 0.8464853594457901 43
1701401632460 0.8328624436288184 44
1701401636857 0.8720663490662561 45
1701401648542 0.8476578696732537 46
1701401653070 0.8569916439809434 47
1701401657514 0.8829879693298827 48
1701401661908 0.8703755187081699 49
1701401666293 0.8136521551605126 50
1701401678069 0.8819198132444458 51
1701401682615 0.895840760029626 52
1701401687053 0.9003776260088218 53
1701401691490 0.888027058574547 54
1701401695919 0.8284337481620213 55
1701401707786 0.8817769351763936 56
1701401712345 0.8980741216154596 57
1701401716855 0.8994983962209829 58
1701401721301 0.8948458393324955 59
1701401725740 0.8807036548628085 60
1701401737550 0.9194050849294731 61
1701401742149 0.9036421951797676 62
1701401746662 0.9191376900050887 63
1701401751132 0.8026038223911085 64
1701401755628 0.911206405926523 65
1701401767579 0.9131158856845959 66
1701401772131 0.9206733136167672 67
1701401776929 0.9161142364683482 68
1701401782288 0.9013347953650822 69
1701401787018 0.931947402876923 70
