1701401352804 1.0571652482717464 0
1701401368084 1.0404720642627814 1
1701401372772 1.0388853748639424 2
1701401377347 1.0260856411395929 3
1701401381933 0.9875250336451408 4
1701401386414 0.9571429185378246 5
1701401401034 0.8951353446031228 6
1701401405718 0.9498949952614613 7
1701401410242 0.856070053883088 8
1701401414758 0.8442016442616781 9
1701401419309 0.8147826255896152 10
1701401434259 0.8036349033698057 11
1701401438924 0.7685017509338183 12
1701401443479 0.812344708503821 13
1701401447910 0.75923274572079 14
1701401452341 0.7082736629706162 15
1701401464200 0.7242090472808251 16
1701401468748 0.7191613713900248 17
1701401473210 0.675698119860429 18
1701401477696 0.6237146625152001 19
1701401482036 0.6733941909594413 20
1701401496868 0.5998219939378592 21
1701401501489 0.6298134410992647 22
1701401506015 0.6113576186008942 23
1701401510450 0.7035277302448566 24
1701401514838 0.5286705241753504 25
1701401528253 0.5843008748995953 26
1701401532791 0.5829725968532073 27
1701401537279 0.49049580975984913 28
1701401541757 0.4407076881482051 29
1701401546131 0.4450984750038538 30
1701401558059 0.4892124701768924 31
1701401562671 0.4484167916652484 32
1701401567180 0.44308694127278453 33
1701401571700 0.3929618379244438 34
1701401576126 0.41789265282643145 35
1701401588010 0.6127901929311264 36
1701401592579 0.4569371671248705 37
1701401597053 0.4280928740134606 38
1701401601525 0.5444862823455762 39
1701401605894 0.4010906880482649 40
1701401619041 0.3845478464395572 41
1701401623639 0.456357098924808 42
1701401628111 0.4096939594317705 43
1701401632542 0.44343666312022084 44
1701401636937 0.35638687855158097 45
1701401648619 0.38968245455851924 46
1701401653149 0.3764720578224231 47
1701401657592 0.32007032479995334 48
1701401662026 0.34328645123885226 49
1701401666374 0.46107806036105525 50
1701401678150 0.3131189825825202 51
1701401682694 0.2861559822773322 52
1701401687132 0.2696338756344257 53
1701401691573 0.29924271886165327 54
1701401696000 0.44143328853906727 55
1701401707869 0.3149390430786671 56
1701401712424 0.28306622688586897 57
1701401716933 0.2816433100364147 58
1701401721380 0.2782847909973218 59
1701401725823 0.30239808330169093 60
1701401737639 0.2188744763724315 61
1701401742227 0.25706996424840045 62
1701401746743 0.21830967937906584 63
1701401751212 0.5124960866494056 64
1701401755707 0.24271783805810487 65
1701401767656 0.23593661723992762 66
1701401772216 0.20422709284302515 67
1701401777009 0.24557966318650123 68
1701401782373 0.25362042256463796 69
1701401787097 0.2008983972362983 70
