1701401352726 0.35117512261119566 0
1701401367983 0.37541307289024184 1
1701401372695 0.39203509216979543 2
1701401377270 0.4177955352612887 3
1701401381851 0.4359622019279554 4
1701401386332 0.44011660747505504 5
1701401400924 0.4740457466599019 6
1701401405638 0.4508249619482496 7
1701401410160 0.484496786741079 8
1701401414679 0.48823393835100265 9
1701401419229 0.5246131488905068 10
1701401434158 0.5595067032834405 11
1701401438846 0.5929595533684598 12
1701401443398 0.5787932924181993 13
1701401447828 0.617176014849427 14
1701401452261 0.6481183658610338 15
1701401464121 0.659590289215827 16
1701401468668 0.6555486014092989 17
1701401473128 0.6876393635386053 18
1701401477612 0.7207988607656 19
1701401481956 0.6943644837753794 20
1701401496765 0.7422808652768135 21
1701401501410 0.7276167358627589 22
1701401505932 0.7395902213617993 23
1701401510368 0.6964278119488033 24
1701401514755 0.7862715583883438 25
1701401528174 0.7510317976362022 26
1701401532713 0.7524050142155595 27
1701401537198 0.7956837079757858 28
1701401541675 0.8314159121542799 29
1701401546050 0.833593980174611 30
1701401557977 0.8037986052102508 31
1701401562591 0.821219316324215 32
1701401567101 0.8349071204120869 33
1701401571619 0.85089216465235 34
1701401576043 0.8449559953022113 35
1701401587933 0.7479193399558114 36
1701401592499 0.8211620128939545 37
1701401596967 0.8484081556787251 38
1701401601446 0.7892230222991047 39
1701401605806 0.8539161722144607 40
1701401618964 0.8623565436340815 41
1701401623560 0.8124999481005847 42
1701401628031 0.8494175769711502 43
1701401632460 0.8367637892429499 44
1701401636857 0.8762572918678591 45
1701401648542 0.8521063136530375 46
1701401653070 0.8628934843803407 47
1701401657514 0.8875053844001056 48
1701401661908 0.8741892591485154 49
1701401666293 0.8185645534876501 50
1701401678069 0.8854969802611413 51
1701401682615 0.8990815607289794 52
1701401687053 0.9048179371324455 53
1701401691490 0.892777339307491 54
1701401695919 0.8348527716821774 55
1701401707786 0.8860193953652414 56
1701401712345 0.9015070614175617 57
1701401716855 0.9023883917619392 58
1701401721301 0.9011286554597716 59
1701401725740 0.883621226429172 60
1701401737550 0.9242524715102242 61
1701401742149 0.906988618167273 62
1701401746662 0.922893023479746 63
1701401751132 0.8068206508242998 64
1701401755628 0.9152455024417127 65
1701401767579 0.9166413887420125 66
1701401772131 0.9246671158359288 67
1701401776929 0.9208702510861806 68
1701401782288 0.905006673814333 69
1701401787018 0.9348174341867549 70
