1701401352726 0.28762761426777333 0
1701401367983 0.307704958913084 1
1701401372695 0.35962090551957515 2
1701401377270 0.3468071672726481 3
1701401381851 0.3672205678855723 4
1701401386332 0.37175202546296293 5
1701401400924 0.3977281695093445 6
1701401405638 0.38431310920062306 7
1701401410160 0.4077768618236178 8
1701401414679 0.6815153452877373 9
1701401419229 0.6783864585709104 10
1701401434158 0.6523898975528343 11
1701401438846 0.6819423832915049 12
1701401443398 0.6340202236778434 13
1701401447828 0.6678897396010277 14
1701401452261 0.6973480553388001 15
1701401464121 0.6973683153841866 16
1701401468668 0.6913151328123298 17
1701401473128 0.7168641962198997 18
1701401477612 0.7461471861471861 19
1701401481956 0.7073280148238089 20
1701401496765 0.7543373677825099 21
1701401501410 0.7447062629739721 22
1701401505932 0.7545574612667106 23
1701401510368 0.7204475246753844 24
1701401514755 0.7960322380985354 25
1701401528174 0.7561808621662148 26
1701401532713 0.7541060489943822 27
1701401537198 0.8015163718135422 28
1701401541675 0.8301992484970412 29
1701401546050 0.8323164854813284 30
1701401557977 0.8064631152892022 31
1701401562591 0.819935773642117 32
1701401567101 0.8321450886112337 33
1701401571619 0.8475562479425204 34
1701401576043 0.8411698833761009 35
1701401587933 0.7485521028021745 36
1701401592499 0.8188761235346235 37
1701401596967 0.8497276279706213 38
1701401601446 0.7878138236435298 39
1701401605806 0.8533612674983398 40
1701401618964 0.8609361947011847 41
1701401623560 0.8116710891692328 42
1701401628031 0.8489221661076534 43
1701401632460 0.8369626714107145 44
1701401636857 0.8739760939305863 45
1701401648542 0.8489229190834308 46
1701401653070 0.8557024733440959 47
1701401657514 0.8836936746746407 48
1701401661908 0.8702891010997472 49
1701401666293 0.8136639937831157 50
1701401678069 0.8826260466198806 51
1701401682615 0.8966074861738637 52
1701401687053 0.8996802030937726 53
1701401691490 0.8869353379860909 54
1701401695919 0.8264564050860642 55
1701401707786 0.881759330005515 56
1701401712345 0.8983071832673044 57
1701401716855 0.8995502461031702 58
1701401721301 0.8923030074030104 59
1701401725740 0.8813758228894274 60
1701401737550 0.9176872694487894 61
1701401742149 0.9028851720660788 62
1701401746662 0.9178905727366939 63
1701401751132 0.8014303187185909 64
1701401755628 0.9103607635245113 65
1701401767579 0.9122384733416458 66
1701401772131 0.9192526192754693 67
1701401776929 0.9142659504113197 68
1701401782288 0.900372594762093 69
1701401787018 0.9316202123543124 70
