1699990617782 1.1068176890120787 0
1699990652195 1.1030980401179369 1
1699990680036 1.1018679738044739 2
1699990707472 1.1002749187104843 3
1699990735358 1.1001959215192234 4
1699990762471 1.1008341803270227 5
1699990795393 1.1000816120820887 6
1699990822693 1.0994079673991484 7
1699990849658 1.0990856149617363 8
1699990877407 1.0994506951640635 9
1699990904949 1.0994397279094248 10
1699990937507 1.0997373058515436 11
1699990964670 1.099226125899483 12
1699990992494 1.0993929698186762 13
1699991019442 1.0995854104266447 14
1699991045968 1.0994449292912203 15
1699991078553 1.0991647261030533 16
1699991105302 1.0994980563135708 17
1699991132006 1.099228610010708 18
1699991159839 1.0993641825283276 19
1699991187270 1.0986156533746159 20
1699991221302 1.099284357884351 21
1699991248344 1.09902842781123 22
1699991276090 1.0993946580325855 23
1699991302506 1.0988318341619827 24
1699991328556 1.0993727989056532 25
1699991361915 1.0992016178720139 26
1699991390962 1.099325502620024 27
1699991418419 1.0991174911751467 28
1699991446547 1.0991500914096832 29
1699991473965 1.098887413740158 30
1699991507023 1.0989150790607227 31
1699991534821 1.099122166633606 32
