1699990617776 0.3329680470642519 0
1699990652190 0.33043026877379167 1
1699990680027 0.32483562117891335 2
1699990707466 0.33527511823739764 3
1699990735352 0.3346983504441112 4
1699990762464 0.33435228976813935 5
1699990795387 0.3307186526704349 6
1699990822688 0.34069673549429 7
1699990849652 0.3411581497289191 8
1699990877401 0.33833198754181565 9
1699990904943 0.33740915907255736 10
1699990937501 0.33377552197485294 11
1699990964664 0.3393701695697312 12
1699990992489 0.3351597646787403 13
1699991019437 0.3310070365670781 14
1699991045962 0.33562117891336946 15
1699991078548 0.3405813819356327 16
1699991105297 0.3324489560502942 17
1699991132001 0.3336601684161956 18
1699991159834 0.33614026992732726 19
1699991187263 0.33856269465913025 20
1699991221297 0.3357942092513554 21
1699991248338 0.33792825008651517 22
1699991276084 0.3357365324720268 23
1699991302499 0.341504210404891 24
1699991328550 0.33464067366478256 25
1699991361909 0.3382166339831584 26
1699991390956 0.3345253201061253 27
1699991418414 0.33440996654746796 28
1699991446541 0.3316991579190218 29
1699991473959 0.3363709770446418 30
1699991507017 0.3389664321144307 31
1699991534816 0.3329680470642519 32
