1699990617773 0.3329680470642519 0
1699990652185 0.33043026877379167 1
1699990680021 0.32483562117891335 2
1699990707462 0.33527511823739764 3
1699990735348 0.3346983504441112 4
1699990762460 0.33435228976813935 5
1699990795383 0.3307186526704349 6
1699990822684 0.34069673549429 7
1699990849648 0.3411581497289191 8
1699990877397 0.33833198754181565 9
1699990904938 0.33740915907255736 10
1699990937497 0.33377552197485294 11
1699990964660 0.3393701695697312 12
1699990992485 0.3351597646787403 13
1699991019434 0.3310070365670781 14
1699991045957 0.33562117891336946 15
1699991078544 0.3405813819356327 16
1699991105293 0.3324489560502942 17
1699991131997 0.3336601684161956 18
1699991159829 0.33614026992732726 19
1699991187259 0.33856269465913025 20
1699991221293 0.3357942092513554 21
1699991248334 0.33792825008651517 22
1699991276080 0.3357365324720268 23
1699991302495 0.341504210404891 24
1699991328545 0.33464067366478256 25
1699991361905 0.3382166339831584 26
1699991390951 0.3345253201061253 27
1699991418410 0.33440996654746796 28
1699991446537 0.3316991579190218 29
1699991473954 0.3363709770446418 30
1699991507013 0.3389664321144307 31
1699991534813 0.3329680470642519 32
