1699990617780 0.3329680470642519 0
1699990652194 0.33043026877379167 1
1699990680032 0.32483562117891335 2
1699990707471 0.33527511823739764 3
1699990735356 0.3346983504441112 4
1699990762469 0.33435228976813935 5
1699990795391 0.3307186526704349 6
1699990822692 0.34069673549429 7
1699990849656 0.3411581497289191 8
1699990877405 0.33833198754181565 9
1699990904947 0.33740915907255736 10
1699990937505 0.33377552197485294 11
1699990964668 0.3393701695697312 12
1699990992493 0.3351597646787403 13
1699991019441 0.3310070365670781 14
1699991045966 0.33562117891336946 15
1699991078551 0.3405813819356327 16
1699991105301 0.3324489560502942 17
1699991132005 0.3336601684161956 18
1699991159838 0.33614026992732726 19
1699991187267 0.33856269465913025 20
1699991221301 0.3357942092513554 21
1699991248342 0.33792825008651517 22
1699991276089 0.3357365324720268 23
1699991302504 0.341504210404891 24
1699991328554 0.33464067366478256 25
1699991361914 0.3382166339831584 26
1699991390960 0.3345253201061253 27
1699991418418 0.33440996654746796 28
1699991446545 0.3316991579190218 29
1699991473963 0.3363709770446418 30
1699991507021 0.3389664321144307 31
1699991534820 0.3329680470642519 32
