1699664513967 1.040175199508667 0
1699664535351 1.042768955230713 1
1699664547501 1.0318228006362915 2
1699664560527 1.0344364643096924 3
1699664572888 1.0093834400177002 4
1699664585946 0.9671445488929749 5
1699664607590 0.9624366164207458 6
1699664620737 0.9517079591751099 7
1699664633287 0.9550212621688843 8
1699664646233 0.9441543817520142 9
1699664658222 0.9268707036972046 10
1699664679380 0.9250670075416565 11
1699664691531 0.9282836318016052 12
1699664703504 0.8952056765556335 13
1699664715327 0.9310468435287476 14
1699664727363 0.854191780090332 15
1699664747617 0.8666671514511108 16
1699664760559 0.910214900970459 17
1699664773929 0.8661046028137207 18
1699664786906 0.9055912494659424 19
1699664799682 0.8684185147285461 20
1699664820217 0.8644717335700989 21
1699664832296 0.8389381170272827 22
1699664844370 0.8558952212333679 23
1699664856295 0.8266573548316956 24
1699664868521 0.9018049836158752 25
1699664888968 0.8882876634597778 26
1699664901117 0.8369405269622803 27
1699664913022 0.8807910680770874 28
1699664925130 0.8661722540855408 29
1699664937601 0.8946087956428528 30
1699664958964 0.8524777293205261 31
1699664971275 0.8731088042259216 32
1699664983212 0.9126920104026794 33
1699664995074 0.8350193500518799 34
1699665007144 0.8683284521102905 35
1699665027658 0.8640828132629395 36
1699665039951 0.7933232188224792 37
1699665051794 0.8063760995864868 38
1699665063937 0.8456058502197266 39
1699665075797 0.832356333732605 40
1699665096582 0.8187414407730103 41
1699665108437 0.8197805881500244 42
1699665120603 0.807062566280365 43
1699665133181 0.8324421048164368 44
1699665145429 0.8846023082733154 45
1699665166454 0.8606153130531311 46
1699665178728 0.8075138330459595 47
1699665192919 0.8436656594276428 48
1699665206551 0.8315364122390747 49
1699665218793 0.836777925491333 50
1699665240072 0.7923082709312439 51
1699665252552 0.8253427147865295 52
1699665264761 0.790659487247467 53
1699665277712 0.8028715252876282 54
1699665290427 0.799750566482544 55
1699665311198 0.8189349174499512 56
1699665323804 0.8135000467300415 57
1699665335876 0.807924211025238 58
1699665348279 0.8067931532859802 59
1699665360496 0.7916383743286133 60
1699665381337 0.8644266724586487 61
1699665393723 0.8095757961273193 62
1699665406533 0.8172603249549866 63
1699665419248 0.7980039715766907 64
1699665431969 0.83875972032547 65
1699665452391 0.8202987909317017 66
1699665464484 0.8241974711418152 67
1699665476615 0.8819524049758911 68
1699665489891 0.7972626686096191 69
1699665502627 0.7872629165649414 70
1699665523909 0.8150748610496521 71
1699665536613 0.8097531199455261 72
1699665549038 0.9013645052909851 73
1699665560926 0.8314449191093445 74
1699665573007 0.7908053398132324 75
1699665593255 0.8012617230415344 76
1699665605968 0.8123918175697327 77
1699665617042 0.8373957276344299 78
1699665628154 0.8474326729774475 79
1699665640235 0.8084605932235718 80
1699665659856 0.7895352244377136 81
1699665671292 0.8296972513198853 82
1699665682989 0.8613325357437134 83
1699665694181 0.8127850294113159 84
1699665705512 0.8060585856437683 85
1699665726681 0.8135924935340881 86
1699665740386 0.8034865856170654 87
1699665752167 0.8222363591194153 88
1699665764055 0.8439902067184448 89
1699665775309 0.8419463038444519 90
1699665795710 0.821612536907196 91
1699665807421 0.8307821750640869 92
1699665818747 0.8471038937568665 93
1699665830204 0.8018374443054199 94
1699665841769 0.8826978206634521 95
1699665861703 0.8040370941162109 96
1699665872985 0.8661092519760132 97
1699665884029 0.8333014249801636 98
1699665895102 0.8566113710403442 99
1699665906201 0.7816628217697144 100
1699665926430 0.8179304003715515 101
1699665938079 0.8310988545417786 102
1699665949553 0.8045094013214111 103
1699665960748 0.8155295848846436 104
1699665972587 0.8101825714111328 105
1699665992629 0.8350350260734558 106
1699666003694 0.8803247213363647 107
1699666014573 0.8612028360366821 108
1699666025307 0.7777424454689026 109
1699666035855 0.7712966203689575 110
1699666055787 0.7620302438735962 111
1699666067469 0.8298926949501038 112
1699666078967 0.8806861639022827 113
1699666090136 0.7896059155464172 114
1699666101590 0.8529917597770691 115
1699666121619 0.7468017339706421 116
1699666133377 0.8237515687942505 117
1699666144921 0.8603155612945557 118
1699666156366 0.8353672623634338 119
1699666167905 0.8026247620582581 120
1699666188721 0.7865651845932007 121
1699666200259 0.82801353931427 122
1699666211831 0.7762975096702576 123
1699666223068 0.8311964869499207 124
1699666234634 0.795659065246582 125
1699666256413 0.8334855437278748 126
1699666268041 0.7524163722991943 127
1699666279007 0.8436058759689331 128
1699666290411 0.7837302684783936 129
1699666301777 0.7682062387466431 130
1699666321848 0.8386902213096619 131
1699666333283 0.8261561989784241 132
1699666344517 0.7836743593215942 133
1699666355855 0.8795031905174255 134
1699666367298 0.7988261580467224 135
1699666387339 0.7935361266136169 136
1699666398871 0.8053230047225952 137
1699666411474 0.7943365573883057 138
1699666423003 0.7569726705551147 139
1699666434370 0.8185320496559143 140
1699666454602 0.7788106799125671 141
1699666465991 0.7741358280181885 142
1699666477568 0.8653233647346497 143
1699666488910 0.8075357675552368 144
1699666500297 0.79304039478302 145
1699666520379 0.782534658908844 146
1699666532043 0.7945674061775208 147
1699666543429 0.8321408629417419 148
1699666554778 0.7694396376609802 149
1699666566402 0.7901008129119873 150
1699666586886 0.8246153593063354 151
1699666598541 0.7760418653488159 152
1699666609522 0.777033269405365 153
1699666620447 0.7727519869804382 154
1699666631919 0.8646355271339417 155
1699666651988 0.7424276471138 156
1699666663363 0.8443145155906677 157
1699666674939 0.7688628435134888 158
1699666686411 0.7877630591392517 159
1699666697502 0.7836412787437439 160
1699666717212 0.7817809581756592 161
1699666728797 0.8006992340087891 162
1699666740057 0.7575199604034424 163
1699666751587 0.8108111619949341 164
1699666763126 0.8448237180709839 165
1699666783236 0.8373905420303345 166
1699666794901 0.7602037787437439 167
1699666806251 0.8232191801071167 168
1699666818141 0.8236254453659058 169
1699666829848 0.7816745042800903 170
1699666849907 0.8168389201164246 171
1699666862057 0.7692881226539612 172
1699666873797 0.8140690922737122 173
1699666885315 0.8234131336212158 174
1699666896736 0.8305187225341797 175
1699666916438 0.840133786201477 176
1699666928094 0.8106771111488342 177
1699666939893 0.8725731372833252 178
1699666951189 0.7681968808174133 179
1699666962675 0.8219900727272034 180
1699666982737 0.8103581666946411 181
1699666994245 0.8393051028251648 182
1699667005670 0.8391994833946228 183
1699667016896 0.7487530708312988 184
1699667028471 0.7816906571388245 185
1699667048459 0.7803510427474976 186
1699667059914 0.8301282525062561 187
1699667071193 0.7824217081069946 188
1699667082288 0.7720489501953125 189
1699667092964 0.8400774002075195 190
1699667113129 0.7830606698989868 191
1699667124546 0.8499422073364258 192
1699667136079 0.8352919816970825 193
1699667147418 0.8366996049880981 194
1699667158807 0.796439528465271 195
1699667178645 0.8930810689926147 196
1699667190219 0.8373948335647583 197
1699667201717 0.7819297909736633 198
1699667213079 0.8598453402519226 199
1699667224366 0.8069560527801514 200
1699667244637 0.7818642854690552 201
1699667257426 0.8138828277587891 202
1699667269090 0.7723786234855652 203
1699667280642 0.8188697695732117 204
1699667292059 0.7734289169311523 205
1699667311971 0.8658879399299622 206
1699667324710 0.8497166633605957 207
1699667336793 0.837324321269989 208
1699667349125 0.782262921333313 209
1699667361960 0.8223329186439514 210
1699667381888 0.751990795135498 211
1699667393311 0.8425018191337585 212
1699667404745 0.892274022102356 213
1699667415972 0.8165086507797241 214
1699667427129 0.8365464806556702 215
1699667447048 0.7641454339027405 216
1699667458700 0.9033091068267822 217
1699667469903 0.7831949591636658 218
1699667481393 0.8403201699256897 219
1699667492657 0.817009687423706 220
1699667512641 0.8184227347373962 221
1699667524255 0.8083675503730774 222
1699667535840 0.748697817325592 223
1699667547414 0.8345077633857727 224
1699667560251 0.8213303685188293 225
1699667580235 0.7410775423049927 226
1699667591958 0.8355478048324585 227
1699667603363 0.9085546135902405 228
1699667614560 0.8021563291549683 229
1699667625870 0.8093720078468323 230
1699667645944 0.7981165647506714 231
1699667657536 0.785341203212738 232
1699667669086 0.7835974097251892 233
1699667680486 0.7784090042114258 234
1699667692065 0.7935413122177124 235
1699667712056 0.8163341879844666 236
1699667723847 0.7917340397834778 237
1699667735393 0.7651814818382263 238
1699667746823 0.778055727481842 239
1699667758130 0.7757744789123535 240
1699667779570 0.8588488698005676 241
1699667790940 0.8180717825889587 242
1699667802340 0.7714122533798218 243
1699667813714 0.8508809804916382 244
1699667825152 0.7921366095542908 245
1699667845789 0.7929834723472595 246
1699667857079 0.8232852220535278 247
1699667868830 0.7774717807769775 248
1699667880465 0.7626491785049438 249
1699667892171 0.807351291179657 250
1699667912371 0.7876411080360413 251
1699667923942 0.8170276880264282 252
1699667935641 0.7990268468856812 253
1699667946807 0.8023468255996704 254
1699667957987 0.7499927878379822 255
1699667978010 0.7814589738845825 256
1699667989478 0.8191158175468445 257
1699668000991 0.8324849605560303 258
1699668012530 0.78144770860672 259
1699668023810 0.8535397052764893 260
1699668043968 0.8320664763450623 261
1699668055358 0.8288787603378296 262
1699668066740 0.8077559471130371 263
1699668078099 0.7868962287902832 264
1699668089451 0.8060756921768188 265
1699668109322 0.8050500750541687 266
1699668120887 0.7671189308166504 267
1699668132376 0.8210322260856628 268
1699668143984 0.8603051900863647 269
1699668155458 0.7946882247924805 270
1699668175614 0.7508040070533752 271
1699668187059 0.8465685844421387 272
1699668198598 0.7975417971611023 273
1699668209819 0.8510885834693909 274
1699668221312 0.7976422905921936 275
1699668241431 0.8375300765037537 276
1699668253391 0.7792410254478455 277
1699668265024 0.7879076600074768 278
1699668277207 0.7499353289604187 279
1699668288645 0.8158097863197327 280
1699668308723 0.8071032762527466 281
1699668320819 0.7932792901992798 282
1699668332308 0.8086326718330383 283
1699668343689 0.7929523587226868 284
1699668355017 0.7827012538909912 285
1699668376467 0.8155431151390076 286
1699668388320 0.8510881066322327 287
1699668399922 0.8225395679473877 288
1699668411303 0.8725336790084839 289
1699668422673 0.8208774328231812 290
1699668443524 0.8272378444671631 291
1699668455299 0.8322772979736328 292
1699668467068 0.771659791469574 293
1699668478410 0.8254307508468628 294
1699668489697 0.8372985124588013 295
1699668509736 0.8037022352218628 296
1699668521142 0.7771945595741272 297
1699668532246 0.7939600348472595 298
1699668543587 0.8306570053100586 299
1699668555056 0.7789437174797058 300
1699668575233 0.7669344544410706 301
1699668586851 0.7961505651473999 302
1699668598257 0.8474505543708801 303
1699668609737 0.7804338335990906 304
1699668621387 0.8215640187263489 305
1699668641497 0.8423033952713013 306
1699668653191 0.8002970814704895 307
1699668664595 0.8764801025390625 308
1699668676087 0.7905619740486145 309
1699668687549 0.8004365563392639 310
1699668707636 0.7963473200798035 311
1699668719126 0.8094344735145569 312
1699668731869 0.815144956111908 313
1699668743723 0.8213541507720947 314
1699668755321 0.7385162115097046 315
1699668775418 0.7746304869651794 316
1699668787158 0.7802565097808838 317
1699668798579 0.8210835456848145 318
1699668810098 0.7659993171691895 319
1699668821333 0.8695650696754456 320
1699668841634 0.789945662021637 321
1699668853207 0.8339090943336487 322
1699668864827 0.8260633945465088 323
1699668876038 0.7948799133300781 324
1699668887407 0.795617938041687 325
1699668907596 0.8217447996139526 326
1699668919193 0.8337422609329224 327
1699668930558 0.8353695869445801 328
1699668942025 0.7586195468902588 329
1699668953459 0.7894124984741211 330
1699668973720 0.7662590146064758 331
1699668985307 0.789909839630127 332
1699668997231 0.7649924755096436 333
1699669008466 0.8491583466529846 334
1699669019668 0.7554476261138916 335
1699669039644 0.8246507048606873 336
1699669051343 0.814089298248291 337
1699669062965 0.8020596504211426 338
1699669074553 0.8193191885948181 339
1699669086071 0.8981451392173767 340
1699669106252 0.7856135964393616 341
1699669118077 0.7832117676734924 342
1699669129942 0.8220053315162659 343
1699669141657 0.785780131816864 344
1699669153332 0.8377028107643127 345
1699669173404 0.8205342888832092 346
1699669184769 0.8689614534378052 347
1699669196311 0.8104063272476196 348
1699669207679 0.8552515506744385 349
1699669219047 0.8409741520881653 350
1699669239125 0.8019264936447144 351
1699669250727 0.7777661681175232 352
1699669262371 0.8054129481315613 353
1699669274161 0.8352444171905518 354
1699669285901 0.8167139887809753 355
1699669305820 0.8233428001403809 356
1699669317270 0.8049798607826233 357
1699669328741 0.8531523942947388 358
1699669340192 0.7805572152137756 359
1699669351771 0.7872760891914368 360
1699669373081 0.7928043603897095 361
1699669385171 0.8452702164649963 362
1699669396933 0.8045170307159424 363
1699669408342 0.7948973774909973 364
1699669421017 0.7545309066772461 365
1699669441084 0.7721245884895325 366
1699669452678 0.7703998684883118 367
1699669464257 0.7994160056114197 368
1699669475789 0.7886985540390015 369
1699669486976 0.8419203758239746 370
1699669508397 0.7721421122550964 371
1699669520059 0.8316432237625122 372
1699669531452 0.7558080554008484 373
1699669542754 0.8418139815330505 374
1699669554299 0.805077075958252 375
1699669574352 0.8314454555511475 376
1699669585936 0.7764827013015747 377
1699669597163 0.7993137836456299 378
1699669608550 0.8159715533256531 379
1699669620001 0.8309115767478943 380
1699669640074 0.8027164936065674 381
1699669651440 0.7933140397071838 382
1699669664178 0.7645650506019592 383
1699669676081 0.8485665917396545 384
1699669687615 0.8072414994239807 385
1699669707698 0.7899169325828552 386
1699669719294 0.7893217206001282 387
1699669730816 0.7998266816139221 388
1699669742482 0.7787640690803528 389
1699669754111 0.8479934930801392 390
1699669774100 0.7649862170219421 391
1699669785711 0.8092480897903442 392
1699669797294 0.8260964751243591 393
1699669808589 0.7340295314788818 394
1699669820367 0.839485764503479 395
1699669840549 0.8633912205696106 396
1699669852085 0.8581600785255432 397
1699669863380 0.8037495613098145 398
1699669875912 0.8310175538063049 399
1699669887457 0.7931544780731201 400
1699669907569 0.8412696123123169 401
1699669919282 0.8380752205848694 402
1699669930913 0.8184841871261597 403
1699669942306 0.8281711935997009 404
1699669953683 0.7817853093147278 405
1699669973797 0.7821136116981506 406
1699669985368 0.7866629958152771 407
1699669996810 0.8356589674949646 408
1699670007709 0.7681599259376526 409
1699670019016 0.827362060546875 410
1699670039141 0.7795919179916382 411
1699670050699 0.7745453715324402 412
1699670062172 0.7912748456001282 413
1699670073593 0.8542487025260925 414
1699670084790 0.8040632605552673 415
1699670104724 0.8405306339263916 416
1699670116121 0.8374410271644592 417
1699670127324 0.8195179104804993 418
1699670138584 0.857206404209137 419
1699670149904 0.7958976626396179 420
1699670170104 0.8202189207077026 421
1699670181660 0.7984497547149658 422
1699670193223 0.7727405428886414 423
1699670204636 0.8225200772285461 424
1699670215999 0.7826281785964966 425
1699670236190 0.8267204165458679 426
1699670247995 0.7876680493354797 427
1699670259607 0.7551062107086182 428
1699670271381 0.8795115351676941 429
1699670282519 0.7385901212692261 430
1699670302654 0.7298578023910522 431
1699670314097 0.7581044435501099 432
1699670325440 0.9297532439231873 433
1699670336679 0.8266679644584656 434
1699670348340 0.7713685035705566 435
1699670368406 0.8352044820785522 436
1699670379826 0.8346172571182251 437
1699670391351 0.781339704990387 438
1699670402744 0.8010264039039612 439
1699670414273 0.7610893845558167 440
1699670434643 0.7781575322151184 441
1699670447461 0.828353762626648 442
1699670459353 0.7662811875343323 443
1699670470973 0.8242328763008118 444
1699670482921 0.8479818105697632 445
1699670504102 0.8192968964576721 446
1699670515830 0.7852175831794739 447
1699670527319 0.7974931001663208 448
1699670538931 0.7823334336280823 449
1699670551752 0.7797580361366272 450
1699670572136 0.8086923956871033 451
1699670583754 0.7544800043106079 452
1699670595283 0.7935372591018677 453
1699670606554 0.7757701277732849 454
1699670617993 0.825066089630127 455
1699670638594 0.7385483384132385 456
1699670650590 0.8792169094085693 457
1699670662214 0.7592049837112427 458
1699670673818 0.7712754011154175 459
1699670684945 0.8671281337738037 460
1699670705029 0.7948634028434753 461
1699670716621 0.8573227524757385 462
1699670728188 0.8862897753715515 463
1699670739575 0.7605893611907959 464
1699670750818 0.8038747906684875 465
1699670771021 0.8217872977256775 466
1699670782731 0.7947395443916321 467
1699670794149 0.8470239043235779 468
1699670805290 0.7955511212348938 469
1699670816173 0.8642803430557251 470
1699670836728 0.7834587693214417 471
1699670848576 0.7896436452865601 472
1699670860949 0.8329834938049316 473
1699670872834 0.8079767823219299 474
1699670884939 0.7936677932739258 475
1699670905351 0.8002197742462158 476
1699670917413 0.7781274914741516 477
1699670929439 0.8513519167900085 478
1699670941609 0.8009867072105408 479
1699670953529 0.8788982033729553 480
1699670973943 0.7699155807495117 481
1699670985759 0.7993099689483643 482
1699670997638 0.8350918292999268 483
1699671009504 0.8036094307899475 484
1699671022781 0.7697663903236389 485
1699671042931 0.8254408836364746 486
1699671055924 0.8448480367660522 487
1699671067701 0.760695219039917 488
1699671079507 0.8950103521347046 489
1699671091270 0.816983699798584 490
1699671111705 0.8072758316993713 491
1699671123509 0.8120958209037781 492
1699671135454 0.8030419945716858 493
1699671147214 0.8281755447387695 494
1699671159023 0.7912592887878418 495
1699671179284 0.8513411283493042 496
1699671191463 0.8330952525138855 497
1699671203321 0.7908154129981995 498
1699671215096 0.831161618232727 499
