1699664513965 0.6160161961534135 0
1699664535349 0.5162523900573613 1
1699664547499 0.4153638510853672 2
1699664560526 0.378022719604094 3
1699664572887 0.40569114835226633 4
1699664585945 0.44618153188617704 5
1699664607588 0.48622202226971095 6
1699664620735 0.4937577325385221 7
1699664633286 0.5158024969069845 8
1699664646231 0.5127657181419413 9
1699664658220 0.506354740749072 10
1699664679379 0.47958609830165333 11
1699664691529 0.47070070858171187 12
1699664703502 0.48577212911933415 13
1699664715326 0.47396243392194354 14
1699664727362 0.47373748734675514 15
1699664747616 0.4846473962433922 16
1699664760557 0.4924080530873917 17
1699664773929 0.4911708469238556 18
1699664786904 0.4945450455516815 19
1699664799681 0.50174333595771 20
1699664820216 0.5021932291080868 21
1699664832292 0.5043302215723766 22
1699664844369 0.5361601619615342 23
1699664856294 0.5250253064897087 24
1699664868520 0.5326734900461141 25
1699664888967 0.5493195366100551 26
1699664901116 0.5501068496232144 27
1699664913020 0.5459453379822292 28
1699664925128 0.5540434146890113 29
1699664937600 0.5630412776965471 30
1699664958962 0.56472837701046 31
1699664971273 0.5727139804296479 32
1699664983211 0.5729389270048364 33
1699664995072 0.5755258126195029 34
1699665007143 0.5705769879653583 35
1699665027657 0.5719266674164886 36
1699665039949 0.5829490496007198 37
1699665051793 0.5877854009672703 38
1699665063936 0.5865481948037341 39
1699665075796 0.5867731413789226 40
1699665096580 0.5926217523338208 41
1699665108436 0.600269935890226 42
1699665120602 0.6010572489033854 43
1699665133180 0.589360026993589 44
1699665145426 0.5964458441120234 45
1699665166452 0.5940839050725453 46
1699665178727 0.6103925317737038 47
1699665192918 0.6090428523225734 48
1699665206550 0.606568439995501 49
1699665218792 0.6110673714992689 50
1699665240070 0.6135417838263413 51
1699665252551 0.6024069283545158 52
1699665264760 0.6074682262962546 53
1699665277711 0.6120796310876166 54
1699665290426 0.6161286694410077 55
1699665311196 0.6106174783488921 56
1699665323802 0.6044314475312114 57
1699665335874 0.6072432797210663 58
1699665348278 0.6084804858846025 59
1699665360495 0.6199527612192104 60
1699665381336 0.6238893262850073 61
1699665393722 0.6165785625913845 62
1699665406532 0.6253514790237319 63
1699665419247 0.6264762118996738 64
1699665431968 0.619727814644022 65
1699665452390 0.621414913957935 66
1699665464482 0.6276009447756158 67
1699665476613 0.6310876166910359 68
1699665489888 0.6272635249128332 69
1699665502626 0.6304127769654707 70
1699665523907 0.6286132043639635 71
1699665536611 0.6258013721741087 72
1699665549037 0.6234394331346306 73
1699665560924 0.6294005173771229 74
1699665573006 0.6243392194353841 75
1699665593253 0.6273759982004274 76
1699665605967 0.6282757845011809 77
1699665617041 0.6343493420312676 78
1699665628153 0.6324372961421663 79
1699665640233 0.6291755708019345 80
1699665659855 0.6287256776515577 81
1699665671290 0.626026318749297 82
1699665682988 0.6336745023057024 83
1699665694180 0.6347992351816444 84
1699665705510 0.6313125632662243 85
1699665726680 0.6345742886064559 86
1699665740384 0.6331121358677314 87
1699665752165 0.6262512653244854 88
1699665764054 0.6354740749072095 89
1699665775308 0.6281633112135868 90
1699665795709 0.6335620290181082 91
1699665807420 0.6337869755932966 92
1699665818746 0.6365988077831515 93
1699665830203 0.6341243954560791 94
1699665841768 0.6353616016196153 95
1699665861702 0.6354740749072095 96
1699665872983 0.6316499831290069 97
1699665884028 0.6385108536722528 98
1699665895100 0.6331121358677314 99
1699665906199 0.6299628838150939 100
1699665926429 0.6286132043639635 101
1699665938077 0.6337869755932966 102
1699665949552 0.6305252502530649 103
1699665960747 0.6276009447756158 104
1699665972586 0.628838150939152 105
1699665992628 0.635699021482398 106
1699666003693 0.6370487009335283 107
1699666014571 0.6308626701158475 108
1699666025306 0.6380609605218761 109
1699666035854 0.6344618153188618 110
1699666055785 0.6364863344955574 111
1699666067467 0.6295129906647171 112
1699666078966 0.6363738612079631 113
1699666090135 0.6365988077831515 114
1699666101588 0.6355865481948038 115
1699666121618 0.6347992351816444 116
1699666133375 0.6279383646383984 117
1699666144919 0.6299628838150939 118
1699666156365 0.6319874029917895 119
1699666167903 0.6360364413451806 120
1699666188719 0.6286132043639635 121
1699666200257 0.6255764255989202 122
1699666211830 0.6300753571026881 123
1699666223067 0.6315375098414127 124
1699666234631 0.628838150939152 125
1699666256412 0.6368237543583399 126
1699666268040 0.6301878303902823 127
1699666279006 0.6362613879203689 128
1699666290409 0.635136655044427 129
1699666301776 0.6329996625801372 130
1699666321846 0.6290630975143403 131
1699666333281 0.6331121358677314 132
1699666344515 0.6338994488808908 133
1699666355854 0.6300753571026881 134
1699666367297 0.6381734338094702 135
1699666387338 0.631762456416601 136
1699666398870 0.6346867618940502 137
1699666411473 0.6294005173771229 138
1699666423001 0.6309751434034416 139
1699666434369 0.6335620290181082 140
1699666454601 0.6434596783263975 141
1699666465990 0.6312000899786301 142
1699666477566 0.6365988077831515 143
1699666488909 0.635699021482398 144
1699666500296 0.6354740749072095 145
1699666520378 0.6349117084692385 146
1699666532042 0.6409852659993251 147
1699666543428 0.6305252502530649 148
1699666554777 0.6320998762793837 149
1699666566400 0.6281633112135868 150
1699666586884 0.6364863344955574 151
1699666598540 0.6389607468226296 152
1699666609521 0.6383983803846587 153
1699666620446 0.6322123495669778 154
1699666631918 0.6425598920256439 155
1699666651987 0.6327747160049488 156
1699666663362 0.6322123495669778 157
1699666674938 0.6318749297041952 158
1699666686410 0.6367112810707457 159
1699666697501 0.6341243954560791 160
1699666717211 0.638623326959847 161
1699666728795 0.6336745023057024 162
1699666740056 0.6307501968282533 163
1699666751586 0.6346867618940502 164
1699666763125 0.6394106399730064 165
1699666783235 0.6313125632662243 166
1699666794899 0.6390732201102238 167
1699666806250 0.6418850523000788 168
1699666818140 0.6290630975143403 169
1699666829847 0.6309751434034416 170
1699666849905 0.6350241817568327 171
1699666862056 0.6314250365538184 172
1699666873795 0.6268136317624564 173
1699666885314 0.6362613879203689 174
1699666896735 0.626026318749297 175
1699666916437 0.6286132043639635 176
1699666928093 0.6306377235406591 177
1699666939892 0.6381734338094702 178
1699666951188 0.6307501968282533 179
1699666962674 0.6370487009335283 180
1699666982736 0.633449555730514 181
1699666994243 0.6379484872342819 182
1699667005668 0.6392981666854122 183
1699667016895 0.6337869755932966 184
1699667028470 0.6398605331233832 185
1699667048458 0.6304127769654707 186
1699667059912 0.6332246091553256 187
1699667071192 0.6341243954560791 188
1699667082287 0.6367112810707457 189
1699667092962 0.6370487009335283 190
1699667113127 0.6326622427173546 191
1699667124545 0.6314250365538184 192
1699667136078 0.6379484872342819 193
1699667147417 0.634011922168485 194
1699667158806 0.6282757845011809 195
1699667178643 0.6355865481948038 196
1699667190218 0.6329996625801372 197
1699667201716 0.6325497694297604 198
1699667213078 0.6396355865481949 199
1699667224364 0.6376110673714993 200
1699667244635 0.6361489146327747 201
1699667257425 0.6337869755932966 202
1699667269089 0.6363738612079631 203
1699667280640 0.6341243954560791 204
1699667292057 0.6358114947699921 205
1699667311969 0.633449555730514 206
1699667324709 0.6372736475087167 207
1699667336792 0.6377235406590934 208
1699667349123 0.6312000899786301 209
1699667361959 0.6346867618940502 210
1699667381887 0.6315375098414127 211
1699667393310 0.6353616016196153 212
1699667404744 0.6389607468226296 213
1699667415970 0.6378360139466877 214
1699667427127 0.6374985940839051 215
1699667447046 0.6352491283320212 216
1699667458698 0.6312000899786301 217
1699667469902 0.6332246091553256 218
1699667481392 0.6328871892925431 219
1699667492655 0.6231020132718479 220
1699667512640 0.6280508379259926 221
1699667524254 0.6315375098414127 222
1699667535839 0.6346867618940502 223
1699667547412 0.6378360139466877 224
1699667560250 0.6346867618940502 225
1699667580234 0.6373861207963109 226
1699667591957 0.6307501968282533 227
1699667603362 0.6341243954560791 228
1699667614559 0.6362613879203689 229
1699667625869 0.632324822854572 230
1699667645943 0.6368237543583399 231
1699667657535 0.6382859070970645 232
1699667669085 0.6331121358677314 233
1699667680484 0.6387358002474413 234
1699667692064 0.6291755708019345 235
1699667712054 0.6354740749072095 236
1699667723845 0.6353616016196153 237
1699667735391 0.6245641660105725 238
1699667746821 0.6329996625801372 239
1699667758129 0.6297379372399056 240
1699667779569 0.6333370824429198 241
1699667790939 0.6294005173771229 242
1699667802338 0.64031042627376 243
1699667813713 0.6355865481948038 244
1699667825151 0.6314250365538184 245
1699667845787 0.6331121358677314 246
1699667857077 0.6325497694297604 247
1699667868828 0.6390732201102238 248
1699667880464 0.6349117084692385 249
1699667892170 0.6280508379259926 250
1699667912370 0.6329996625801372 251
1699667923941 0.6354740749072095 252
1699667935640 0.6285007310763694 253
1699667946805 0.6329996625801372 254
1699667957986 0.6337869755932966 255
1699667978009 0.6279383646383984 256
1699667989477 0.6327747160049488 257
1699668000990 0.6344618153188618 258
1699668012528 0.6274884714880216 259
1699668023808 0.6358114947699921 260
1699668043967 0.6387358002474413 261
1699668055357 0.6396355865481949 262
1699668066739 0.6434596783263975 263
1699668078098 0.6378360139466877 264
1699668089450 0.6367112810707457 265
1699668109321 0.6336745023057024 266
1699668120886 0.6365988077831515 267
1699668132374 0.6287256776515577 268
1699668143983 0.635136655044427 269
1699668155456 0.633449555730514 270
1699668175613 0.6405353728489483 271
1699668187057 0.6350241817568327 272
1699668198597 0.6343493420312676 273
1699668209817 0.635699021482398 274
1699668221311 0.628838150939152 275
1699668241429 0.6352491283320212 276
1699668253389 0.641997525587673 277
1699668265023 0.632324822854572 278
1699668277206 0.6372736475087167 279
1699668288644 0.6381734338094702 280
1699668308722 0.6399730064109774 281
1699668320817 0.6370487009335283 282
1699668332307 0.6371611742211225 283
1699668343687 0.6301878303902823 284
1699668355015 0.6388482735350355 285
1699668376466 0.6365988077831515 286
1699668388318 0.6395231132606006 287
1699668399921 0.6322123495669778 288
1699668411302 0.6380609605218761 289
1699668422672 0.6308626701158475 290
1699668443522 0.6376110673714993 291
1699668455297 0.6319874029917895 292
1699668467067 0.6286132043639635 293
1699668478409 0.6309751434034416 294
1699668489696 0.6400854796985715 295
1699668509735 0.6303003036778765 296
1699668521140 0.6307501968282533 297
1699668532244 0.6407603194241368 298
1699668543585 0.6331121358677314 299
1699668555054 0.6332246091553256 300
1699668575232 0.6315375098414127 301
1699668586850 0.6370487009335283 302
1699668598255 0.639748059835789 303
1699668609736 0.6320998762793837 304
1699668621386 0.6364863344955574 305
1699668641495 0.6256888988865145 306
1699668653189 0.6276009447756158 307
1699668664594 0.6301878303902823 308
1699668676085 0.6378360139466877 309
1699668687548 0.6388482735350355 310
1699668707635 0.6331121358677314 311
1699668719125 0.6344618153188618 312
1699668731868 0.636936227645934 313
1699668743722 0.6291755708019345 314
1699668755320 0.6336745023057024 315
1699668775417 0.6312000899786301 316
1699668787156 0.6380609605218761 317
1699668798578 0.6333370824429198 318
1699668810097 0.6327747160049488 319
1699668821331 0.6371611742211225 320
1699668841633 0.6324372961421663 321
1699668853205 0.6318749297041952 322
1699668864826 0.6322123495669778 323
1699668876037 0.6353616016196153 324
1699668887406 0.6409852659993251 325
1699668907594 0.634011922168485 326
1699668919192 0.6350241817568327 327
1699668930557 0.6359239680575863 328
1699668942023 0.6399730064109774 329
1699668953458 0.6378360139466877 330
1699668973719 0.6299628838150939 331
1699668985306 0.639185693397818 332
1699668997230 0.6408727927117309 333
1699669008465 0.6265886851872681 334
1699669019667 0.6378360139466877 335
1699669039642 0.6324372961421663 336
1699669051342 0.6329996625801372 337
1699669062964 0.6371611742211225 338
1699669074552 0.6370487009335283 339
1699669086069 0.6329996625801372 340
1699669106251 0.62771341806321 341
1699669118076 0.6354740749072095 342
1699669129941 0.6367112810707457 343
1699669141655 0.6355865481948038 344
1699669153331 0.6300753571026881 345
1699669173403 0.6412102125745136 346
1699669184768 0.6377235406590934 347
1699669196310 0.6364863344955574 348
1699669207678 0.6308626701158475 349
1699669219046 0.6383983803846587 350
1699669239124 0.6305252502530649 351
1699669250726 0.6329996625801372 352
1699669262369 0.6371611742211225 353
1699669274160 0.6316499831290069 354
1699669285899 0.6312000899786301 355
1699669305819 0.6237768529974131 356
1699669317269 0.6379484872342819 357
1699669328739 0.6376110673714993 358
1699669340191 0.6418850523000788 359
1699669351769 0.6373861207963109 360
1699669373080 0.6347992351816444 361
1699669385169 0.6333370824429198 362
1699669396932 0.6325497694297604 363
1699669408341 0.6308626701158475 364
1699669421016 0.6329996625801372 365
1699669441083 0.6282757845011809 366
1699669452677 0.6377235406590934 367
1699669464256 0.6381734338094702 368
1699669475787 0.6361489146327747 369
1699669486975 0.6290630975143403 370
1699669508396 0.6342368687436734 371
1699669520058 0.6354740749072095 372
1699669531451 0.6371611742211225 373
1699669542753 0.6428973118884265 374
1699669554297 0.6409852659993251 375
1699669574351 0.6273759982004274 376
1699669585934 0.6368237543583399 377
1699669597162 0.6333370824429198 378
1699669608549 0.635699021482398 379
1699669619999 0.6264762118996738 380
1699669640072 0.6316499831290069 381
1699669651439 0.6243392194353841 382
1699669664176 0.6353616016196153 383
1699669676079 0.6272635249128332 384
1699669687614 0.6367112810707457 385
1699669707697 0.6367112810707457 386
1699669719293 0.6370487009335283 387
1699669730814 0.6385108536722528 388
1699669742481 0.6359239680575863 389
1699669754110 0.6307501968282533 390
1699669774099 0.6316499831290069 391
1699669785710 0.6354740749072095 392
1699669797292 0.636936227645934 393
1699669808588 0.6306377235406591 394
1699669820366 0.6274884714880216 395
1699669840548 0.6371611742211225 396
1699669852083 0.6345742886064559 397
1699669863379 0.6378360139466877 398
1699669875910 0.6358114947699921 399
1699669887456 0.6374985940839051 400
1699669907567 0.6331121358677314 401
1699669919280 0.6396355865481949 402
1699669930912 0.6371611742211225 403
1699669942305 0.6282757845011809 404
1699669953682 0.6350241817568327 405
1699669973796 0.6347992351816444 406
1699669985367 0.633449555730514 407
1699669996809 0.635699021482398 408
1699670007708 0.6362613879203689 409
1699670019015 0.6362613879203689 410
1699670039140 0.6349117084692385 411
1699670050698 0.6299628838150939 412
1699670062170 0.6360364413451806 413
1699670073591 0.6387358002474413 414
1699670084788 0.6354740749072095 415
1699670104723 0.6333370824429198 416
1699670116119 0.639185693397818 417
1699670127323 0.6314250365538184 418
1699670138580 0.641997525587673 419
1699670149903 0.6365988077831515 420
1699670170102 0.6258013721741087 421
1699670181658 0.6312000899786301 422
1699670193222 0.6377235406590934 423
1699670204635 0.6326622427173546 424
1699670215998 0.6342368687436734 425
1699670236189 0.6337869755932966 426
1699670247993 0.634011922168485 427
1699670259606 0.6308626701158475 428
1699670271380 0.6304127769654707 429
1699670282518 0.6251265324485434 430
1699670302653 0.6298504105274997 431
1699670314096 0.6343493420312676 432
1699670325438 0.6297379372399056 433
1699670336678 0.6346867618940502 434
1699670348338 0.6368237543583399 435
1699670368405 0.6295129906647171 436
1699670379825 0.6360364413451806 437
1699670391350 0.6398605331233832 438
1699670402743 0.6382859070970645 439
1699670414272 0.6404228995613542 440
1699670434641 0.6336745023057024 441
1699670447459 0.6308626701158475 442
1699670459352 0.6342368687436734 443
1699670470971 0.6326622427173546 444
1699670482919 0.6247891125857609 445
1699670504101 0.6347992351816444 446
1699670515829 0.6259138454617028 447
1699670527318 0.6326622427173546 448
1699670538930 0.6396355865481949 449
1699670551751 0.6346867618940502 450
1699670572135 0.6312000899786301 451
1699670583753 0.6345742886064559 452
1699670595282 0.6285007310763694 453
1699670606552 0.6326622427173546 454
1699670617992 0.6299628838150939 455
1699670638592 0.6292880440895288 456
1699670650589 0.6352491283320212 457
1699670662212 0.6363738612079631 458
1699670673816 0.6400854796985715 459
1699670684944 0.6292880440895288 460
1699670705027 0.6283882577887752 461
1699670716620 0.636936227645934 462
1699670728187 0.6400854796985715 463
1699670739574 0.6354740749072095 464
1699670750816 0.6228770666966595 465
1699670771020 0.635699021482398 466
1699670782730 0.6333370824429198 467
1699670794148 0.6361489146327747 468
1699670805288 0.6324372961421663 469
1699670816172 0.6395231132606006 470
1699670836727 0.6347992351816444 471
1699670848574 0.6338994488808908 472
1699670860948 0.6304127769654707 473
1699670872833 0.6360364413451806 474
1699670884937 0.6368237543583399 475
1699670905350 0.6367112810707457 476
1699670917412 0.6315375098414127 477
1699670929438 0.6415476324372962 478
1699670941607 0.6396355865481949 479
1699670953527 0.6381734338094702 480
1699670973942 0.6362613879203689 481
1699670985757 0.6360364413451806 482
1699670997637 0.6367112810707457 483
1699671009503 0.6373861207963109 484
1699671022780 0.6359239680575863 485
1699671042930 0.6349117084692385 486
1699671055923 0.6392981666854122 487
1699671067700 0.6326622427173546 488
1699671079506 0.6307501968282533 489
1699671091269 0.6341243954560791 490
1699671111704 0.6338994488808908 491
1699671123508 0.6440220447643684 492
1699671135453 0.6387358002474413 493
1699671147212 0.6346867618940502 494
1699671159021 0.6301878303902823 495
1699671179282 0.6308626701158475 496
1699671191462 0.6404228995613542 497
1699671203320 0.6367112810707457 498
1699671215094 0.6379484872342819 499
