1699664513960 0.6160161961534135 0
1699664535344 0.5162523900573613 1
1699664547494 0.4153638510853672 2
1699664560520 0.378022719604094 3
1699664572882 0.40569114835226633 4
1699664585940 0.44618153188617704 5
1699664607584 0.48622202226971095 6
1699664620730 0.4937577325385221 7
1699664633281 0.5158024969069845 8
1699664646226 0.5127657181419413 9
1699664658215 0.506354740749072 10
1699664679374 0.47958609830165333 11
1699664691523 0.47070070858171187 12
1699664703497 0.48577212911933415 13
1699664715321 0.47396243392194354 14
1699664727358 0.47373748734675514 15
1699664747610 0.4846473962433922 16
1699664760551 0.4924080530873917 17
1699664773924 0.4911708469238556 18
1699664786900 0.4945450455516815 19
1699664799676 0.50174333595771 20
1699664820211 0.5021932291080868 21
1699664832286 0.5043302215723766 22
1699664844363 0.5361601619615342 23
1699664856287 0.5250253064897087 24
1699664868515 0.5326734900461141 25
1699664888960 0.5493195366100551 26
1699664901111 0.5501068496232144 27
1699664913014 0.5459453379822292 28
1699664925124 0.5540434146890113 29
1699664937596 0.5630412776965471 30
1699664958958 0.56472837701046 31
1699664971269 0.5727139804296479 32
1699664983205 0.5729389270048364 33
1699664995067 0.5755258126195029 34
1699665007138 0.5705769879653583 35
1699665027652 0.5719266674164886 36
1699665039945 0.5829490496007198 37
1699665051788 0.5877854009672703 38
1699665063932 0.5865481948037341 39
1699665075790 0.5867731413789226 40
1699665096574 0.5926217523338208 41
1699665108431 0.600269935890226 42
1699665120597 0.6010572489033854 43
1699665133174 0.589360026993589 44
1699665145418 0.5964458441120234 45
1699665166447 0.5940839050725453 46
1699665178722 0.6103925317737038 47
1699665192914 0.6090428523225734 48
1699665206545 0.606568439995501 49
1699665218786 0.6110673714992689 50
1699665240064 0.6135417838263413 51
1699665252546 0.6024069283545158 52
1699665264755 0.6074682262962546 53
1699665277705 0.6120796310876166 54
1699665290421 0.6161286694410077 55
1699665311192 0.6106174783488921 56
1699665323798 0.6044314475312114 57
1699665335869 0.6072432797210663 58
1699665348273 0.6084804858846025 59
1699665360490 0.6199527612192104 60
1699665381331 0.6238893262850073 61
1699665393716 0.6165785625913845 62
1699665406527 0.6253514790237319 63
1699665419241 0.6264762118996738 64
1699665431963 0.619727814644022 65
1699665452384 0.621414913957935 66
1699665464478 0.6276009447756158 67
1699665476608 0.6310876166910359 68
1699665489883 0.6272635249128332 69
1699665502620 0.6304127769654707 70
1699665523902 0.6286132043639635 71
1699665536606 0.6258013721741087 72
1699665549032 0.6234394331346306 73
1699665560919 0.6294005173771229 74
1699665573001 0.6243392194353841 75
1699665593247 0.6273759982004274 76
1699665605962 0.6282757845011809 77
1699665617037 0.6343493420312676 78
1699665628148 0.6324372961421663 79
1699665640228 0.6291755708019345 80
1699665659850 0.6287256776515577 81
1699665671285 0.626026318749297 82
1699665682982 0.6336745023057024 83
1699665694175 0.6347992351816444 84
1699665705506 0.6313125632662243 85
1699665726675 0.6345742886064559 86
1699665740379 0.6331121358677314 87
1699665752161 0.6262512653244854 88
1699665764049 0.6354740749072095 89
1699665775303 0.6281633112135868 90
1699665795705 0.6335620290181082 91
1699665807416 0.6337869755932966 92
1699665818741 0.6365988077831515 93
1699665830198 0.6341243954560791 94
1699665841763 0.6353616016196153 95
1699665861697 0.6354740749072095 96
1699665872978 0.6316499831290069 97
1699665884022 0.6385108536722528 98
1699665895095 0.6331121358677314 99
1699665906195 0.6299628838150939 100
1699665926424 0.6286132043639635 101
1699665938072 0.6337869755932966 102
1699665949547 0.6305252502530649 103
1699665960741 0.6276009447756158 104
1699665972581 0.628838150939152 105
1699665992623 0.635699021482398 106
1699666003688 0.6370487009335283 107
1699666014566 0.6308626701158475 108
1699666025301 0.6380609605218761 109
1699666035848 0.6344618153188618 110
1699666055781 0.6364863344955574 111
1699666067463 0.6295129906647171 112
1699666078961 0.6363738612079631 113
1699666090130 0.6365988077831515 114
1699666101584 0.6355865481948038 115
1699666121612 0.6347992351816444 116
1699666133371 0.6279383646383984 117
1699666144915 0.6299628838150939 118
1699666156360 0.6319874029917895 119
1699666167898 0.6360364413451806 120
1699666188714 0.6286132043639635 121
1699666200252 0.6255764255989202 122
1699666211825 0.6300753571026881 123
1699666223062 0.6315375098414127 124
1699666234624 0.628838150939152 125
1699666256407 0.6368237543583399 126
1699666268035 0.6301878303902823 127
1699666279000 0.6362613879203689 128
1699666290404 0.635136655044427 129
1699666301771 0.6329996625801372 130
1699666321841 0.6290630975143403 131
1699666333277 0.6331121358677314 132
1699666344510 0.6338994488808908 133
1699666355849 0.6300753571026881 134
1699666367291 0.6381734338094702 135
1699666387332 0.631762456416601 136
1699666398865 0.6346867618940502 137
1699666411469 0.6294005173771229 138
1699666422997 0.6309751434034416 139
1699666434364 0.6335620290181082 140
1699666454596 0.6434596783263975 141
1699666465985 0.6312000899786301 142
1699666477561 0.6365988077831515 143
1699666488903 0.635699021482398 144
1699666500290 0.6354740749072095 145
1699666520372 0.6349117084692385 146
1699666532037 0.6409852659993251 147
1699666543423 0.6305252502530649 148
1699666554771 0.6320998762793837 149
1699666566395 0.6281633112135868 150
1699666586878 0.6364863344955574 151
1699666598535 0.6389607468226296 152
1699666609516 0.6383983803846587 153
1699666620441 0.6322123495669778 154
1699666631912 0.6425598920256439 155
1699666651983 0.6327747160049488 156
1699666663356 0.6322123495669778 157
1699666674932 0.6318749297041952 158
1699666686405 0.6367112810707457 159
1699666697496 0.6341243954560791 160
1699666717206 0.638623326959847 161
1699666728790 0.6336745023057024 162
1699666740051 0.6307501968282533 163
1699666751581 0.6346867618940502 164
1699666763120 0.6394106399730064 165
1699666783230 0.6313125632662243 166
1699666794894 0.6390732201102238 167
1699666806245 0.6418850523000788 168
1699666818136 0.6290630975143403 169
1699666829842 0.6309751434034416 170
1699666849901 0.6350241817568327 171
1699666862051 0.6314250365538184 172
1699666873791 0.6268136317624564 173
1699666885309 0.6362613879203689 174
1699666896730 0.626026318749297 175
1699666916433 0.6286132043639635 176
1699666928087 0.6306377235406591 177
1699666939887 0.6381734338094702 178
1699666951183 0.6307501968282533 179
1699666962668 0.6370487009335283 180
1699666982730 0.633449555730514 181
1699666994239 0.6379484872342819 182
1699667005663 0.6392981666854122 183
1699667016890 0.6337869755932966 184
1699667028464 0.6398605331233832 185
1699667048453 0.6304127769654707 186
1699667059908 0.6332246091553256 187
1699667071187 0.6341243954560791 188
1699667082283 0.6367112810707457 189
1699667092957 0.6370487009335283 190
1699667113122 0.6326622427173546 191
1699667124540 0.6314250365538184 192
1699667136074 0.6379484872342819 193
1699667147412 0.634011922168485 194
1699667158801 0.6282757845011809 195
1699667178639 0.6355865481948038 196
1699667190213 0.6329996625801372 197
1699667201712 0.6325497694297604 198
1699667213073 0.6396355865481949 199
1699667224359 0.6376110673714993 200
1699667244630 0.6361489146327747 201
1699667257420 0.6337869755932966 202
1699667269084 0.6363738612079631 203
1699667280635 0.6341243954560791 204
1699667292052 0.6358114947699921 205
1699667311965 0.633449555730514 206
1699667324704 0.6372736475087167 207
1699667336787 0.6377235406590934 208
1699667349116 0.6312000899786301 209
1699667361954 0.6346867618940502 210
1699667381882 0.6315375098414127 211
1699667393305 0.6353616016196153 212
1699667404739 0.6389607468226296 213
1699667415966 0.6378360139466877 214
1699667427123 0.6374985940839051 215
1699667447041 0.6352491283320212 216
1699667458694 0.6312000899786301 217
1699667469897 0.6332246091553256 218
1699667481387 0.6328871892925431 219
1699667492650 0.6231020132718479 220
1699667512635 0.6280508379259926 221
1699667524249 0.6315375098414127 222
1699667535835 0.6346867618940502 223
1699667547408 0.6378360139466877 224
1699667560245 0.6346867618940502 225
1699667580229 0.6373861207963109 226
1699667591951 0.6307501968282533 227
1699667603357 0.6341243954560791 228
1699667614554 0.6362613879203689 229
1699667625864 0.632324822854572 230
1699667645938 0.6368237543583399 231
1699667657531 0.6382859070970645 232
1699667669080 0.6331121358677314 233
1699667680479 0.6387358002474413 234
1699667692059 0.6291755708019345 235
1699667712050 0.6354740749072095 236
1699667723840 0.6353616016196153 237
1699667735386 0.6245641660105725 238
1699667746817 0.6329996625801372 239
1699667758124 0.6297379372399056 240
1699667779564 0.6333370824429198 241
1699667790934 0.6294005173771229 242
1699667802334 0.64031042627376 243
1699667813708 0.6355865481948038 244
1699667825146 0.6314250365538184 245
1699667845782 0.6331121358677314 246
1699667857072 0.6325497694297604 247
1699667868824 0.6390732201102238 248
1699667880459 0.6349117084692385 249
1699667892166 0.6280508379259926 250
1699667912366 0.6329996625801372 251
1699667923936 0.6354740749072095 252
1699667935634 0.6285007310763694 253
1699667946800 0.6329996625801372 254
1699667957981 0.6337869755932966 255
1699667978003 0.6279383646383984 256
1699667989472 0.6327747160049488 257
1699668000985 0.6344618153188618 258
1699668012524 0.6274884714880216 259
1699668023803 0.6358114947699921 260
1699668043962 0.6387358002474413 261
1699668055352 0.6396355865481949 262
1699668066733 0.6434596783263975 263
1699668078093 0.6378360139466877 264
1699668089445 0.6367112810707457 265
1699668109316 0.6336745023057024 266
1699668120881 0.6365988077831515 267
1699668132370 0.6287256776515577 268
1699668143978 0.635136655044427 269
1699668155451 0.633449555730514 270
1699668175607 0.6405353728489483 271
1699668187052 0.6350241817568327 272
1699668198592 0.6343493420312676 273
1699668209812 0.635699021482398 274
1699668221306 0.628838150939152 275
1699668241424 0.6352491283320212 276
1699668253385 0.641997525587673 277
1699668265018 0.632324822854572 278
1699668277202 0.6372736475087167 279
1699668288639 0.6381734338094702 280
1699668308717 0.6399730064109774 281
1699668320813 0.6370487009335283 282
1699668332301 0.6371611742211225 283
1699668343682 0.6301878303902823 284
1699668355010 0.6388482735350355 285
1699668376461 0.6365988077831515 286
1699668388313 0.6395231132606006 287
1699668399915 0.6322123495669778 288
1699668411297 0.6380609605218761 289
1699668422667 0.6308626701158475 290
1699668443516 0.6376110673714993 291
1699668455292 0.6319874029917895 292
1699668467062 0.6286132043639635 293
1699668478403 0.6309751434034416 294
1699668489690 0.6400854796985715 295
1699668509730 0.6303003036778765 296
1699668521135 0.6307501968282533 297
1699668532239 0.6407603194241368 298
1699668543580 0.6331121358677314 299
1699668555049 0.6332246091553256 300
1699668575226 0.6315375098414127 301
1699668586845 0.6370487009335283 302
1699668598249 0.639748059835789 303
1699668609731 0.6320998762793837 304
1699668621380 0.6364863344955574 305
1699668641490 0.6256888988865145 306
1699668653184 0.6276009447756158 307
1699668664588 0.6301878303902823 308
1699668676079 0.6378360139466877 309
1699668687542 0.6388482735350355 310
1699668707630 0.6331121358677314 311
1699668719121 0.6344618153188618 312
1699668731863 0.636936227645934 313
1699668743717 0.6291755708019345 314
1699668755315 0.6336745023057024 315
1699668775412 0.6312000899786301 316
1699668787152 0.6380609605218761 317
1699668798572 0.6333370824429198 318
1699668810092 0.6327747160049488 319
1699668821326 0.6371611742211225 320
1699668841628 0.6324372961421663 321
1699668853200 0.6318749297041952 322
1699668864821 0.6322123495669778 323
1699668876032 0.6353616016196153 324
1699668887401 0.6409852659993251 325
1699668907589 0.634011922168485 326
1699668919186 0.6350241817568327 327
1699668930552 0.6359239680575863 328
1699668942018 0.6399730064109774 329
1699668953452 0.6378360139466877 330
1699668973715 0.6299628838150939 331
1699668985301 0.639185693397818 332
1699668997225 0.6408727927117309 333
1699669008460 0.6265886851872681 334
1699669019662 0.6378360139466877 335
1699669039638 0.6324372961421663 336
1699669051337 0.6329996625801372 337
1699669062958 0.6371611742211225 338
1699669074546 0.6370487009335283 339
1699669086063 0.6329996625801372 340
1699669106246 0.62771341806321 341
1699669118069 0.6354740749072095 342
1699669129935 0.6367112810707457 343
1699669141650 0.6355865481948038 344
1699669153325 0.6300753571026881 345
1699669173398 0.6412102125745136 346
1699669184763 0.6377235406590934 347
1699669196304 0.6364863344955574 348
1699669207672 0.6308626701158475 349
1699669219042 0.6383983803846587 350
1699669239118 0.6305252502530649 351
1699669250720 0.6329996625801372 352
1699669262364 0.6371611742211225 353
1699669274151 0.6316499831290069 354
1699669285894 0.6312000899786301 355
1699669305812 0.6237768529974131 356
1699669317263 0.6379484872342819 357
1699669328734 0.6376110673714993 358
1699669340187 0.6418850523000788 359
1699669351763 0.6373861207963109 360
1699669373075 0.6347992351816444 361
1699669385163 0.6333370824429198 362
1699669396927 0.6325497694297604 363
1699669408336 0.6308626701158475 364
1699669421010 0.6329996625801372 365
1699669441078 0.6282757845011809 366
1699669452673 0.6377235406590934 367
1699669464250 0.6381734338094702 368
1699669475782 0.6361489146327747 369
1699669486969 0.6290630975143403 370
1699669508391 0.6342368687436734 371
1699669520052 0.6354740749072095 372
1699669531446 0.6371611742211225 373
1699669542748 0.6428973118884265 374
1699669554291 0.6409852659993251 375
1699669574347 0.6273759982004274 376
1699669585929 0.6368237543583399 377
1699669597156 0.6333370824429198 378
1699669608543 0.635699021482398 379
1699669619994 0.6264762118996738 380
1699669640066 0.6316499831290069 381
1699669651434 0.6243392194353841 382
1699669664171 0.6353616016196153 383
1699669676074 0.6272635249128332 384
1699669687608 0.6367112810707457 385
1699669707692 0.6367112810707457 386
1699669719288 0.6370487009335283 387
1699669730809 0.6385108536722528 388
1699669742475 0.6359239680575863 389
1699669754104 0.6307501968282533 390
1699669774093 0.6316499831290069 391
1699669785704 0.6354740749072095 392
1699669797287 0.636936227645934 393
1699669808583 0.6306377235406591 394
1699669820361 0.6274884714880216 395
1699669840543 0.6371611742211225 396
1699669852078 0.6345742886064559 397
1699669863374 0.6378360139466877 398
1699669875905 0.6358114947699921 399
1699669887451 0.6374985940839051 400
1699669907562 0.6331121358677314 401
1699669919275 0.6396355865481949 402
1699669930905 0.6371611742211225 403
1699669942299 0.6282757845011809 404
1699669953676 0.6350241817568327 405
1699669973790 0.6347992351816444 406
1699669985360 0.633449555730514 407
1699669996804 0.635699021482398 408
1699670007703 0.6362613879203689 409
1699670019008 0.6362613879203689 410
1699670039135 0.6349117084692385 411
1699670050693 0.6299628838150939 412
1699670062165 0.6360364413451806 413
1699670073586 0.6387358002474413 414
1699670084783 0.6354740749072095 415
1699670104717 0.6333370824429198 416
1699670116114 0.639185693397818 417
1699670127317 0.6314250365538184 418
1699670138572 0.641997525587673 419
1699670149899 0.6365988077831515 420
1699670170097 0.6258013721741087 421
1699670181652 0.6312000899786301 422
1699670193216 0.6377235406590934 423
1699670204629 0.6326622427173546 424
1699670215993 0.6342368687436734 425
1699670236183 0.6337869755932966 426
1699670247988 0.634011922168485 427
1699670259600 0.6308626701158475 428
1699670271375 0.6304127769654707 429
1699670282513 0.6251265324485434 430
1699670302648 0.6298504105274997 431
1699670314091 0.6343493420312676 432
1699670325432 0.6297379372399056 433
1699670336673 0.6346867618940502 434
1699670348332 0.6368237543583399 435
1699670368400 0.6295129906647171 436
1699670379818 0.6360364413451806 437
1699670391344 0.6398605331233832 438
1699670402737 0.6382859070970645 439
1699670414268 0.6404228995613542 440
1699670434635 0.6336745023057024 441
1699670447454 0.6308626701158475 442
1699670459346 0.6342368687436734 443
1699670470967 0.6326622427173546 444
1699670482914 0.6247891125857609 445
1699670504095 0.6347992351816444 446
1699670515824 0.6259138454617028 447
1699670527313 0.6326622427173546 448
1699670538925 0.6396355865481949 449
1699670551746 0.6346867618940502 450
1699670572130 0.6312000899786301 451
1699670583748 0.6345742886064559 452
1699670595277 0.6285007310763694 453
1699670606547 0.6326622427173546 454
1699670617987 0.6299628838150939 455
1699670638586 0.6292880440895288 456
1699670650584 0.6352491283320212 457
1699670662208 0.6363738612079631 458
1699670673811 0.6400854796985715 459
1699670684939 0.6292880440895288 460
1699670705023 0.6283882577887752 461
1699670716614 0.636936227645934 462
1699670728183 0.6400854796985715 463
1699670739569 0.6354740749072095 464
1699670750811 0.6228770666966595 465
1699670771015 0.635699021482398 466
1699670782725 0.6333370824429198 467
1699670794143 0.6361489146327747 468
1699670805284 0.6324372961421663 469
1699670816167 0.6395231132606006 470
1699670836722 0.6347992351816444 471
1699670848570 0.6338994488808908 472
1699670860942 0.6304127769654707 473
1699670872828 0.6360364413451806 474
1699670884932 0.6368237543583399 475
1699670905345 0.6367112810707457 476
1699670917407 0.6315375098414127 477
1699670929433 0.6415476324372962 478
1699670941602 0.6396355865481949 479
1699670953523 0.6381734338094702 480
1699670973937 0.6362613879203689 481
1699670985753 0.6360364413451806 482
1699670997632 0.6367112810707457 483
1699671009498 0.6373861207963109 484
1699671022774 0.6359239680575863 485
1699671042924 0.6349117084692385 486
1699671055917 0.6392981666854122 487
1699671067695 0.6326622427173546 488
1699671079501 0.6307501968282533 489
1699671091264 0.6341243954560791 490
1699671111699 0.6338994488808908 491
1699671123504 0.6440220447643684 492
1699671135448 0.6387358002474413 493
1699671147207 0.6346867618940502 494
1699671159017 0.6301878303902823 495
1699671179277 0.6308626701158475 496
1699671191455 0.6404228995613542 497
1699671203315 0.6367112810707457 498
1699671215089 0.6379484872342819 499
