1699664513957 0.6160161961534135 0
1699664535342 0.5162523900573613 1
1699664547492 0.4153638510853673 2
1699664560517 0.378022719604094 3
1699664572880 0.40569114835226633 4
1699664585938 0.446181531886177 5
1699664607582 0.48622202226971095 6
1699664620729 0.4937577325385221 7
1699664633280 0.5158024969069845 8
1699664646224 0.5127657181419413 9
1699664658213 0.506354740749072 10
1699664679373 0.4795860983016533 11
1699664691521 0.47070070858171187 12
1699664703495 0.4857721291193342 13
1699664715317 0.47396243392194354 14
1699664727356 0.47373748734675514 15
1699664747608 0.4846473962433922 16
1699664760550 0.4924080530873917 17
1699664773922 0.4911708469238556 18
1699664786898 0.4945450455516815 19
1699664799673 0.50174333595771 20
1699664820209 0.5021932291080868 21
1699664832283 0.5043302215723766 22
1699664844361 0.5361601619615342 23
1699664856284 0.5250253064897087 24
1699664868513 0.5326734900461141 25
1699664888958 0.5493195366100551 26
1699664901108 0.5501068496232144 27
1699664913012 0.5459453379822292 28
1699664925121 0.5540434146890113 29
1699664937594 0.5630412776965471 30
1699664958956 0.56472837701046 31
1699664971268 0.5727139804296479 32
1699664983204 0.5729389270048364 33
1699664995065 0.5755258126195029 34
1699665007136 0.5705769879653583 35
1699665027650 0.5719266674164886 36
1699665039944 0.5829490496007198 37
1699665051786 0.5877854009672703 38
1699665063931 0.5865481948037341 39
1699665075788 0.5867731413789226 40
1699665096572 0.5926217523338208 41
1699665108430 0.600269935890226 42
1699665120593 0.6010572489033854 43
1699665133171 0.589360026993589 44
1699665145416 0.5964458441120234 45
1699665166444 0.5940839050725453 46
1699665178720 0.6103925317737038 47
1699665192913 0.6090428523225734 48
1699665206544 0.606568439995501 49
1699665218783 0.6110673714992689 50
1699665240062 0.6135417838263413 51
1699665252543 0.6024069283545158 52
1699665264753 0.6074682262962546 53
1699665277704 0.6120796310876166 54
1699665290419 0.6161286694410077 55
1699665311189 0.6106174783488921 56
1699665323796 0.6044314475312114 57
1699665335866 0.6072432797210663 58
1699665348272 0.6084804858846025 59
1699665360488 0.6199527612192104 60
1699665381328 0.6238893262850073 61
1699665393714 0.6165785625913845 62
1699665406524 0.6253514790237319 63
1699665419239 0.6264762118996738 64
1699665431961 0.619727814644022 65
1699665452381 0.621414913957935 66
1699665464476 0.6276009447756158 67
1699665476606 0.6310876166910359 68
1699665489881 0.6272635249128332 69
1699665502618 0.6304127769654707 70
1699665523900 0.6286132043639635 71
1699665536604 0.6258013721741087 72
1699665549030 0.6234394331346306 73
1699665560918 0.6294005173771229 74
1699665573000 0.6243392194353841 75
1699665593245 0.6273759982004274 76
1699665605961 0.6282757845011809 77
1699665617036 0.6343493420312676 78
1699665628146 0.6324372961421663 79
1699665640226 0.6291755708019345 80
1699665659848 0.6287256776515577 81
1699665671282 0.626026318749297 82
1699665682981 0.6336745023057024 83
1699665694173 0.6347992351816444 84
1699665705503 0.6313125632662243 85
1699665726673 0.6345742886064559 86
1699665740378 0.6331121358677314 87
1699665752158 0.6262512653244854 88
1699665764047 0.6354740749072095 89
1699665775299 0.6281633112135868 90
1699665795703 0.6335620290181082 91
1699665807413 0.6337869755932966 92
1699665818738 0.6365988077831515 93
1699665830197 0.6341243954560791 94
1699665841760 0.6353616016196153 95
1699665861696 0.6354740749072095 96
1699665872975 0.6316499831290069 97
1699665884019 0.6385108536722528 98
1699665895094 0.6331121358677314 99
1699665906192 0.6299628838150939 100
1699665926421 0.6286132043639635 101
1699665938069 0.6337869755932966 102
1699665949545 0.6305252502530649 103
1699665960739 0.6276009447756158 104
1699665972578 0.628838150939152 105
1699665992620 0.635699021482398 106
1699666003686 0.6370487009335283 107
1699666014564 0.6308626701158475 108
1699666025299 0.6380609605218761 109
1699666035846 0.6344618153188618 110
1699666055778 0.6364863344955574 111
1699666067460 0.6295129906647171 112
1699666078959 0.6363738612079631 113
1699666090127 0.6365988077831515 114
1699666101581 0.6355865481948038 115
1699666121609 0.6347992351816444 116
1699666133368 0.6279383646383984 117
1699666144913 0.6299628838150939 118
1699666156358 0.6319874029917895 119
1699666167897 0.6360364413451806 120
1699666188710 0.6286132043639635 121
1699666200249 0.6255764255989202 122
1699666211824 0.6300753571026881 123
1699666223059 0.6315375098414127 124
1699666234615 0.628838150939152 125
1699666256403 0.6368237543583399 126
1699666268032 0.6301878303902823 127
1699666278998 0.6362613879203689 128
1699666290398 0.635136655044427 129
1699666301769 0.6329996625801372 130
1699666321837 0.6290630975143403 131
1699666333275 0.6331121358677314 132
1699666344508 0.6338994488808908 133
1699666355845 0.6300753571026881 134
1699666367289 0.6381734338094702 135
1699666387328 0.631762456416601 136
1699666398863 0.6346867618940502 137
1699666411466 0.6294005173771229 138
1699666422995 0.6309751434034416 139
1699666434361 0.6335620290181082 140
1699666454594 0.6434596783263975 141
1699666465981 0.6312000899786301 142
1699666477559 0.6365988077831515 143
1699666488901 0.635699021482398 144
1699666500287 0.6354740749072095 145
1699666520370 0.6349117084692385 146
1699666532034 0.6409852659993251 147
1699666543420 0.6305252502530649 148
1699666554769 0.6320998762793837 149
1699666566391 0.6281633112135868 150
1699666586875 0.6364863344955574 151
1699666598532 0.6389607468226296 152
1699666609514 0.6383983803846587 153
1699666620437 0.6322123495669778 154
1699666631909 0.6425598920256439 155
1699666651979 0.6327747160049488 156
1699666663353 0.6322123495669778 157
1699666674930 0.6318749297041952 158
1699666686403 0.6367112810707457 159
1699666697494 0.6341243954560791 160
1699666717203 0.638623326959847 161
1699666728786 0.6336745023057024 162
1699666740049 0.6307501968282533 163
1699666751577 0.6346867618940502 164
1699666763116 0.6394106399730064 165
1699666783227 0.6313125632662243 166
1699666794890 0.6390732201102238 167
1699666806243 0.6418850523000788 168
1699666818133 0.6290630975143403 169
1699666829839 0.6309751434034416 170
1699666849897 0.6350241817568327 171
1699666862047 0.6314250365538184 172
1699666873788 0.6268136317624564 173
1699666885306 0.6362613879203689 174
1699666896726 0.626026318749297 175
1699666916430 0.6286132043639635 176
1699666928084 0.6306377235406591 177
1699666939886 0.6381734338094702 178
1699666951180 0.6307501968282533 179
1699666962666 0.6370487009335283 180
1699666982727 0.633449555730514 181
1699666994235 0.6379484872342819 182
1699667005660 0.6392981666854122 183
1699667016886 0.6337869755932966 184
1699667028460 0.6398605331233832 185
1699667048450 0.6304127769654707 186
1699667059905 0.6332246091553256 187
1699667071185 0.6341243954560791 188
1699667082280 0.6367112810707457 189
1699667092953 0.6370487009335283 190
1699667113119 0.6326622427173546 191
1699667124536 0.6314250365538184 192
1699667136071 0.6379484872342819 193
1699667147410 0.634011922168485 194
1699667158798 0.6282757845011809 195
1699667178638 0.6355865481948038 196
1699667190210 0.6329996625801372 197
1699667201710 0.6325497694297604 198
1699667213069 0.6396355865481949 199
1699667224355 0.6376110673714993 200
1699667244627 0.6361489146327747 201
1699667257415 0.6337869755932966 202
1699667269082 0.6363738612079631 203
1699667280634 0.6341243954560791 204
1699667292049 0.6358114947699921 205
1699667311961 0.633449555730514 206
1699667324701 0.6372736475087167 207
1699667336784 0.6377235406590934 208
1699667349107 0.6312000899786301 209
1699667361951 0.6346867618940502 210
1699667381878 0.6315375098414127 211
1699667393301 0.6353616016196153 212
1699667404736 0.6389607468226296 213
1699667415964 0.6378360139466877 214
1699667427119 0.6374985940839051 215
1699667447038 0.6352491283320212 216
1699667458690 0.6312000899786301 217
1699667469894 0.6332246091553256 218
1699667481384 0.6328871892925431 219
1699667492646 0.6231020132718479 220
1699667512632 0.6280508379259926 221
1699667524245 0.6315375098414127 222
1699667535833 0.6346867618940502 223
1699667547405 0.6378360139466877 224
1699667560242 0.6346867618940502 225
1699667580226 0.6373861207963109 226
1699667591948 0.6307501968282533 227
1699667603354 0.6341243954560791 228
1699667614551 0.6362613879203689 229
1699667625861 0.632324822854572 230
1699667645935 0.6368237543583399 231
1699667657528 0.6382859070970645 232
1699667669078 0.6331121358677314 233
1699667680477 0.6387358002474413 234
1699667692055 0.6291755708019345 235
1699667712047 0.6354740749072095 236
1699667723835 0.6353616016196153 237
1699667735383 0.6245641660105725 238
1699667746814 0.6329996625801372 239
1699667758120 0.6297379372399056 240
1699667779563 0.6333370824429198 241
1699667790931 0.6294005173771229 242
1699667802330 0.64031042627376 243
1699667813706 0.6355865481948038 244
1699667825142 0.6314250365538184 245
1699667845780 0.6331121358677314 246
1699667857068 0.6325497694297604 247
1699667868821 0.6390732201102238 248
1699667880456 0.6349117084692385 249
1699667892162 0.6280508379259926 250
1699667912363 0.6329996625801372 251
1699667923932 0.6354740749072095 252
1699667935631 0.6285007310763694 253
1699667946798 0.6329996625801372 254
1699667957979 0.6337869755932966 255
1699667978001 0.6279383646383984 256
1699667989468 0.6327747160049488 257
1699668000983 0.6344618153188618 258
1699668012521 0.6274884714880216 259
1699668023800 0.6358114947699921 260
1699668043959 0.6387358002474413 261
1699668055348 0.6396355865481949 262
1699668066730 0.6434596783263975 263
1699668078090 0.6378360139466877 264
1699668089441 0.6367112810707457 265
1699668109313 0.6336745023057024 266
1699668120876 0.6365988077831515 267
1699668132368 0.6287256776515577 268
1699668143975 0.635136655044427 269
1699668155446 0.633449555730514 270
1699668175603 0.6405353728489483 271
1699668187049 0.6350241817568327 272
1699668198589 0.6343493420312676 273
1699668209809 0.635699021482398 274
1699668221302 0.628838150939152 275
1699668241421 0.6352491283320212 276
1699668253382 0.641997525587673 277
1699668265016 0.632324822854572 278
1699668277199 0.6372736475087167 279
1699668288636 0.6381734338094702 280
1699668308714 0.6399730064109774 281
1699668320809 0.6370487009335283 282
1699668332299 0.6371611742211225 283
1699668343679 0.6301878303902823 284
1699668355006 0.6388482735350355 285
1699668376460 0.6365988077831515 286
1699668388310 0.6395231132606006 287
1699668399912 0.6322123495669778 288
1699668411295 0.6380609605218761 289
1699668422663 0.6308626701158475 290
1699668443513 0.6376110673714993 291
1699668455289 0.6319874029917895 292
1699668467059 0.6286132043639635 293
1699668478400 0.6309751434034416 294
1699668489686 0.6400854796985715 295
1699668509727 0.6303003036778765 296
1699668521131 0.6307501968282533 297
1699668532236 0.6407603194241368 298
1699668543577 0.6331121358677314 299
1699668555044 0.6332246091553256 300
1699668575223 0.6315375098414127 301
1699668586841 0.6370487009335283 302
1699668598247 0.639748059835789 303
1699668609730 0.6320998762793837 304
1699668621376 0.6364863344955574 305
1699668641489 0.6256888988865145 306
1699668653180 0.6276009447756158 307
1699668664586 0.6301878303902823 308
1699668676077 0.6378360139466877 309
1699668687538 0.6388482735350355 310
1699668707627 0.6331121358677314 311
1699668719117 0.6344618153188618 312
1699668731862 0.636936227645934 313
1699668743714 0.6291755708019345 314
1699668755310 0.6336745023057024 315
1699668775410 0.6312000899786301 316
1699668787148 0.6380609605218761 317
1699668798570 0.6333370824429198 318
1699668810089 0.6327747160049488 319
1699668821322 0.6371611742211225 320
1699668841625 0.6324372961421663 321
1699668853196 0.6318749297041952 322
1699668864818 0.6322123495669778 323
1699668876031 0.6353616016196153 324
1699668887397 0.6409852659993251 325
1699668907586 0.634011922168485 326
1699668919182 0.6350241817568327 327
1699668930550 0.6359239680575863 328
1699668942016 0.6399730064109774 329
1699668953448 0.6378360139466877 330
1699668973712 0.6299628838150939 331
1699668985297 0.639185693397818 332
1699668997223 0.6408727927117309 333
1699669008457 0.6265886851872681 334
1699669019659 0.6378360139466877 335
1699669039635 0.6324372961421663 336
1699669051334 0.6329996625801372 337
1699669062956 0.6371611742211225 338
1699669074543 0.6370487009335283 339
1699669086060 0.6329996625801372 340
1699669106243 0.62771341806321 341
1699669118066 0.6354740749072095 342
1699669129933 0.6367112810707457 343
1699669141647 0.6355865481948038 344
1699669153321 0.6300753571026881 345
1699669173394 0.6412102125745136 346
1699669184760 0.6377235406590934 347
1699669196302 0.6364863344955574 348
1699669207669 0.6308626701158475 349
1699669219039 0.6383983803846587 350
1699669239115 0.6305252502530649 351
1699669250716 0.6329996625801372 352
1699669262362 0.6371611742211225 353
1699669274150 0.6316499831290069 354
1699669285890 0.6312000899786301 355
1699669305809 0.6237768529974131 356
1699669317261 0.6379484872342819 357
1699669328732 0.6376110673714993 358
1699669340186 0.6418850523000788 359
1699669351761 0.6373861207963109 360
1699669373072 0.6347992351816444 361
1699669385160 0.6333370824429198 362
1699669396924 0.6325497694297604 363
1699669408332 0.6308626701158475 364
1699669421008 0.6329996625801372 365
1699669441074 0.6282757845011809 366
1699669452671 0.6377235406590934 367
1699669464247 0.6381734338094702 368
1699669475778 0.6361489146327747 369
1699669486967 0.6290630975143403 370
1699669508387 0.6342368687436734 371
1699669520049 0.6354740749072095 372
1699669531443 0.6371611742211225 373
1699669542743 0.6428973118884265 374
1699669554289 0.6409852659993251 375
1699669574344 0.6273759982004274 376
1699669585926 0.6368237543583399 377
1699669597153 0.6333370824429198 378
1699669608539 0.635699021482398 379
1699669619992 0.6264762118996738 380
1699669640063 0.6316499831290069 381
1699669651432 0.6243392194353841 382
1699669664168 0.6353616016196153 383
1699669676071 0.6272635249128332 384
1699669687606 0.6367112810707457 385
1699669707687 0.6367112810707457 386
1699669719286 0.6370487009335283 387
1699669730807 0.6385108536722528 388
1699669742471 0.6359239680575863 389
1699669754102 0.6307501968282533 390
1699669774090 0.6316499831290069 391
1699669785702 0.6354740749072095 392
1699669797285 0.636936227645934 393
1699669808579 0.6306377235406591 394
1699669820359 0.6274884714880216 395
1699669840540 0.6371611742211225 396
1699669852074 0.6345742886064559 397
1699669863371 0.6378360139466877 398
1699669875901 0.6358114947699921 399
1699669887449 0.6374985940839051 400
1699669907559 0.6331121358677314 401
1699669919273 0.6396355865481949 402
1699669930903 0.6371611742211225 403
1699669942295 0.6282757845011809 404
1699669953674 0.6350241817568327 405
1699669973786 0.6347992351816444 406
1699669985357 0.633449555730514 407
1699669996801 0.635699021482398 408
1699670007698 0.6362613879203689 409
1699670019005 0.6362613879203689 410
1699670039131 0.6349117084692385 411
1699670050690 0.6299628838150939 412
1699670062162 0.6360364413451806 413
1699670073582 0.6387358002474413 414
1699670084780 0.6354740749072095 415
1699670104713 0.6333370824429198 416
1699670116112 0.639185693397818 417
1699670127315 0.6314250365538184 418
1699670138568 0.641997525587673 419
1699670149897 0.6365988077831515 420
1699670170093 0.6258013721741087 421
1699670181649 0.6312000899786301 422
1699670193214 0.6377235406590934 423
1699670204625 0.6326622427173546 424
1699670215991 0.6342368687436734 425
1699670236180 0.6337869755932966 426
1699670247985 0.634011922168485 427
1699670259598 0.6308626701158475 428
1699670271371 0.6304127769654707 429
1699670282510 0.6251265324485434 430
1699670302644 0.6298504105274997 431
1699670314089 0.6343493420312676 432
1699670325430 0.6297379372399056 433
1699670336669 0.6346867618940502 434
1699670348330 0.6368237543583399 435
1699670368396 0.6295129906647171 436
1699670379816 0.6360364413451806 437
1699670391342 0.6398605331233832 438
1699670402733 0.6382859070970645 439
1699670414267 0.6404228995613542 440
1699670434632 0.6336745023057024 441
1699670447452 0.6308626701158475 442
1699670459342 0.6342368687436734 443
1699670470963 0.6326622427173546 444
1699670482911 0.6247891125857609 445
1699670504092 0.6347992351816444 446
1699670515821 0.6259138454617028 447
1699670527311 0.6326622427173546 448
1699670538923 0.6396355865481949 449
1699670551743 0.6346867618940502 450
1699670572127 0.6312000899786301 451
1699670583745 0.6345742886064559 452
1699670595275 0.6285007310763694 453
1699670606545 0.6326622427173546 454
1699670617984 0.6299628838150939 455
1699670638584 0.6292880440895288 456
1699670650580 0.6352491283320212 457
1699670662205 0.6363738612079631 458
1699670673810 0.6400854796985715 459
1699670684936 0.6292880440895288 460
1699670705020 0.6283882577887752 461
1699670716611 0.636936227645934 462
1699670728181 0.6400854796985715 463
1699670739566 0.6354740749072095 464
1699670750808 0.6228770666966595 465
1699670771012 0.635699021482398 466
1699670782722 0.6333370824429198 467
1699670794142 0.6361489146327747 468
1699670805282 0.6324372961421663 469
1699670816163 0.6395231132606006 470
1699670836719 0.6347992351816444 471
1699670848567 0.6338994488808908 472
1699670860941 0.6304127769654707 473
1699670872826 0.6360364413451806 474
1699670884930 0.6368237543583399 475
1699670905343 0.6367112810707457 476
1699670917404 0.6315375098414127 477
1699670929432 0.6415476324372962 478
1699670941600 0.6396355865481949 479
1699670953520 0.6381734338094702 480
1699670973935 0.6362613879203689 481
1699670985750 0.6360364413451806 482
1699670997631 0.6367112810707457 483
1699671009496 0.6373861207963109 484
1699671022772 0.6359239680575863 485
1699671042922 0.6349117084692385 486
1699671055915 0.6392981666854122 487
1699671067693 0.6326622427173546 488
1699671079499 0.6307501968282533 489
1699671091261 0.6341243954560791 490
1699671111695 0.6338994488808908 491
1699671123502 0.6440220447643684 492
1699671135447 0.6387358002474413 493
1699671147205 0.6346867618940502 494
1699671159015 0.6301878303902823 495
1699671179276 0.6308626701158475 496
1699671191453 0.6404228995613542 497
1699671203313 0.6367112810707457 498
1699671215087 0.6379484872342819 499
