1699664513962 0.6160161961534135 0
1699664535347 0.5162523900573613 1
1699664547496 0.4153638510853672 2
1699664560523 0.378022719604094 3
1699664572884 0.40569114835226633 4
1699664585942 0.44618153188617704 5
1699664607586 0.48622202226971095 6
1699664620733 0.4937577325385221 7
1699664633283 0.5158024969069845 8
1699664646229 0.5127657181419413 9
1699664658218 0.506354740749072 10
1699664679377 0.47958609830165333 11
1699664691527 0.47070070858171187 12
1699664703499 0.48577212911933415 13
1699664715323 0.47396243392194354 14
1699664727360 0.47373748734675514 15
1699664747612 0.4846473962433922 16
1699664760554 0.4924080530873917 17
1699664773926 0.4911708469238556 18
1699664786902 0.4945450455516815 19
1699664799679 0.50174333595771 20
1699664820213 0.5021932291080868 21
1699664832288 0.5043302215723766 22
1699664844366 0.5361601619615342 23
1699664856291 0.5250253064897087 24
1699664868517 0.5326734900461141 25
1699664888964 0.5493195366100551 26
1699664901114 0.5501068496232144 27
1699664913017 0.5459453379822292 28
1699664925126 0.5540434146890113 29
1699664937598 0.5630412776965471 30
1699664958960 0.56472837701046 31
1699664971271 0.5727139804296479 32
1699664983208 0.5729389270048364 33
1699664995069 0.5755258126195029 34
1699665007140 0.5705769879653583 35
1699665027654 0.5719266674164886 36
1699665039947 0.5829490496007198 37
1699665051790 0.5877854009672703 38
1699665063934 0.5865481948037341 39
1699665075793 0.5867731413789226 40
1699665096577 0.5926217523338208 41
1699665108433 0.600269935890226 42
1699665120599 0.6010572489033854 43
1699665133177 0.589360026993589 44
1699665145421 0.5964458441120234 45
1699665166450 0.5940839050725453 46
1699665178724 0.6103925317737038 47
1699665192916 0.6090428523225734 48
1699665206548 0.606568439995501 49
1699665218789 0.6110673714992689 50
1699665240067 0.6135417838263413 51
1699665252548 0.6024069283545158 52
1699665264758 0.6074682262962546 53
1699665277709 0.6120796310876166 54
1699665290424 0.6161286694410077 55
1699665311194 0.6106174783488921 56
1699665323800 0.6044314475312114 57
1699665335872 0.6072432797210663 58
1699665348275 0.6084804858846025 59
1699665360493 0.6199527612192104 60
1699665381333 0.6238893262850073 61
1699665393719 0.6165785625913845 62
1699665406529 0.6253514790237319 63
1699665419245 0.6264762118996738 64
1699665431965 0.619727814644022 65
1699665452387 0.621414913957935 66
1699665464480 0.6276009447756158 67
1699665476611 0.6310876166910359 68
1699665489886 0.6272635249128332 69
1699665502623 0.6304127769654707 70
1699665523905 0.6286132043639635 71
1699665536608 0.6258013721741087 72
1699665549034 0.6234394331346306 73
1699665560922 0.6294005173771229 74
1699665573004 0.6243392194353841 75
1699665593250 0.6273759982004274 76
1699665605964 0.6282757845011809 77
1699665617039 0.6343493420312676 78
1699665628151 0.6324372961421663 79
1699665640231 0.6291755708019345 80
1699665659853 0.6287256776515577 81
1699665671288 0.626026318749297 82
1699665682985 0.6336745023057024 83
1699665694177 0.6347992351816444 84
1699665705508 0.6313125632662243 85
1699665726677 0.6345742886064559 86
1699665740382 0.6331121358677314 87
1699665752163 0.6262512653244854 88
1699665764051 0.6354740749072095 89
1699665775306 0.6281633112135868 90
1699665795707 0.6335620290181082 91
1699665807418 0.6337869755932966 92
1699665818743 0.6365988077831515 93
1699665830201 0.6341243954560791 94
1699665841765 0.6353616016196153 95
1699665861700 0.6354740749072095 96
1699665872981 0.6316499831290069 97
1699665884025 0.6385108536722528 98
1699665895098 0.6331121358677314 99
1699665906197 0.6299628838150939 100
1699665926427 0.6286132043639635 101
1699665938074 0.6337869755932966 102
1699665949549 0.6305252502530649 103
1699665960743 0.6276009447756158 104
1699665972583 0.628838150939152 105
1699665992626 0.635699021482398 106
1699666003691 0.6370487009335283 107
1699666014569 0.6308626701158475 108
1699666025303 0.6380609605218761 109
1699666035851 0.6344618153188618 110
1699666055783 0.6364863344955574 111
1699666067465 0.6295129906647171 112
1699666078964 0.6363738612079631 113
1699666090132 0.6365988077831515 114
1699666101586 0.6355865481948038 115
1699666121616 0.6347992351816444 116
1699666133373 0.6279383646383984 117
1699666144917 0.6299628838150939 118
1699666156363 0.6319874029917895 119
1699666167901 0.6360364413451806 120
1699666188716 0.6286132043639635 121
1699666200255 0.6255764255989202 122
1699666211827 0.6300753571026881 123
1699666223065 0.6315375098414127 124
1699666234628 0.628838150939152 125
1699666256410 0.6368237543583399 126
1699666268037 0.6301878303902823 127
1699666279002 0.6362613879203689 128
1699666290407 0.635136655044427 129
1699666301773 0.6329996625801372 130
1699666321843 0.6290630975143403 131
1699666333279 0.6331121358677314 132
1699666344513 0.6338994488808908 133
1699666355851 0.6300753571026881 134
1699666367293 0.6381734338094702 135
1699666387335 0.631762456416601 136
1699666398867 0.6346867618940502 137
1699666411471 0.6294005173771229 138
1699666422999 0.6309751434034416 139
1699666434367 0.6335620290181082 140
1699666454598 0.6434596783263975 141
1699666465987 0.6312000899786301 142
1699666477563 0.6365988077831515 143
1699666488906 0.635699021482398 144
1699666500293 0.6354740749072095 145
1699666520375 0.6349117084692385 146
1699666532039 0.6409852659993251 147
1699666543426 0.6305252502530649 148
1699666554774 0.6320998762793837 149
1699666566397 0.6281633112135868 150
1699666586881 0.6364863344955574 151
1699666598537 0.6389607468226296 152
1699666609518 0.6383983803846587 153
1699666620444 0.6322123495669778 154
1699666631914 0.6425598920256439 155
1699666651985 0.6327747160049488 156
1699666663359 0.6322123495669778 157
1699666674936 0.6318749297041952 158
1699666686408 0.6367112810707457 159
1699666697498 0.6341243954560791 160
1699666717209 0.638623326959847 161
1699666728793 0.6336745023057024 162
1699666740054 0.6307501968282533 163
1699666751583 0.6346867618940502 164
1699666763122 0.6394106399730064 165
1699666783233 0.6313125632662243 166
1699666794897 0.6390732201102238 167
1699666806247 0.6418850523000788 168
1699666818138 0.6290630975143403 169
1699666829844 0.6309751434034416 170
1699666849903 0.6350241817568327 171
1699666862053 0.6314250365538184 172
1699666873793 0.6268136317624564 173
1699666885311 0.6362613879203689 174
1699666896732 0.626026318749297 175
1699666916435 0.6286132043639635 176
1699666928090 0.6306377235406591 177
1699666939890 0.6381734338094702 178
1699666951186 0.6307501968282533 179
1699666962671 0.6370487009335283 180
1699666982733 0.633449555730514 181
1699666994241 0.6379484872342819 182
1699667005666 0.6392981666854122 183
1699667016892 0.6337869755932966 184
1699667028467 0.6398605331233832 185
1699667048455 0.6304127769654707 186
1699667059910 0.6332246091553256 187
1699667071190 0.6341243954560791 188
1699667082285 0.6367112810707457 189
1699667092959 0.6370487009335283 190
1699667113125 0.6326622427173546 191
1699667124542 0.6314250365538184 192
1699667136076 0.6379484872342819 193
1699667147414 0.634011922168485 194
1699667158804 0.6282757845011809 195
1699667178641 0.6355865481948038 196
1699667190216 0.6329996625801372 197
1699667201714 0.6325497694297604 198
1699667213075 0.6396355865481949 199
1699667224361 0.6376110673714993 200
1699667244633 0.6361489146327747 201
1699667257423 0.6337869755932966 202
1699667269087 0.6363738612079631 203
1699667280638 0.6341243954560791 204
1699667292055 0.6358114947699921 205
1699667311967 0.633449555730514 206
1699667324706 0.6372736475087167 207
1699667336790 0.6377235406590934 208
1699667349120 0.6312000899786301 209
1699667361957 0.6346867618940502 210
1699667381885 0.6315375098414127 211
1699667393307 0.6353616016196153 212
1699667404741 0.6389607468226296 213
1699667415968 0.6378360139466877 214
1699667427125 0.6374985940839051 215
1699667447044 0.6352491283320212 216
1699667458696 0.6312000899786301 217
1699667469899 0.6332246091553256 218
1699667481390 0.6328871892925431 219
1699667492653 0.6231020132718479 220
1699667512638 0.6280508379259926 221
1699667524252 0.6315375098414127 222
1699667535837 0.6346867618940502 223
1699667547410 0.6378360139466877 224
1699667560247 0.6346867618940502 225
1699667580231 0.6373861207963109 226
1699667591954 0.6307501968282533 227
1699667603359 0.6341243954560791 228
1699667614556 0.6362613879203689 229
1699667625866 0.632324822854572 230
1699667645941 0.6368237543583399 231
1699667657533 0.6382859070970645 232
1699667669083 0.6331121358677314 233
1699667680482 0.6387358002474413 234
1699667692061 0.6291755708019345 235
1699667712052 0.6354740749072095 236
1699667723843 0.6353616016196153 237
1699667735389 0.6245641660105725 238
1699667746819 0.6329996625801372 239
1699667758126 0.6297379372399056 240
1699667779566 0.6333370824429198 241
1699667790937 0.6294005173771229 242
1699667802336 0.64031042627376 243
1699667813711 0.6355865481948038 244
1699667825148 0.6314250365538184 245
1699667845785 0.6331121358677314 246
1699667857074 0.6325497694297604 247
1699667868826 0.6390732201102238 248
1699667880461 0.6349117084692385 249
1699667892168 0.6280508379259926 250
1699667912368 0.6329996625801372 251
1699667923938 0.6354740749072095 252
1699667935637 0.6285007310763694 253
1699667946802 0.6329996625801372 254
1699667957984 0.6337869755932966 255
1699667978006 0.6279383646383984 256
1699667989474 0.6327747160049488 257
1699668000988 0.6344618153188618 258
1699668012526 0.6274884714880216 259
1699668023806 0.6358114947699921 260
1699668043965 0.6387358002474413 261
1699668055355 0.6396355865481949 262
1699668066736 0.6434596783263975 263
1699668078096 0.6378360139466877 264
1699668089448 0.6367112810707457 265
1699668109318 0.6336745023057024 266
1699668120883 0.6365988077831515 267
1699668132372 0.6287256776515577 268
1699668143980 0.635136655044427 269
1699668155454 0.633449555730514 270
1699668175610 0.6405353728489483 271
1699668187055 0.6350241817568327 272
1699668198594 0.6343493420312676 273
1699668209814 0.635699021482398 274
1699668221308 0.628838150939152 275
1699668241426 0.6352491283320212 276
1699668253387 0.641997525587673 277
1699668265021 0.632324822854572 278
1699668277204 0.6372736475087167 279
1699668288641 0.6381734338094702 280
1699668308719 0.6399730064109774 281
1699668320815 0.6370487009335283 282
1699668332304 0.6371611742211225 283
1699668343684 0.6301878303902823 284
1699668355013 0.6388482735350355 285
1699668376464 0.6365988077831515 286
1699668388316 0.6395231132606006 287
1699668399918 0.6322123495669778 288
1699668411300 0.6380609605218761 289
1699668422669 0.6308626701158475 290
1699668443519 0.6376110673714993 291
1699668455295 0.6319874029917895 292
1699668467064 0.6286132043639635 293
1699668478406 0.6309751434034416 294
1699668489693 0.6400854796985715 295
1699668509732 0.6303003036778765 296
1699668521137 0.6307501968282533 297
1699668532242 0.6407603194241368 298
1699668543583 0.6331121358677314 299
1699668555051 0.6332246091553256 300
1699668575229 0.6315375098414127 301
1699668586847 0.6370487009335283 302
1699668598252 0.639748059835789 303
1699668609734 0.6320998762793837 304
1699668621383 0.6364863344955574 305
1699668641493 0.6256888988865145 306
1699668653187 0.6276009447756158 307
1699668664591 0.6301878303902823 308
1699668676082 0.6378360139466877 309
1699668687545 0.6388482735350355 310
1699668707632 0.6331121358677314 311
1699668719123 0.6344618153188618 312
1699668731866 0.636936227645934 313
1699668743720 0.6291755708019345 314
1699668755317 0.6336745023057024 315
1699668775414 0.6312000899786301 316
1699668787154 0.6380609605218761 317
1699668798575 0.6333370824429198 318
1699668810095 0.6327747160049488 319
1699668821329 0.6371611742211225 320
1699668841630 0.6324372961421663 321
1699668853203 0.6318749297041952 322
1699668864823 0.6322123495669778 323
1699668876035 0.6353616016196153 324
1699668887403 0.6409852659993251 325
1699668907592 0.634011922168485 326
1699668919189 0.6350241817568327 327
1699668930555 0.6359239680575863 328
1699668942021 0.6399730064109774 329
1699668953455 0.6378360139466877 330
1699668973717 0.6299628838150939 331
1699668985303 0.639185693397818 332
1699668997228 0.6408727927117309 333
1699669008462 0.6265886851872681 334
1699669019665 0.6378360139466877 335
1699669039640 0.6324372961421663 336
1699669051339 0.6329996625801372 337
1699669062962 0.6371611742211225 338
1699669074549 0.6370487009335283 339
1699669086066 0.6329996625801372 340
1699669106248 0.62771341806321 341
1699669118073 0.6354740749072095 342
1699669129938 0.6367112810707457 343
1699669141653 0.6355865481948038 344
1699669153328 0.6300753571026881 345
1699669173400 0.6412102125745136 346
1699669184766 0.6377235406590934 347
1699669196307 0.6364863344955574 348
1699669207676 0.6308626701158475 349
1699669219044 0.6383983803846587 350
1699669239122 0.6305252502530649 351
1699669250723 0.6329996625801372 352
1699669262367 0.6371611742211225 353
1699669274155 0.6316499831290069 354
1699669285897 0.6312000899786301 355
1699669305815 0.6237768529974131 356
1699669317266 0.6379484872342819 357
1699669328737 0.6376110673714993 358
1699669340189 0.6418850523000788 359
1699669351767 0.6373861207963109 360
1699669373078 0.6347992351816444 361
1699669385166 0.6333370824429198 362
1699669396929 0.6325497694297604 363
1699669408338 0.6308626701158475 364
1699669421013 0.6329996625801372 365
1699669441080 0.6282757845011809 366
1699669452675 0.6377235406590934 367
1699669464253 0.6381734338094702 368
1699669475785 0.6361489146327747 369
1699669486972 0.6290630975143403 370
1699669508394 0.6342368687436734 371
1699669520055 0.6354740749072095 372
1699669531448 0.6371611742211225 373
1699669542750 0.6428973118884265 374
1699669554295 0.6409852659993251 375
1699669574349 0.6273759982004274 376
1699669585932 0.6368237543583399 377
1699669597159 0.6333370824429198 378
1699669608546 0.635699021482398 379
1699669619997 0.6264762118996738 380
1699669640070 0.6316499831290069 381
1699669651436 0.6243392194353841 382
1699669664174 0.6353616016196153 383
1699669676077 0.6272635249128332 384
1699669687611 0.6367112810707457 385
1699669707695 0.6367112810707457 386
1699669719291 0.6370487009335283 387
1699669730812 0.6385108536722528 388
1699669742478 0.6359239680575863 389
1699669754107 0.6307501968282533 390
1699669774096 0.6316499831290069 391
1699669785707 0.6354740749072095 392
1699669797290 0.636936227645934 393
1699669808585 0.6306377235406591 394
1699669820364 0.6274884714880216 395
1699669840546 0.6371611742211225 396
1699669852081 0.6345742886064559 397
1699669863377 0.6378360139466877 398
1699669875908 0.6358114947699921 399
1699669887454 0.6374985940839051 400
1699669907565 0.6331121358677314 401
1699669919278 0.6396355865481949 402
1699669930909 0.6371611742211225 403
1699669942303 0.6282757845011809 404
1699669953679 0.6350241817568327 405
1699669973794 0.6347992351816444 406
1699669985364 0.633449555730514 407
1699669996806 0.635699021482398 408
1699670007706 0.6362613879203689 409
1699670019012 0.6362613879203689 410
1699670039137 0.6349117084692385 411
1699670050695 0.6299628838150939 412
1699670062168 0.6360364413451806 413
1699670073588 0.6387358002474413 414
1699670084786 0.6354740749072095 415
1699670104721 0.6333370824429198 416
1699670116117 0.639185693397818 417
1699670127320 0.6314250365538184 418
1699670138575 0.641997525587673 419
1699670149901 0.6365988077831515 420
1699670170100 0.6258013721741087 421
1699670181655 0.6312000899786301 422
1699670193219 0.6377235406590934 423
1699670204632 0.6326622427173546 424
1699670215996 0.6342368687436734 425
1699670236186 0.6337869755932966 426
1699670247991 0.634011922168485 427
1699670259603 0.6308626701158475 428
1699670271378 0.6304127769654707 429
1699670282516 0.6251265324485434 430
1699670302650 0.6298504105274997 431
1699670314094 0.6343493420312676 432
1699670325435 0.6297379372399056 433
1699670336675 0.6346867618940502 434
1699670348335 0.6368237543583399 435
1699670368402 0.6295129906647171 436
1699670379822 0.6360364413451806 437
1699670391347 0.6398605331233832 438
1699670402740 0.6382859070970645 439
1699670414270 0.6404228995613542 440
1699670434638 0.6336745023057024 441
1699670447457 0.6308626701158475 442
1699670459349 0.6342368687436734 443
1699670470969 0.6326622427173546 444
1699670482917 0.6247891125857609 445
1699670504098 0.6347992351816444 446
1699670515827 0.6259138454617028 447
1699670527315 0.6326622427173546 448
1699670538927 0.6396355865481949 449
1699670551749 0.6346867618940502 450
1699670572132 0.6312000899786301 451
1699670583751 0.6345742886064559 452
1699670595280 0.6285007310763694 453
1699670606550 0.6326622427173546 454
1699670617990 0.6299628838150939 455
1699670638589 0.6292880440895288 456
1699670650586 0.6352491283320212 457
1699670662210 0.6363738612079631 458
1699670673814 0.6400854796985715 459
1699670684941 0.6292880440895288 460
1699670705025 0.6283882577887752 461
1699670716616 0.636936227645934 462
1699670728185 0.6400854796985715 463
1699670739571 0.6354740749072095 464
1699670750814 0.6228770666966595 465
1699670771017 0.635699021482398 466
1699670782728 0.6333370824429198 467
1699670794146 0.6361489146327747 468
1699670805286 0.6324372961421663 469
1699670816170 0.6395231132606006 470
1699670836724 0.6347992351816444 471
1699670848572 0.6338994488808908 472
1699670860945 0.6304127769654707 473
1699670872831 0.6360364413451806 474
1699670884935 0.6368237543583399 475
1699670905348 0.6367112810707457 476
1699670917410 0.6315375098414127 477
1699670929435 0.6415476324372962 478
1699670941605 0.6396355865481949 479
1699670953525 0.6381734338094702 480
1699670973939 0.6362613879203689 481
1699670985755 0.6360364413451806 482
1699670997634 0.6367112810707457 483
1699671009501 0.6373861207963109 484
1699671022776 0.6359239680575863 485
1699671042926 0.6349117084692385 486
1699671055920 0.6392981666854122 487
1699671067697 0.6326622427173546 488
1699671079503 0.6307501968282533 489
1699671091267 0.6341243954560791 490
1699671111701 0.6338994488808908 491
1699671123506 0.6440220447643684 492
1699671135450 0.6387358002474413 493
1699671147210 0.6346867618940502 494
1699671159019 0.6301878303902823 495
1699671179280 0.6308626701158475 496
1699671191459 0.6404228995613542 497
1699671203317 0.6367112810707457 498
1699671215092 0.6379484872342819 499
