1699715833511 0.29749184568664944 0
1699715868299 0.32549769429760433 1
1699715891445 0.35057923743111014 2
1699715913826 0.38049713193116635 3
1699715934329 0.3965808120571364 4
1699715956731 0.39579349904397704 5
1699715988944 0.3572151613991677 6
1699716009840 0.36036441345180525 7
1699716033248 0.35991452030142834 8
1699716055343 0.36576313125632665 9
1699716077870 0.36846249015858734 10
1699716111428 0.38128444494432573 11
1699716133397 0.36846249015858734 12
1699716156981 0.3818468113822967 13
1699716178947 0.37138679563603644 14
1699716202034 0.37689798672815206 15
1699716233457 0.3864582161736588 16
1699716256332 0.39939264424699134 17
1699716278789 0.4070408278033967 18
1699716302174 0.402654369587223 19
1699716324226 0.40175458328646946 20
1699716359187 0.4001799572601507 21
1699716385085 0.37824766617928246 22
1699716411286 0.40490383533910695 23
1699716433789 0.4124395456079181 24
1699716454908 0.3999550106849623 25
1699716490388 0.4060285682150489 26
1699716515042 0.42177482847823644 27
1699716539496 0.4224496682038016 28
1699716564136 0.43009785176020693 29
1699716587648 0.4264987065571927 30
1699716623263 0.434146890113598 31
1699716649749 0.4374086154538297 32
1699716676012 0.42886064559667086 33
1699716703028 0.4349342031267574 34
1699716728210 0.43605893600269935 35
1699716759521 0.43808345517939484 36
1699716781523 0.4375210887414239 37
1699716804096 0.44561916544820607 38
1699716827219 0.4362838825778877 39
1699716847870 0.44561916544820607 40
1699716880702 0.4429198065459453 41
1699716905086 0.4542796085929592 42
1699716930403 0.44539421887301767 43
1699716956406 0.4525925092790462 44
1699716982581 0.44494432572264087 45
1699717013882 0.4540546620177708 46
1699717034854 0.4639523113260601 47
1699717055135 0.4479811044876842 48
1699717077469 0.4569789674952198 49
1699717099668 0.4533798222922056 50
1699717132983 0.4592284332471038 51
1699717155937 0.4567540209200315 52
1699717180454 0.45900348667191543 53
1699717210059 0.4623776852997414 54
1699717236293 0.4636148914632774 55
1699717265801 0.4641772579012485 56
1699717287502 0.466201777077944 57
1699717307435 0.4629400517377123 58
1699717328898 0.46406478461365425 59
1699717347644 0.465077044202002 60
1699717373950 0.4631649983129007 61
1699717391696 0.4692385558429873 62
1699717409409 0.46766392981666854 63
1699717426884 0.471937914745248 64
1699717444426 0.47025081543133507 65
1699717470718 0.4686761894050163 66
1699717488406 0.4709256551569002 67
1699717506044 0.47025081543133507 68
1699717523224 0.4622652120121471 69
1699717540528 0.4620402654369587 70
1699717566891 0.47384996063434937 71
1699717584331 0.47632437296142166 72
1699717602853 0.46833876954223375 73
1699717620380 0.4627151051625239 74
1699717637946 0.4663142503655382 75
1699717664331 0.4716004948824654 76
1699717682837 0.4720503880328422 77
1699717700415 0.47306264762119 78
1699717717848 0.4672140366662918 79
1699717735113 0.4720503880328422 80
1699717761467 0.4692385558429873 81
1699717778655 0.4728377010460016 82
1699717796221 0.47384996063434937 83
1699717813616 0.47250028118321896 84
1699717831016 0.4723878078956248 85
1699717856969 0.47070070858171187 86
1699717874271 0.47351254077156674 87
1699717891675 0.47362501405916096 88
1699717909086 0.47463727364750874 89
1699717926413 0.4759869530986391 90
1699717952631 0.4717129681700596 91
1699717969974 0.4694635024181757 92
1699717987304 0.47317512090878416 93
1699718005014 0.47328759419637834 94
1699718024603 0.47609942638623326 95
1699718052996 0.4745248003599145 96
