1699715833527 0.29749184568664944 0
1699715868310 0.32549769429760433 1
1699715891455 0.35057923743111014 2
1699715913834 0.38049713193116635 3
1699715934338 0.3965808120571364 4
1699715956740 0.39579349904397704 5
1699715988952 0.3572151613991677 6
1699716009847 0.3603644134518052 7
1699716033259 0.3599145203014284 8
1699716055351 0.36576313125632665 9
1699716077879 0.36846249015858734 10
1699716111435 0.38128444494432573 11
1699716133405 0.36846249015858734 12
1699716156989 0.3818468113822967 13
1699716178958 0.37138679563603644 14
1699716202043 0.37689798672815206 15
1699716233466 0.3864582161736588 16
1699716256343 0.39939264424699134 17
1699716278799 0.4070408278033967 18
1699716302184 0.40265436958722306 19
1699716324239 0.40175458328646946 20
1699716359204 0.4001799572601507 21
1699716385098 0.3782476661792824 22
1699716411298 0.40490383533910695 23
1699716433804 0.4124395456079181 24
1699716454917 0.3999550106849623 25
1699716490399 0.4060285682150489 26
1699716515050 0.42177482847823644 27
1699716539510 0.4224496682038016 28
1699716564150 0.43009785176020693 29
1699716587664 0.4264987065571927 30
1699716623275 0.434146890113598 31
1699716649761 0.4374086154538297 32
1699716676024 0.4288606455966708 33
1699716703043 0.4349342031267574 34
1699716728222 0.43605893600269935 35
1699716759532 0.4380834551793949 36
1699716781535 0.4375210887414239 37
1699716804106 0.44561916544820607 38
1699716827230 0.43628388257788775 39
1699716847889 0.44561916544820607 40
1699716880713 0.4429198065459453 41
1699716905102 0.4542796085929592 42
1699716930414 0.44539421887301767 43
1699716956420 0.4525925092790462 44
1699716982595 0.44494432572264087 45
1699717013892 0.4540546620177708 46
1699717034865 0.4639523113260601 47
1699717055145 0.4479811044876842 48
1699717077481 0.4569789674952199 49
1699717099678 0.4533798222922056 50
1699717132996 0.45922843324710383 51
1699717155948 0.4567540209200315 52
1699717180469 0.45900348667191543 53
1699717210072 0.4623776852997413 54
1699717236304 0.46361489146327745 55
1699717265810 0.4641772579012485 56
1699717287513 0.46620177707794397 57
1699717307446 0.4629400517377123 58
1699717328909 0.46406478461365425 59
1699717347652 0.465077044202002 60
1699717373960 0.4631649983129007 61
1699717391704 0.4692385558429873 62
1699717409419 0.46766392981666854 63
1699717426892 0.471937914745248 64
1699717444436 0.47025081543133507 65
1699717470726 0.4686761894050163 66
1699717488414 0.4709256551569002 67
1699717506051 0.47025081543133507 68
1699717523231 0.4622652120121471 69
1699717540536 0.4620402654369587 70
1699717566899 0.47384996063434937 71
1699717584340 0.47632437296142166 72
1699717602860 0.46833876954223375 73
1699717620389 0.4627151051625239 74
1699717637953 0.4663142503655382 75
1699717664341 0.4716004948824654 76
1699717682844 0.4720503880328422 77
1699717700424 0.47306264762119 78
1699717717855 0.46721403666629174 79
1699717735124 0.4720503880328422 80
1699717761474 0.4692385558429873 81
1699717778663 0.4728377010460016 82
1699717796228 0.47384996063434937 83
1699717813625 0.47250028118321896 84
1699717831023 0.4723878078956248 85
1699717856977 0.47070070858171187 86
1699717874279 0.47351254077156674 87
1699717891684 0.47362501405916096 88
1699717909093 0.47463727364750874 89
1699717926423 0.4759869530986391 90
1699717952639 0.4717129681700596 91
1699717969983 0.4694635024181757 92
1699717987312 0.47317512090878416 93
1699718005023 0.47328759419637834 94
1699718024609 0.47609942638623326 95
1699718053003 0.4745248003599145 96
