1699715833519 0.29749184568664944 0
1699715868304 0.32549769429760433 1
1699715891450 0.35057923743111014 2
1699715913829 0.38049713193116635 3
1699715934333 0.3965808120571364 4
1699715956735 0.39579349904397704 5
1699715988947 0.3572151613991677 6
1699716009842 0.3603644134518052 7
1699716033252 0.3599145203014284 8
1699716055345 0.36576313125632665 9
1699716077873 0.36846249015858734 10
1699716111429 0.38128444494432573 11
1699716133399 0.36846249015858734 12
1699716156983 0.3818468113822967 13
1699716178951 0.37138679563603644 14
1699716202036 0.37689798672815206 15
1699716233459 0.3864582161736588 16
1699716256336 0.39939264424699134 17
1699716278792 0.4070408278033967 18
1699716302177 0.40265436958722306 19
1699716324230 0.40175458328646946 20
1699716359194 0.4001799572601507 21
1699716385089 0.3782476661792824 22
1699716411290 0.40490383533910695 23
1699716433796 0.4124395456079181 24
1699716454910 0.3999550106849623 25
1699716490391 0.4060285682150489 26
1699716515044 0.42177482847823644 27
1699716539502 0.4224496682038016 28
1699716564140 0.43009785176020693 29
1699716587654 0.4264987065571927 30
1699716623266 0.434146890113598 31
1699716649753 0.4374086154538297 32
1699716676016 0.4288606455966708 33
1699716703034 0.4349342031267574 34
1699716728214 0.43605893600269935 35
1699716759524 0.4380834551793949 36
1699716781527 0.4375210887414239 37
1699716804099 0.44561916544820607 38
1699716827223 0.43628388257788775 39
1699716847876 0.44561916544820607 40
1699716880705 0.4429198065459453 41
1699716905092 0.4542796085929592 42
1699716930406 0.44539421887301767 43
1699716956411 0.4525925092790462 44
1699716982584 0.44494432572264087 45
1699717013885 0.4540546620177708 46
1699717034859 0.4639523113260601 47
1699717055138 0.4479811044876842 48
1699717077473 0.4569789674952199 49
1699717099671 0.4533798222922056 50
1699717132988 0.45922843324710383 51
1699717155939 0.4567540209200315 52
1699717180459 0.45900348667191543 53
1699717210062 0.4623776852997413 54
1699717236298 0.46361489146327745 55
1699717265803 0.4641772579012485 56
1699717287505 0.46620177707794397 57
1699717307439 0.4629400517377123 58
1699717328902 0.46406478461365425 59
1699717347646 0.465077044202002 60
1699717373955 0.4631649983129007 61
1699717391699 0.4692385558429873 62
1699717409413 0.46766392981666854 63
1699717426887 0.471937914745248 64
1699717444431 0.47025081543133507 65
1699717470721 0.4686761894050163 66
1699717488409 0.4709256551569002 67
1699717506046 0.47025081543133507 68
1699717523226 0.4622652120121471 69
1699717540532 0.4620402654369587 70
1699717566894 0.47384996063434937 71
1699717584335 0.47632437296142166 72
1699717602855 0.46833876954223375 73
1699717620385 0.4627151051625239 74
1699717637948 0.4663142503655382 75
1699717664336 0.4716004948824654 76
1699717682839 0.4720503880328422 77
1699717700419 0.47306264762119 78
1699717717850 0.46721403666629174 79
1699717735119 0.4720503880328422 80
1699717761469 0.4692385558429873 81
1699717778659 0.4728377010460016 82
1699717796224 0.47384996063434937 83
1699717813621 0.47250028118321896 84
1699717831018 0.4723878078956248 85
1699717856973 0.47070070858171187 86
1699717874274 0.47351254077156674 87
1699717891679 0.47362501405916096 88
1699717909088 0.47463727364750874 89
1699717926418 0.4759869530986391 90
1699717952633 0.4717129681700596 91
1699717969978 0.4694635024181757 92
1699717987307 0.47317512090878416 93
1699718005018 0.47328759419637834 94
1699718024605 0.47609942638623326 95
1699718052997 0.4745248003599145 96
