1699715833523 0.29749184568664944 0
1699715868307 0.32549769429760433 1
1699715891453 0.35057923743111014 2
1699715913831 0.38049713193116635 3
1699715934336 0.3965808120571364 4
1699715956737 0.39579349904397704 5
1699715988950 0.3572151613991677 6
1699716009844 0.3603644134518052 7
1699716033256 0.3599145203014284 8
1699716055348 0.36576313125632665 9
1699716077876 0.36846249015858734 10
1699716111432 0.38128444494432573 11
1699716133402 0.36846249015858734 12
1699716156986 0.3818468113822967 13
1699716178955 0.37138679563603644 14
1699716202040 0.37689798672815206 15
1699716233462 0.3864582161736588 16
1699716256340 0.39939264424699134 17
1699716278795 0.4070408278033967 18
1699716302181 0.40265436958722306 19
1699716324234 0.40175458328646946 20
1699716359199 0.4001799572601507 21
1699716385093 0.3782476661792824 22
1699716411294 0.40490383533910695 23
1699716433800 0.4124395456079181 24
1699716454914 0.3999550106849623 25
1699716490395 0.4060285682150489 26
1699716515047 0.42177482847823644 27
1699716539506 0.4224496682038016 28
1699716564145 0.43009785176020693 29
1699716587658 0.4264987065571927 30
1699716623270 0.434146890113598 31
1699716649757 0.4374086154538297 32
1699716676020 0.4288606455966708 33
1699716703038 0.4349342031267574 34
1699716728218 0.43605893600269935 35
1699716759527 0.4380834551793949 36
1699716781531 0.4375210887414239 37
1699716804102 0.44561916544820607 38
1699716827227 0.43628388257788775 39
1699716847884 0.44561916544820607 40
1699716880710 0.4429198065459453 41
1699716905098 0.4542796085929592 42
1699716930410 0.44539421887301767 43
1699716956416 0.4525925092790462 44
1699716982590 0.44494432572264087 45
1699717013889 0.4540546620177708 46
1699717034862 0.4639523113260601 47
1699717055141 0.4479811044876842 48
1699717077477 0.4569789674952199 49
1699717099674 0.4533798222922056 50
1699717132992 0.45922843324710383 51
1699717155944 0.4567540209200315 52
1699717180464 0.45900348667191543 53
1699717210067 0.4623776852997413 54
1699717236301 0.46361489146327745 55
1699717265806 0.4641772579012485 56
1699717287509 0.46620177707794397 57
1699717307442 0.4629400517377123 58
1699717328905 0.46406478461365425 59
1699717347649 0.465077044202002 60
1699717373958 0.4631649983129007 61
1699717391701 0.4692385558429873 62
1699717409416 0.46766392981666854 63
1699717426890 0.471937914745248 64
1699717444433 0.47025081543133507 65
1699717470723 0.4686761894050163 66
1699717488412 0.4709256551569002 67
1699717506048 0.47025081543133507 68
1699717523229 0.4622652120121471 69
1699717540534 0.4620402654369587 70
1699717566897 0.47384996063434937 71
1699717584337 0.47632437296142166 72
1699717602858 0.46833876954223375 73
1699717620387 0.4627151051625239 74
1699717637951 0.4663142503655382 75
1699717664338 0.4716004948824654 76
1699717682841 0.4720503880328422 77
1699717700421 0.47306264762119 78
1699717717852 0.46721403666629174 79
1699717735121 0.4720503880328422 80
1699717761472 0.4692385558429873 81
1699717778661 0.4728377010460016 82
1699717796226 0.47384996063434937 83
1699717813623 0.47250028118321896 84
1699717831021 0.4723878078956248 85
1699717856975 0.47070070858171187 86
1699717874276 0.47351254077156674 87
1699717891682 0.47362501405916096 88
1699717909090 0.47463727364750874 89
1699717926420 0.4759869530986391 90
1699717952636 0.4717129681700596 91
1699717969980 0.4694635024181757 92
1699717987310 0.47317512090878416 93
1699718005021 0.47328759419637834 94
1699718024607 0.47609942638623326 95
1699718053000 0.4745248003599145 96
