1699715833528 1.0494396686553955 0
1699715868312 1.045417308807373 1
1699715891458 1.047573447227478 2
1699715913835 1.0481981039047241 3
1699715934340 1.045667290687561 4
1699715956742 1.0261801481246948 5
1699715988954 1.0024957656860352 6
1699716009849 1.0049583911895752 7
1699716033260 1.006290316581726 8
1699716055354 0.9346258640289307 9
1699716077881 0.971781849861145 10
1699716111436 0.9915074110031128 11
1699716133407 0.9105554819107056 12
1699716156990 0.9085970520973206 13
1699716178960 0.9407249093055725 14
1699716202045 0.929931640625 15
1699716233467 0.9245016574859619 16
1699716256345 0.8956735730171204 17
1699716278800 0.9450209140777588 18
1699716302186 0.9312087893486023 19
1699716324240 0.8891119360923767 20
1699716359206 1.0294817686080933 21
1699716385101 0.9606764316558838 22
1699716411301 0.9027701020240784 23
1699716433805 0.8600561618804932 24
1699716454919 0.9313759803771973 25
1699716490401 0.909049391746521 26
1699716515053 0.9538273215293884 27
1699716539512 0.8904765844345093 28
1699716564152 0.9155598282814026 29
1699716587667 0.8674060106277466 30
1699716623277 0.916191041469574 31
1699716649764 0.9044466018676758 32
1699716676026 0.8838188648223877 33
1699716703045 0.894935667514801 34
1699716728224 0.9921421408653259 35
1699716759533 0.903803288936615 36
1699716781538 0.8712694048881531 37
1699716804107 0.9104916453361511 38
1699716827232 0.8924499750137329 39
1699716847891 0.8587930798530579 40
1699716880715 0.9062228798866272 41
1699716905104 0.9071504473686218 42
1699716930416 0.9129884839057922 43
1699716956421 0.9499874711036682 44
1699716982597 0.929054856300354 45
1699717013894 0.8859131932258606 46
1699717034867 0.9217677116394043 47
1699717055146 0.8665598630905151 48
1699717077483 0.8695412874221802 49
1699717099680 0.8473561406135559 50
1699717132998 0.98366779088974 51
1699717155951 0.868026614189148 52
1699717180472 0.9043405652046204 53
1699717210074 0.9037182927131653 54
1699717236305 0.8887848258018494 55
1699717265812 0.9714972376823425 56
1699717287514 0.9076704978942871 57
1699717307448 0.8694124817848206 58
1699717328910 0.8625953793525696 59
1699717347654 0.894091784954071 60
1699717373961 0.9850423336029053 61
1699717391705 0.9439473748207092 62
1699717409420 0.9029048085212708 63
1699717426894 0.8799492716789246 64
1699717444437 0.798258364200592 65
1699717470727 0.8195623755455017 66
1699717488416 0.8664538860321045 67
1699717506052 0.9540051817893982 68
1699717523232 0.9078306555747986 69
1699717540538 0.8649905323982239 70
1699717566900 0.8872265219688416 71
1699717584341 0.86769038438797 72
1699717602862 0.880133867263794 73
1699717620391 0.884708821773529 74
1699717637954 0.9055225849151611 75
1699717664342 0.814148485660553 76
1699717682845 0.8586905598640442 77
1699717700425 0.9043273329734802 78
1699717717856 0.8982225656509399 79
1699717735125 0.8633655905723572 80
1699717761475 0.860538899898529 81
1699717778665 0.8544756770133972 82
1699717796230 0.846892237663269 83
1699717813627 0.9135702848434448 84
1699717831025 0.9069844484329224 85
1699717856979 0.9656463265419006 86
1699717874280 0.8430950045585632 87
1699717891685 0.8754719495773315 88
1699717909094 0.8801154494285583 89
1699717926424 0.9415135383605957 90
1699717952640 0.9136749505996704 91
1699717969984 0.8587586283683777 92
1699717987313 0.9151262640953064 93
1699718005024 0.8950038552284241 94
1699718024610 0.8761829733848572 95
1699718053004 0.8855462670326233 96
