1701393265995 0.3436486570064304 0
1701393281401 0.3700279046169457 1
1701393286331 0.4109474040250296 2
1701393291103 0.42557483510908173 3
1701393295826 0.4180697615423643 4
1701393300459 0.427209622864874 5
1701393315152 0.4232389649923896 6
1701393319978 0.42819490952139355 7
1701393324642 0.4271409605952985 8
1701393329318 0.42562379502790454 9
1701393333869 0.43069981396922036 10
1701393348560 0.42801107728733295 11
1701393353406 0.4281654828344326 12
1701393358145 0.4299963639438525 13
1701393362788 0.4261507694909521 14
1701393367366 0.42802333840690004 15
1701393379181 0.4285306950786403 16
1701393383878 0.4248100794858785 17
1701393388532 0.4281752917300863 18
1701393393077 0.42748900727211225 19
1701393397582 0.4276581261626924 20
1701393409021 0.42986402841197363 21
1701393413642 0.42833460172501264 22
1701393418182 0.4270037206155928 23
1701393422649 0.4286949095213936 24
1701393426910 0.4268149839337054 25
1701393438611 0.42681743615761886 26
1701393443150 0.4286924572974801 27
1701393447632 0.4249644850329782 28
1701393452001 0.42600372061559283 29
1701393456145 0.428511077287333 30
1701393467973 0.4278444106206663 31
1701393472609 0.43020226619313373 32
1701393477080 0.43016548283443257 33
1701393481428 0.42666057838660576 34
1701393485583 0.4271630306105192 35
1701393500405 0.4276801961779131 36
1701393505118 0.42917774395399966 37
1701393509637 0.43068019617791303 38
1701393514062 0.4275135295112464 39
1701393518329 0.42681743615761886 40
1701393529678 0.4273051750380517 41
1701393534144 0.4266630306105192 42
1701393538536 0.43086157618806026 43
1701393542813 0.427167935058346 44
1701393546837 0.42953805175038057 45
1701393558304 0.4281703872822595 46
1701393562697 0.4261556739387789 47
1701393567045 0.4264865550481989 48
1701393571318 0.4259742939286319 49
1701393575352 0.4271654828344326 50
1701393586778 0.4280208861829866 51
1701393591092 0.4279939117199391 52
1701393595206 0.4275135295112464 53
1701393599230 0.4253223406054456 54
1701393603201 0.4268149839337054 55
1701393614573 0.4300282428547269 56
1701393618841 0.42834686284457973 57
1701393622906 0.42868264840182646 58
1701393626826 0.4274865550481988 59
1701393630737 0.42935421951631997 60
1701393641833 0.4293370539489261 61
1701393646001 0.42786402841197363 62
1701393650039 0.4278444106206663 63
1701393653992 0.4290159817351598 64
1701393657919 0.4268346017250127 65
1701393669228 0.4283370539489261 66
1701393673552 0.4249669372568916 67
1701393677596 0.4291703872822594 68
1701393681423 0.42798410282428545 69
1701393685346 0.43018755284965327 70
1701393696948 0.4269841028242855 71
1701393701320 0.42447429392863184 72
1701393705625 0.4269841028242855 73
1701393709683 0.42765567393877896 74
1701393713592 0.4285037206155928 75
1701393725022 0.4248100794858785 76
1701393729306 0.4301998139692203 77
1701393733407 0.42902088618298667 78
1701393737385 0.42951352951124644 79
1701393741243 0.42782969727718584 80
1701393752506 0.4259791983764587 81
1701393756825 0.42580272281413833 82
1701393760953 0.4311851006257399 83
1701393764907 0.4307145273127008 84
1701393768813 0.43085912396414683 85
