1701393265995 0.326382249986852 0
1701393281401 0.32586545076497025 1
1701393286331 0.3694921241699425 2
1701393291103 0.3823827820056673 3
1701393295826 0.3727971225427968 4
1701393300459 0.3839689758763438 5
1701393315152 0.3793368495787397 6
1701393319978 0.38467833694303416 7
1701393324642 0.3833918556062783 8
1701393329318 0.38174162204281153 9
1701393333869 0.3869476143200529 10
1701393348560 0.38460296046934045 11
1701393353406 0.3844262127527392 12
1701393358145 0.385971332301519 13
1701393362788 0.38257959329921615 14
1701393367366 0.38449963862008557 15
1701393379181 0.3850733265572819 16
1701393383878 0.3812884658256754 17
1701393388532 0.3846011152422282 18
1701393393077 0.38367840942501436 19
1701393397582 0.3839151053050857 20
1701393409021 0.38617104238538924 21
1701393413642 0.38462991120533313 22
1701393418182 0.3833968111552575 23
1701393422649 0.38522442960593634 24
1701393426910 0.3830734197725843 25
1701393438611 0.3832349584690687 26
1701393443150 0.38521533100867783 27
1701393447632 0.38122560151047385 28
1701393452001 0.3825710939579565 29
1701393456145 0.3847317972832176 30
1701393467973 0.3842250191253562 31
1701393472609 0.386543066194913 32
1701393477080 0.3860747226348111 33
1701393481428 0.3830191170510077 34
1701393485583 0.3835741964734803 35
1701393500405 0.3842076309252261 36
1701393505118 0.38535341793738964 37
1701393509637 0.3866681771573148 38
1701393514062 0.38398159136491633 39
1701393518329 0.3832180921587563 40
1701393529678 0.383574444695898 41
1701393534144 0.3832285866634016 42
1701393538536 0.3870894805808665 43
1701393542813 0.38361164351442484 44
1701393546837 0.3859118991485464 45
1701393558304 0.38444727993587424 46
1701393562697 0.38261796557874755 47
1701393567045 0.3828929355859961 48
1701393571318 0.38234209044278017 49
1701393575352 0.38345328471017326 50
1701393586778 0.3846399800688354 51
1701393591092 0.3841786454960526 52
1701393595206 0.38398159136491633 53
1701393599230 0.3818704944197597 54
1701393603201 0.38312326311611566 55
1701393614573 0.3862055861353322 56
1701393618841 0.38478079296539697 57
1701393622906 0.385161339331864 58
1701393626826 0.3835851061568869 59
1701393630737 0.38547230256247245 60
1701393641833 0.3853820092037507 61
1701393646001 0.3844335480566843 62
1701393650039 0.38434120815691264 63
1701393653992 0.3852637727167341 64
1701393657919 0.3834255277408635 65
1701393669228 0.38469060400675237 66
1701393673552 0.3813027346559621 67
1701393677596 0.38535569702072653 68
1701393681423 0.38406749333343254 69
1701393685346 0.38643675246886255 70
1701393696948 0.38327725635403215 71
1701393701320 0.38100790597836487 72
1701393705625 0.38319457782629424 73
1701393709683 0.3838708526177859 74
1701393713592 0.38488455455650555 75
1701393725022 0.3812397889647088 76
1701393729306 0.38648382110259966 77
1701393733407 0.3853332146098009 78
1701393737385 0.38563338881930126 79
1701393741243 0.3841966997501188 80
1701393752506 0.38233176835816224 81
1701393756825 0.3820602640320541 82
1701393760953 0.38711810408467073 83
1701393764907 0.386985284519716 84
1701393768813 0.38699551577445074 85
