1701393265995 0.4049671592775041 0
1701393281401 0.4534072249589491 1
1701393286331 0.5028735632183908 2
1701393291103 0.520935960591133 3
1701393295826 0.5121100164203612 4
1701393300459 0.5229885057471264 5
1701393315152 0.5182676518883416 6
1701393319978 0.5242200328407225 7
1701393324642 0.5229885057471264 8
1701393329318 0.5211412151067324 9
1701393333869 0.5272988505747126 10
1701393348560 0.5240147783251231 11
1701393353406 0.5242200328407225 12
1701393358145 0.5264778325123153 13
1701393362788 0.5217569786535303 14
1701393367366 0.5240147783251231 15
1701393379181 0.5246305418719212 16
1701393383878 0.5201149425287356 17
1701393388532 0.5242200328407225 18
1701393393077 0.5233990147783252 19
1701393397582 0.5236042692939245 20
1701393409021 0.5262725779967159 21
1701393413642 0.5244252873563219 22
1701393418182 0.5227832512315271 23
1701393422649 0.5248357963875205 24
1701393426910 0.5225779967159278 25
1701393438611 0.5225779967159278 26
1701393443150 0.5248357963875205 27
1701393447632 0.520320197044335 28
1701393452001 0.521551724137931 29
1701393456145 0.5246305418719212 30
1701393467973 0.5238095238095238 31
1701393472609 0.5266830870279147 32
1701393477080 0.5266830870279147 33
1701393481428 0.5223727422003284 34
1701393485583 0.5229885057471264 35
1701393500405 0.5236042692939245 36
1701393505118 0.5254515599343186 37
1701393509637 0.5272988505747126 38
1701393514062 0.5233990147783252 39
1701393518329 0.5225779967159278 40
1701393529678 0.5231937602627258 41
1701393534144 0.5223727422003284 42
1701393538536 0.527504105090312 43
1701393542813 0.5229885057471264 44
1701393546837 0.5258620689655172 45
1701393558304 0.5242200328407225 46
1701393562697 0.5217569786535303 47
1701393567045 0.5221674876847291 48
1701393571318 0.521551724137931 49
1701393575352 0.5229885057471264 50
1701393586778 0.5240147783251231 51
1701393591092 0.5240147783251231 52
1701393595206 0.5233990147783252 53
1701393599230 0.5207307060755336 54
1701393603201 0.5225779967159278 55
1701393614573 0.5264778325123153 56
1701393618841 0.5244252873563219 57
1701393622906 0.5248357963875205 58
1701393626826 0.5233990147783252 59
1701393630737 0.5256568144499179 60
1701393641833 0.5256568144499179 61
1701393646001 0.5238095238095238 62
1701393650039 0.5238095238095238 63
1701393653992 0.5252463054187192 64
1701393657919 0.5225779967159278 65
1701393669228 0.5244252873563219 66
1701393673552 0.520320197044335 67
1701393677596 0.5254515599343186 68
1701393681423 0.5240147783251231 69
1701393685346 0.5266830870279147 70
1701393696948 0.5227832512315271 71
1701393701320 0.5197044334975369 72
1701393705625 0.5227832512315271 73
1701393709683 0.5236042692939245 74
1701393713592 0.5246305418719212 75
1701393725022 0.5201149425287356 76
1701393729306 0.5266830870279147 77
1701393733407 0.5252463054187192 78
1701393737385 0.5258620689655172 79
1701393741243 0.5238095238095238 80
1701393752506 0.521551724137931 81
1701393756825 0.5213464696223317 82
1701393760953 0.5279146141215106 83
1701393764907 0.5272988505747126 84
1701393768813 0.527504105090312 85
