1701393265995 0.3500760488579249 0
1701393281401 0.31314554513525356 1
1701393286331 0.34374364711443367 2
1701393291103 0.3617521385318885 3
1701393295826 0.3665187222468434 4
1701393300459 0.3665296070158246 5
1701393315152 0.3668910750724195 6
1701393319978 0.3680009982691485 7
1701393324642 0.36914096990530115 8
1701393329318 0.3670222147028213 9
1701393333869 0.3710003902058336 10
1701393348560 0.3695305203391868 11
1701393353406 0.36909590257164254 12
1701393358145 0.37123400668872336 13
1701393362788 0.3674025983225253 14
1701393367366 0.36802271367504735 15
1701393379181 0.36872370831221896 16
1701393383878 0.3657575474436265 17
1701393388532 0.36918047809823085 18
1701393393077 0.3682599569081107 19
1701393397582 0.36872625321730607 20
1701393409021 0.36996148646750626 21
1701393413642 0.36939098699643697 22
1701393418182 0.3672408204023587 23
1701393422649 0.3691411470205927 24
1701393426910 0.36795863850467003 25
1701393438611 0.36858702597753695 26
1701393443150 0.36928975732857056 27
1701393447632 0.36591494055644075 28
1701393452001 0.36629509260517873 29
1701393456145 0.36855845529105463 30
1701393467973 0.3681497081011916 31
1701393472609 0.3703747950023275 32
1701393477080 0.3710068200629352 33
1701393481428 0.36720138657843354 34
1701393485583 0.36820692742913325 35
1701393500405 0.36840526372465027 36
1701393505118 0.3695569023640987 37
1701393509637 0.37117901591585795 38
1701393514062 0.3677989405528785 39
1701393518329 0.36849981301606527 40
1701393529678 0.36975383373688464 41
1701393534144 0.36807316373993215 42
1701393538536 0.3715765077424613 43
1701393542813 0.3679941357706536 44
1701393546837 0.36915024630541876 45
1701393558304 0.3687968127023433 46
1701393562697 0.3671903053322864 47
1701393567045 0.3677135041285955 48
1701393571318 0.36755718365405315 49
1701393575352 0.3673833650375573 50
1701393586778 0.3689254483558881 51
1701393591092 0.36877964879185504 52
1701393595206 0.3677989405528785 53
1701393599230 0.366089861133758 54
1701393603201 0.3682174133633335 55
1701393614573 0.36979188747392694 56
1701393618841 0.3691530379111614 57
1701393622906 0.36980586896752415 58
1701393626826 0.3679827156835096 59
1701393630737 0.3688215879084131 60
1701393641833 0.36976542914440236 61
1701393646001 0.36765166172918656 62
1701393650039 0.36874115850766964 63
1701393653992 0.3692429397131987 64
1701393657919 0.36813146345373177 65
1701393669228 0.3694984164993344 66
1701393673552 0.3661077279089371 67
1701393677596 0.370179658454876 68
1701393681423 0.3690362812770043 69
1701393685346 0.37102196315950836 70
1701393696948 0.3682544751742502 71
1701393701320 0.36561593700656925 72
1701393705625 0.36782547630694623 73
1701393709683 0.36870449974084013 74
1701393713592 0.3699469950444391 75
1701393725022 0.3655056561561046 76
1701393729306 0.3702704215981673 77
1701393733407 0.36920028681989486 78
1701393737385 0.3696971604080072 79
1701393741243 0.36921650013989016 80
1701393752506 0.3670857577381373 81
1701393756825 0.36706574249107327 82
1701393760953 0.37144013969928885 83
1701393764907 0.3700310849686325 84
1701393768813 0.3712981097786788 85
