1701393266076 1.0520904582310346 0
1701393281491 1.0389733579423692 1
1701393286414 1.0329420060114143 2
1701393291185 1.0266656080881755 3
1701393295903 1.0230547415664772 4
1701393300540 1.0207441172568628 5
1701393315251 1.0200362326272951 6
1701393320057 1.018799851922428 7
1701393324719 1.017728063016156 8
1701393329401 1.0183871252084868 9
1701393333951 1.0187050692396227 10
1701393348660 1.0184345179133945 11
1701393353482 1.01798821391623 12
1701393358225 1.0188008476706112 13
1701393362868 1.019155502319336 14
1701393367446 1.0179347886758692 15
1701393379257 1.0186010322539636 16
1701393383958 1.0182294319657719 17
1701393388614 1.0175166706633723 18
1701393393162 1.019038124411714 19
1701393397667 1.0183761754846261 20
1701393409099 1.0179171998516408 21
1701393413721 1.017601398471134 22
1701393418268 1.0186758960773743 23
1701393422729 1.0180114815437715 24
1701393426989 1.0182362187142466 25
1701393438689 1.0185546952914568 26
1701393443229 1.0185103135950424 27
1701393447715 1.018673549290576 28
1701393452081 1.0183342379682205 29
1701393456225 1.017492881397796 30
1701393468054 1.0181668455304662 31
1701393472692 1.0185123857329874 32
1701393477163 1.0177757923119988 33
1701393481510 1.0180925368483549 34
1701393485665 1.0187199785818462 35
1701393500505 1.0186472729919782 36
1701393505199 1.0176052221285752 37
1701393509716 1.0192386765106052 38
1701393514142 1.0182225057502199 39
1701393518415 1.0187058172194787 40
1701393529755 1.0188854118577795 41
1701393534225 1.0179487864176433 42
1701393538618 1.0188253342715743 43
1701393542896 1.0194336939481348 44
1701393546919 1.0177637782751345 45
1701393558383 1.0177051105530432 46
1701393562779 1.017965798674066 47
1701393567135 1.017639625306223 48
1701393571401 1.0182860906607185 49
1701393575436 1.0180708169937134 50
1701393586854 1.017925589692359 51
1701393591173 1.0182298289404974 52
1701393595291 1.017821855015225 53
1701393599313 1.0180163364005244 54
1701393603287 1.0198975318397572 55
1701393614650 1.018469566223668 56
1701393618921 1.0179484143755795 57
1701393622987 1.0179623069326862 58
1701393626909 1.017484903725144 59
1701393630815 1.0177652126823376 60
1701393641915 1.0180740422672696 61
1701393646083 1.018324347882489 62
1701393650122 1.0185948489538206 63
1701393654075 1.018122633298238 64
1701393658002 1.0181800216631172 65
1701393669305 1.0176850035299663 66
1701393673631 1.017556962234522 67
1701393677677 1.017842557305604 68
1701393681505 1.0174616859629264 69
1701393685427 1.0180804947622462 70
1701393697027 1.0173880703309004 71
1701393701404 1.0174988660157895 72
1701393705708 1.0182554114098643 73
1701393709762 1.018154888371237 74
1701393713687 1.0180110339245765 75
1701393725104 1.0183009068950328 76
1701393729388 1.017741079034369 77
1701393733489 1.0180427915130565 78
1701393737471 1.018318589995889 79
1701393741325 1.0187418227102243 80
1701393752588 1.0187255109057707 81
1701393756906 1.017954040196986 82
1701393761035 1.0177778866555955 83
1701393764993 1.0176616112391155 84
1701393768897 1.0184829301304288 85
