1700099872598 0.34283077632944975 0
1700099908585 0.33706309839658555 1
1700099939170 0.3338908755335102 2
1700099970122 0.33735148229322875 3
1700100002006 0.3402353212596609 4
1700100032651 0.33833198754181565 5
1700100069677 0.3316991579190218 6
1700100100906 0.33683239127927095 7
1700100131607 0.3323912792709655 8
1700100162429 0.3357365324720268 9
1700100193302 0.3356788556926981 10
1700100230358 0.33314107740223786 11
1700100261136 0.33192986503633637 12
1700100292201 0.34063905871496136 13
1700100324087 0.3351020878994117 14
1700100354744 0.33833198754181565 15
1700100391943 0.33942784634905987 16
1700100423646 0.33585188603068405 17
1700100454874 0.3387934017764448 18
1700100485923 0.3344676433267966 19
1700100517069 0.33948552312838853 20
1700100554903 0.33712077517591416 21
1700100585779 0.33625562348598453 22
1700100618040 0.3386780482177875 23
1700100650659 0.33885107855577346 24
1700100681964 0.34069673549429 25
1700100719094 0.34156188718421965 26
1700100750253 0.335217441458069 27
1700100781446 0.339081785673088 28
1700100813689 0.33735148229322875 29
1700100844607 0.33792825008651517 30
1700100882212 0.3363709770446418 31
1700100913229 0.3419656246395201 32
1700100944198 0.34098511939093323 33
1700100975139 0.33706309839658555 34
1700101006183 0.3381012804245011 35
1700101042857 0.33262198638828006 36
1700101074041 0.32835390471796055 37
1700101105174 0.3412158265082478 38
1700101136321 0.3368900680585996 39
1700101166937 0.3444457261506517 40
1700101204770 0.3408120890529473 41
1700101235554 0.33890875533510206 42
1700101266211 0.341504210404891 43
1700101297541 0.33527511823739764 44
1700101328390 0.33890875533510206 45
1700101365204 0.33342946129888107 46
1700101396225 0.33585188603068405 47
1700101427514 0.3370054216172569 48
1700101458064 0.3405237051563041 49
1700101489437 0.34213865497750606 50
1700101526503 0.3339485523128389 51
1700101557164 0.3381012804245011 52
1700101588231 0.3337178451955243 53
1700101618937 0.3390241088937594 54
1700101650307 0.3432921905640789 55
1700101687264 0.3368900680585996 56
1700101718146 0.3405813819356327 57
1700101749121 0.338447341100473 58
1700101779524 0.34311916022609296 59
1700101810031 0.33677471449994234 60
1700101846362 0.33256430960895145 61
1700101876890 0.33740915907255736 62
1700101907477 0.34248471565347793 63
1700101938044 0.33642865382397047 64
1700101968779 0.3353904717960549 65
1700102005268 0.3378128965278579 66
1700102036429 0.34283077632944975 67
1700102067016 0.3369477448379283 68
1700102098448 0.33412158265082476 69
1700102129159 0.3396585534663744 70
1700102167837 0.3417925943015342 71
1700102199405 0.3386780482177875 72
1700102230787 0.336659360941285 73
1700102261418 0.3396585534663744 74
1700102292711 0.3413888568462337 75
1700102329453 0.33192986503633637 76
1700102360112 0.34069673549429 77
1700102390853 0.33648633060329913 78
1700102422693 0.3396008766870458 79
1700102453239 0.3416772407428769 80
1700102490064 0.3405813819356327 81
1700102521075 0.3389664321144307 82
1700102551675 0.34334986734340756 83
1700102583719 0.3375245126312147 84
1700102614131 0.34098511939093323 85
1700102650572 0.33735148229322875 86
1700102680987 0.33977390702503174 87
1700102711438 0.3301995616564771 88
1700102741939 0.3346983504441112 89
1700102772315 0.34519552428192407 90
1700102810137 0.3411581497289191 91
1700102841199 0.3413888568462337 92
1700102872979 0.33677471449994234 93
1700102903463 0.3470988579997693 94
1700102933844 0.33954319990771714 95
1700102970048 0.3390241088937594 96
1700103000690 0.34098511939093323 97
1700103031407 0.34098511939093323 98
1700103061944 0.33406390587149615 99
1700103093409 0.3413888568462337 100
1700103129669 0.33856269465913025 101
1700103160095 0.335217441458069 102
1700103191913 0.3371784519552428 103
1700103222440 0.34011996770100356 104
1700103252708 0.34306148344676435 105
1700103288798 0.3391971392317453 106
1700103319009 0.34185027108086286 107
1700103349313 0.3378705733071865 108
1700103379524 0.3348713807820971 109
1700103409645 0.34011996770100356 110
1700103445748 0.335217441458069 111
1700103475783 0.3382166339831584 112
1700103506297 0.3353904717960549 113
1700103537567 0.335217441458069 114
1700103567928 0.33712077517591416 115
1700103604290 0.3342369362094821 116
1700103634365 0.33556350213404085 117
1700103664189 0.3413888568462337 118
1700103694118 0.3420809781981774 119
1700103724149 0.33585188603068405 120
1700103760039 0.33983158380436035 121
1700103790904 0.3338908755335102 122
1700103821091 0.3404660283769754 123
1700103851050 0.34363825124005076 124
1700103881092 0.3389664321144307 125
1700103917229 0.34133118006690505 126
1700103948280 0.33654400738262774 127
1700103979369 0.3389664321144307 128
1700104009357 0.3354481485753836 129
1700104039379 0.3411004729495905 130
1700104075176 0.3366016841619564 131
1700104106755 0.34582996885453915 132
1700104137624 0.34283077632944975 133
1700104167852 0.3372938055139001 134
1700104197838 0.3383896643211443 135
1700104233587 0.3345253201061253 136
1700104264389 0.33862037143845886 137
1700104294233 0.34161956396354826 138
1700104323955 0.34104279617026184 139
1700104353855 0.33712077517591416 140
1700104389797 0.3366016841619564 141
