1700099872594 0.34283077632944975 0
1700099908581 0.33706309839658555 1
1700099939165 0.3338908755335102 2
1700099970118 0.33735148229322875 3
1700100002000 0.3402353212596609 4
1700100032647 0.33833198754181565 5
1700100069673 0.3316991579190218 6
1700100100901 0.33683239127927095 7
1700100131603 0.3323912792709655 8
1700100162425 0.3357365324720268 9
1700100193297 0.3356788556926981 10
1700100230354 0.33314107740223786 11
1700100261132 0.33192986503633637 12
1700100292196 0.34063905871496136 13
1700100324083 0.3351020878994117 14
1700100354740 0.33833198754181565 15
1700100391939 0.33942784634905987 16
1700100423641 0.33585188603068405 17
1700100454868 0.3387934017764448 18
1700100485919 0.3344676433267966 19
1700100517065 0.33948552312838853 20
1700100554898 0.33712077517591416 21
1700100585775 0.33625562348598453 22
1700100618036 0.3386780482177875 23
1700100650653 0.33885107855577346 24
1700100681960 0.34069673549429 25
1700100719090 0.34156188718421965 26
1700100750249 0.335217441458069 27
1700100781442 0.339081785673088 28
1700100813685 0.33735148229322875 29
1700100844603 0.33792825008651517 30
1700100882207 0.3363709770446418 31
1700100913224 0.3419656246395201 32
1700100944195 0.34098511939093323 33
1700100975135 0.33706309839658555 34
1700101006180 0.3381012804245011 35
1700101042852 0.33262198638828006 36
1700101074035 0.32835390471796055 37
1700101105169 0.3412158265082478 38
1700101136317 0.3368900680585996 39
1700101166933 0.3444457261506517 40
1700101204766 0.3408120890529473 41
1700101235550 0.33890875533510206 42
1700101266207 0.341504210404891 43
1700101297537 0.33527511823739764 44
1700101328386 0.33890875533510206 45
1700101365200 0.33342946129888107 46
1700101396221 0.33585188603068405 47
1700101427510 0.3370054216172569 48
1700101458060 0.3405237051563041 49
1700101489433 0.34213865497750606 50
1700101526499 0.3339485523128389 51
1700101557160 0.3381012804245011 52
1700101588227 0.3337178451955243 53
1700101618932 0.3390241088937594 54
1700101650303 0.3432921905640789 55
1700101687260 0.3368900680585996 56
1700101718142 0.3405813819356327 57
1700101749117 0.338447341100473 58
1700101779519 0.34311916022609296 59
1700101810027 0.33677471449994234 60
1700101846358 0.33256430960895145 61
1700101876886 0.33740915907255736 62
1700101907473 0.34248471565347793 63
1700101938041 0.33642865382397047 64
1700101968775 0.3353904717960549 65
1700102005264 0.3378128965278579 66
1700102036425 0.34283077632944975 67
1700102067012 0.3369477448379283 68
1700102098444 0.33412158265082476 69
1700102129155 0.3396585534663744 70
1700102167833 0.3417925943015342 71
1700102199401 0.3386780482177875 72
1700102230783 0.336659360941285 73
1700102261413 0.3396585534663744 74
1700102292707 0.3413888568462337 75
1700102329450 0.33192986503633637 76
1700102360108 0.34069673549429 77
1700102390849 0.33648633060329913 78
1700102422689 0.3396008766870458 79
1700102453235 0.3416772407428769 80
1700102490060 0.3405813819356327 81
1700102521071 0.3389664321144307 82
1700102551672 0.34334986734340756 83
1700102583716 0.3375245126312147 84
1700102614127 0.34098511939093323 85
1700102650568 0.33735148229322875 86
1700102680982 0.33977390702503174 87
1700102711434 0.3301995616564771 88
1700102741935 0.3346983504441112 89
1700102772312 0.34519552428192407 90
1700102810133 0.3411581497289191 91
1700102841195 0.3413888568462337 92
1700102872975 0.33677471449994234 93
1700102903459 0.3470988579997693 94
1700102933840 0.33954319990771714 95
1700102970043 0.3390241088937594 96
1700103000686 0.34098511939093323 97
1700103031403 0.34098511939093323 98
1700103061940 0.33406390587149615 99
1700103093405 0.3413888568462337 100
1700103129666 0.33856269465913025 101
1700103160091 0.335217441458069 102
1700103191909 0.3371784519552428 103
1700103222436 0.34011996770100356 104
1700103252704 0.34306148344676435 105
1700103288795 0.3391971392317453 106
1700103319005 0.34185027108086286 107
1700103349309 0.3378705733071865 108
1700103379520 0.3348713807820971 109
1700103409641 0.34011996770100356 110
1700103445745 0.335217441458069 111
1700103475779 0.3382166339831584 112
1700103506293 0.3353904717960549 113
1700103537563 0.335217441458069 114
1700103567924 0.33712077517591416 115
1700103604286 0.3342369362094821 116
1700103634361 0.33556350213404085 117
1700103664185 0.3413888568462337 118
1700103694114 0.3420809781981774 119
1700103724145 0.33585188603068405 120
1700103760035 0.33983158380436035 121
1700103790900 0.3338908755335102 122
1700103821087 0.3404660283769754 123
1700103851046 0.34363825124005076 124
1700103881088 0.3389664321144307 125
1700103917225 0.34133118006690505 126
1700103948276 0.33654400738262774 127
1700103979365 0.3389664321144307 128
1700104009353 0.3354481485753836 129
1700104039375 0.3411004729495905 130
1700104075172 0.3366016841619564 131
1700104106751 0.34582996885453915 132
1700104137620 0.34283077632944975 133
1700104167848 0.3372938055139001 134
1700104197834 0.3383896643211443 135
1700104233583 0.3345253201061253 136
1700104264385 0.33862037143845886 137
1700104294229 0.34161956396354826 138
1700104323950 0.34104279617026184 139
1700104353851 0.33712077517591416 140
1700104389793 0.3366016841619564 141
