1700099872599 1.0990177652492734 0
1700099908586 1.0987511079249788 1
1700099939171 1.0988548444205983 2
1700099970123 1.0988432241541872 3
1700100002007 1.098695717394572 4
1700100032652 1.098734202640083 5
1700100069677 1.0991321140109833 6
1700100100907 1.0986936116570476 7
1700100131609 1.0990872367721642 8
1700100162429 1.0988122737275718 9
1700100193303 1.0986919145742466 10
1700100230359 1.0988459035039388 11
1700100261137 1.0987708370623994 12
1700100292202 1.0988888540391113 13
1700100324088 1.098713482218035 14
1700100354745 1.0987885147883003 15
1700100391944 1.098529592211396 16
1700100423649 1.0987921519912918 17
1700100454876 1.0987034338866652 18
1700100485924 1.0987016921553665 19
1700100517070 1.0986956364554232 20
1700100554905 1.0986439645070432 21
1700100585780 1.0988060612080282 22
1700100618041 1.0986776052805771 23
1700100650660 1.0985555488245073 24
1700100681966 1.0987267140092885 25
1700100719094 1.0986917060679615 26
1700100750254 1.0988679948328166 27
1700100781447 1.0987076983680584 28
1700100813690 1.098745755383889 29
1700100844608 1.098678249494616 30
1700100882214 1.0989091374337454 31
1700100913230 1.0986762717641148 32
1700100944200 1.0986027266706488 33
1700100975140 1.0988791851100006 34
1700101006184 1.0986190128150461 35
1700101042858 1.09891222081941 36
1700101074042 1.0987753379828815 37
1700101105176 1.0989194041688504 38
1700101136321 1.0986076294276108 39
1700101166939 1.0986265247598346 40
1700101204770 1.098679676486997 41
1700101235555 1.098757486501743 42
1700101266212 1.0987287038366733 43
1700101297541 1.0987479000513845 44
1700101328391 1.0988413865275928 45
1700101365204 1.0987503233870897 46
1700101396226 1.0988948050460252 47
1700101427515 1.0988684384585308 48
1700101458065 1.0986630868207925 49
1700101489438 1.0987663647345511 50
1700101526504 1.0988987550084441 51
1700101557165 1.0987148808377256 52
1700101588232 1.0987891919938402 53
1700101618937 1.098580465765457 54
1700101650307 1.0985107991528247 55
1700101687264 1.0987092494084827 56
1700101718146 1.09860718536201 57
1700101749122 1.0985200062009242 58
1700101779525 1.098624858469101 59
1700101810032 1.0988038199854073 60
1700101846362 1.0987016972140633 61
1700101876891 1.0987610192316484 62
1700101907477 1.0985909346284901 63
1700101938045 1.0988511806044632 64
1700101968780 1.0988306189815056 65
1700102005268 1.0987953471081724 66
1700102036429 1.0986739638986622 67
1700102067017 1.098723924247981 68
1700102098449 1.0987699218781672 69
1700102129160 1.098685452638957 70
1700102167838 1.0987510078507596 71
1700102199406 1.098581782346282 72
1700102230788 1.0988200535633468 73
1700102261420 1.0988374447030775 74
1700102292712 1.098552557155215 75
1700102329455 1.0988767485776951 76
1700102360113 1.098633074232573 77
1700102390854 1.0986617346091463 78
1700102422694 1.0984782602954175 79
1700102453240 1.0986140519930427 80
1700102490065 1.0986143816881073 81
1700102521076 1.0985860754203092 82
1700102551676 1.0985650182650097 83
1700102583721 1.098696615643167 84
1700102614132 1.0986204204524135 85
1700102650573 1.098596388123572 86
1700102680987 1.0985634672245856 87
1700102711438 1.0988750187233365 88
1700102741940 1.0987922668017145 89
1700102772316 1.0985103645447876 90
1700102810138 1.0987162952933365 91
1700102841200 1.0985086670220998 92
1700102872980 1.0986029532122876 93
1700102903464 1.098648252082487 94
1700102933845 1.0986448286644208 95
1700102970049 1.0988424517131818 96
1700103000690 1.0987049268620481 97
1700103031408 1.0986667092875801 98
1700103061946 1.0987557918383186 99
1700103093410 1.098725006149264 100
1700103129670 1.0987261982421594 101
1700103160096 1.0988598237178422 102
1700103191914 1.098697180017774 103
1700103222441 1.0988017758320179 104
1700103252709 1.0983828521742591 105
1700103288799 1.0986334666114892 106
1700103319010 1.0987265602688947 107
1700103349314 1.0986742452061924 108
1700103379525 1.0987697771554503 109
1700103409646 1.0987915955346448 110
1700103445750 1.098788101514767 111
1700103475785 1.0988275278978241 112
1700103506299 1.0988338886591782 113
1700103537568 1.0987017434021644 114
1700103567929 1.0988043372921399 115
1700103604291 1.098800912114527 116
1700103634365 1.099023158699824 117
1700103664190 1.0986929353312813 118
1700103694119 1.098736443202874 119
1700103724150 1.0988501162986475 120
1700103760040 1.098604443328407 121
1700103790905 1.0987806445558133 122
1700103821092 1.0988098347758894 123
1700103851050 1.0986508559916732 124
1700103881093 1.0988043324533863 125
1700103917230 1.0985440229137886 126
1700103948280 1.0987405625216635 127
1700103979370 1.0986654971798409 128
1700104009358 1.0988790889947617 129
1700104039380 1.098570603726095 130
1700104075176 1.0988061832765812 131
1700104106755 1.098512789859983 132
1700104137625 1.098665939705838 133
1700104167852 1.098742715107119 134
1700104197839 1.098833406103493 135
1700104233588 1.0988069818908437 136
1700104264389 1.0987200316907735 137
1700104294233 1.0986183455069567 138
1700104323956 1.0987493050494317 139
1700104353856 1.0987813213214663 140
1700104389798 1.0987878301046872 141
