1701374803593 1.0579416981110206 0
1701374820039 1.0454007585843403 1
1701374824741 1.0378779127047613 2
1701374829651 1.019740104675293 3
1701374834305 0.936438398483472 4
1701374838824 0.8967416714399289 5
1701374851085 0.9193248183299334 6
1701374855675 0.8411140587085333 7
1701374860194 0.828026138819181 8
1701374864635 0.8206899945552533 9
1701374869049 0.785243231516618 10
1701374885482 0.7738235210761045 11
1701374890132 0.7613512583267994 12
1701374894881 0.7499605814615885 13
1701374899339 0.7441194164447296 14
1701374903750 0.7459097626881722 15
1701374919854 0.7332164385379889 16
1701374924537 0.7288542955349653 17
1701374929057 0.7251913883747199 18
1701374933558 0.7220238447189331 19
1701374939153 0.7198222814462124 20
1701374951710 0.7246580658814846 21
1701374956303 0.7185827386684907 22
1701374960760 0.7286903797051846 23
1701374965194 0.7206864830775138 24
1701374969619 0.7117165281222417 25
1701374981814 0.7029330111466922 26
1701374986422 0.7199363097166404 27
1701374990917 0.7122762019817646 28
1701374995398 0.7129857784662491 29
1701374999876 0.7098776759245456 30
1701375012201 0.7062837114700904 31
1701375016798 0.719436859473204 32
1701375021262 0.7107114577904726 33
1701375025679 0.7058368722597758 34
1701375030080 0.7087684716933813 35
1701375042105 0.7173577913871179 36
1701375046667 0.7056058714023004 37
1701375051129 0.7144966645118518 38
1701375055542 0.7158398551818652 39
1701375060117 0.7192353239426246 40
1701375072358 0.7056425947409409 41
1701375076921 0.7146350557987506 42
1701375081402 0.7286866704622904 43
1701375085846 0.704738681897139 44
1701375090276 0.7049122850100199 45
1701375103834 0.705473073782065 46
1701375108393 0.7130279770264258 47
1701375112859 0.7081208993227054 48
1701375117295 0.705488900343577 49
1701375122027 0.7076269831412878 50
1701375134300 0.7087066968282064 51
1701375138907 0.7095093834094512 52
1701375143402 0.7115048215939448 53
1701375147891 0.7073334990403591 54
1701375152403 0.7083869179089864 55
1701375164647 0.7201211467767373 56
1701375169229 0.7078208617674999 57
1701375173715 0.7152782755020337 58
1701375178152 0.7045960930677561 59
1701375182566 0.7090054887991685 60
1701375196333 0.7044524932518984 61
1701375200902 0.7297776295588567 62
1701375205375 0.710716174199031 63
1701375209823 0.7115645087682284 64
1701375214207 0.7071862037365253 65
