1701374803476 0.2736415882967607 0
1701374819897 0.2752108253594547 1
1701374824628 0.30314587911028373 2
1701374829535 0.34063069857855344 3
1701374834190 0.3829721905919296 4
1701374838707 0.4024932473355321 5
1701374850965 0.3747882757917145 6
1701374855558 0.4255969317589036 7
1701374860074 0.6445128817041931 8
1701374864520 0.6350581106745143 9
1701374868932 0.6575929890440761 10
1701374885319 0.6742805022032211 11
1701374890016 0.6782835312141225 12
1701374894765 0.6847177118310531 13
1701374899223 0.7003049085330847 14
1701374903635 0.6955181313374695 15
1701374919705 0.7035432782917952 16
1701374924421 0.7025376852908107 17
1701374928941 0.698302438357148 18
1701374933442 0.708631529563358 19
1701374937938 0.7030369408084947 20
1701374951590 0.7088226203910822 21
1701374956187 0.7085789852027001 22
1701374960645 0.7102561387733438 23
1701374965079 0.7151022154289092 24
1701374969504 0.7105816503151785 25
1701374981695 0.7156198613769552 26
1701374986306 0.7093680235990769 27
1701374990801 0.7119186891574082 28
1701374995282 0.7098940657508385 29
1701374999761 0.7207156856107403 30
1701375012081 0.7112402980174704 31
1701375016683 0.713515024064116 32
1701375021147 0.7189308161035592 33
1701375025565 0.7161518703976677 34
1701375029965 0.712606625013552 35
1701375041987 0.7165813423837898 36
1701375046552 0.7158088178274319 37
1701375051013 0.7125481904667006 38
1701375055427 0.717211367460302 39
1701375059923 0.7124641137062184 40
1701375072242 0.7175302848529971 41
1701375076805 0.7148412071341519 42
1701375081287 0.7127910500488416 43
1701375085730 0.7136351099157375 44
1701375090159 0.7112186013157858 45
1701375103719 0.7110645008283295 46
1701375108276 0.7126593374160749 47
1701375112744 0.71184084362217 48
1701375117180 0.7117417552035703 49
1701375121909 0.716598907098963 50
1701375134187 0.7148331876456876 51
1701375138792 0.7109944024055133 52
1701375143286 0.7185199413834523 53
1701375147771 0.7154053756328295 54
1701375152283 0.7134133107886269 55
1701375164533 0.713138347819411 56
1701375169113 0.7139056009137944 57
1701375173591 0.7132318868782587 58
1701375178036 0.7156850718852744 59
1701375182451 0.714364456403982 60
1701375196219 0.7171777275343163 61
1701375200787 0.7086582376617666 62
1701375205259 0.716282266474289 63
1701375209707 0.7116954447163435 64
1701375214091 0.7205694325235465 65
