1701374803476 0.3014316759768985 0
1701374819897 0.3014961650629757 1
1701374824628 0.33253269798668134 2
1701374829535 0.3625804249759153 3
1701374834190 0.412496666987521 4
1701374838707 0.42915851330537463 5
1701374850965 0.39940508696631455 6
1701374855558 0.4466522749450657 7
1701374860074 0.45231597101171966 8
1701374864520 0.48011472369854463 9
1701374868932 0.49566010880084715 10
1701374885319 0.5448725442590839 11
1701374890016 0.5687660224569197 12
1701374894765 0.6117426855028602 13
1701374899223 0.6166339853144662 14
1701374903635 0.6305506535216439 15
1701374919705 0.6299645668576919 16
1701374924421 0.6363027902300332 17
1701374928941 0.6398684489115705 18
1701374933442 0.6475982506148246 19
1701374937938 0.6424399500784174 20
1701374951590 0.6473015919002206 21
1701374956187 0.6476460789896534 22
1701374960645 0.6579640824328649 23
1701374965079 0.6551542695606866 24
1701374969504 0.658467809382867 25
1701374981695 0.6534870223884551 26
1701374986306 0.6523539248306509 27
1701374990801 0.6519706764548157 28
1701374995282 0.6540133441989694 29
1701374999761 0.6583085517498638 30
1701375012081 0.65574002078103 31
1701375016683 0.6592600053941496 32
1701375021147 0.6604758778818155 33
1701375025565 0.6578791452462742 34
1701375029965 0.6546197160887465 35
1701375041987 0.6576282701155918 36
1701375046552 0.6579487787237329 37
1701375051013 0.6587890042851027 38
1701375055427 0.6617996071134727 39
1701375059923 0.6544591743994354 40
1701375072242 0.6604361547364911 41
1701375076805 0.6575451557971927 42
1701375081287 0.6550239167779166 43
1701375085730 0.6575548401672289 44
1701375090159 0.657197901208951 45
1701375103719 0.6561545225605273 46
1701375108276 0.6585000054938569 47
1701375112744 0.6563873355379148 48
1701375117180 0.6572852062027761 49
1701375121909 0.6600321399712384 50
1701375134187 0.6593781248152376 51
1701375138792 0.6540536219354819 52
1701375143286 0.6595526315729607 53
1701375147771 0.6592318399295345 54
1701375152283 0.6563214701435435 55
1701375164533 0.6566089199035944 56
1701375169113 0.6584680406136395 57
1701375173591 0.6537092678105824 58
1701375178036 0.6603173387085524 59
1701375182451 0.6556937768593866 60
1701375196219 0.6603535951666448 61
1701375200787 0.6534075932244972 62
1701375205259 0.659466947436463 63
1701375209707 0.6569798265167744 64
1701375214091 0.661711352140149 65
