1701374803476 0.4107142857142857 0
1701374819897 0.4131773399014778 1
1701374824628 0.4558702791461412 2
1701374829535 0.49610016420361247 3
1701374834190 0.5589080459770115 4
1701374838707 0.5804597701149425 5
1701374850965 0.541871921182266 6
1701374855558 0.603448275862069 7
1701374860074 0.603448275862069 8
1701374864520 0.6067323481116584 9
1701374868932 0.6223316912972086 10
1701374885319 0.6408045977011494 11
1701374890016 0.6475779967159278 12
1701374894765 0.6652298850574713 13
1701374899223 0.6697454844006568 14
1701374903635 0.6736453201970444 15
1701374919705 0.6742610837438424 16
1701374924421 0.6793924466338259 17
1701374928941 0.6802134646962233 18
1701374933442 0.6857553366174056 19
1701374937938 0.6828817733990148 20
1701374951590 0.6853448275862069 21
1701374956187 0.6861658456486043 22
1701374960645 0.6908866995073891 23
1701374965079 0.6886288998357963 24
1701374969504 0.6906814449917899 25
1701374981695 0.6888341543513957 26
1701374986306 0.6890394088669951 27
1701374990801 0.6876026272577996 28
1701374995282 0.6890394088669951 29
1701374999761 0.6939655172413793 30
1701375012081 0.6888341543513957 31
1701375016683 0.6923234811165846 32
1701375021147 0.6947865353037767 33
1701375025565 0.6925287356321839 34
1701375029965 0.6912972085385879 35
1701375041987 0.6912972085385879 36
1701375046552 0.6915024630541872 37
1701375051013 0.6908866995073891 38
1701375055427 0.6947865353037767 39
1701375059923 0.6884236453201971 40
1701375072242 0.6927339901477833 41
1701375076805 0.6921182266009852 42
1701375081287 0.6890394088669951 43
1701375085730 0.6917077175697866 44
1701375090159 0.6910919540229885 45
1701375103719 0.6902709359605911 46
1701375108276 0.6906814449917899 47
1701375112744 0.6904761904761905 48
1701375117180 0.6894499178981938 49
1701375121909 0.6927339901477833 50
1701375134187 0.6935550082101807 51
1701375138792 0.6908866995073891 52
1701375143286 0.6910919540229885 53
1701375147771 0.6925287356321839 54
1701375152283 0.6900656814449918 55
1701375164533 0.6898604269293924 56
1701375169113 0.6906814449917899 57
1701375173591 0.6894499178981938 58
1701375178036 0.6929392446633826 59
1701375182451 0.6900656814449918 60
1701375196219 0.69376026272578 61
1701375200787 0.6869868637110016 62
1701375205259 0.6933497536945813 63
1701375209707 0.6910919540229885 64
1701375214091 0.694376026272578 65
