1701374803476 0.33580509047860646 0
1701374819897 0.33756477253509215 1
1701374824628 0.37334474885844743 2
1701374829535 0.40522670387282256 3
1701374834190 0.4569133265685777 4
1701374838707 0.4744770843903264 5
1701374850965 0.4428396752917301 6
1701374855558 0.4931535599526467 7
1701374860074 0.49487799001166194 8
1701374864520 0.5063475457019869 9
1701374868932 0.5202217070759457 10
1701374885319 0.5503708079021505 11
1701374890016 0.5655945233822351 12
1701374894765 0.5991550714175372 13
1701374899223 0.6029612729002651 14
1701374903635 0.6150899811979587 15
1701374919705 0.6139489267519994 16
1701374924421 0.6205649139680379 17
1701374928941 0.6241512442814446 18
1701374933442 0.6308678455060456 19
1701374937938 0.6263375287394185 20
1701374951590 0.6305099899335781 21
1701374956187 0.6309929817537422 22
1701374960645 0.6411210301874405 23
1701374965079 0.6372547704760086 24
1701374969504 0.6415519803146362 25
1701374981695 0.6357926438162832 26
1701374986306 0.63575601784514 27
1701374990801 0.6346187778654343 28
1701374995282 0.6371741618619821 29
1701374999761 0.6405765450681197 30
1701375012081 0.6384280914360709 31
1701375016683 0.6420917608880374 32
1701375021147 0.6428867184046589 33
1701375025565 0.6404410549339826 34
1701375029965 0.637809809383677 35
1701375041987 0.6398451879856889 36
1701375046552 0.6403914654649276 37
1701375051013 0.6415251632391467 38
1701375055427 0.6443220279888948 39
1701375059923 0.6370684860180348 40
1701375072242 0.6426234824113538 41
1701375076805 0.6402963008949787 42
1701375081287 0.6375807471376017 43
1701375085730 0.6403744572850919 44
1701375090159 0.6402810425607116 45
1701375103719 0.6391906250510313 46
1701375108276 0.6411601083824969 47
1701375112744 0.6393621961655248 48
1701375117180 0.6399396501772933 49
1701375121909 0.642420189773544 50
1701375134187 0.6422834947846249 51
1701375138792 0.6374666671546901 52
1701375143286 0.6412803401823668 53
1701375147771 0.6418444856073443 54
1701375152283 0.6390092450408842 55
1701375164533 0.6392491636498372 56
1701375169113 0.6409494590729469 57
1701375173591 0.6364959364540931 58
1701375178036 0.642973823924523 59
1701375182451 0.6382132400570387 60
1701375196219 0.6428542945029978 61
1701375200787 0.6363133090748146 62
1701375205259 0.6421119236701314 63
1701375209707 0.6400654888033346 64
1701375214091 0.643746166435137 65
