1700098770321 1.103221395798715 0
1700098793955 1.0975601937058228 1
1700098811829 1.0957612104961354 2
1700098829752 1.0943356796384298 3
1700098849267 1.0934360937878655 4
1700098867855 1.0923957277048117 5
1700098892218 1.091049668093889 6
1700098911225 1.089163806605603 7
1700098930065 1.086760818078509 8
1700098948708 1.084153945595576 9
1700098968115 1.0820401447285586 10
1700098993612 1.0793358157921542 11
1700099013393 1.076457991591239 12
1700099033356 1.0737938441033732 13
1700099054334 1.0685878477413275 14
1700099074205 1.0666452934381268 15
1700099097864 1.062627912557433 16
1700099116541 1.060135116986243 17
1700099135476 1.0561484451443506 18
1700099154240 1.0508529043505552 19
1700099172694 1.0495761160041133 20
1700099196567 1.046767246789158 21
1700099215082 1.042659794932362 22
1700099234510 1.0390257116173467 23
1700099253383 1.034622035233297 24
1700099273220 1.0365334940572506 25
1700099296870 1.0307142403512863 26
1700099315553 1.031679006410261 27
1700099335305 1.0255986112290203 28
1700099354181 1.02312646899716 29
1700099373048 1.0234627938138603 30
1700099396976 1.021037203689343 31
1700099415643 1.0187784823764294 32
1700099435248 1.0174024656030085 33
1700099455374 1.019658802070301 34
1700099475625 1.0141352021386263 35
1700099500246 1.0146806471022292 36
1700099518935 1.0137572733898443 37
1700099537973 1.01341863861823 38
1700099556903 1.0098631667914866 39
1700099576476 1.011270817465448 40
