1700098770316 0.31387703310647136 0
1700098793950 0.3310070365670781 1
1700098811824 0.35240512169800436 2
1700098829747 0.36745876110278003 3
1700098849261 0.376975429692006 4
1700098867850 0.3754181566501327 5
1700098892212 0.3774368439266351 6
1700098911220 0.384069673549429 7
1700098930058 0.39739300957434537 8
1700098948704 0.4011996770100358 9
1700098968109 0.40437189987311106 10
1700098993607 0.41088937593724767 11
1700099013388 0.40794786019148693 12
1700099033351 0.41659937709078326 13
1700099054329 0.43049948090898604 14
1700099074200 0.42052139808513095 15
1700099097860 0.42507786365209366 16
1700099116536 0.42830776329449766 17
1700099135471 0.43107624870227246 18
1700099154236 0.4366132195178221 19
1700099172690 0.4363248356211789 20
1700099196562 0.43886261391163917 21
1700099215077 0.44018917983619793 22
1700099234505 0.44676433267966315 23
1700099253377 0.4445149382858461 24
1700099273214 0.4478025147075787 25
1700099296865 0.450340292998039 26
1700099315548 0.45085938401199677 27
1700099335299 0.44999423232206714 28
1700099354177 0.4536278694197716 29
1700099373044 0.45778059753143385 30
1700099396972 0.4535125158611143 31
1700099415639 0.4600299919252509 32
1700099435242 0.46354827546429805 33
1700099455369 0.45241665705387013 34
1700099475620 0.4630868612296689 35
1700099500241 0.4667204983273734 36
1700099518931 0.4639520129195986 37
1700099537968 0.46077979005652325 38
1700099556897 0.4648748413888568 39
1700099576472 0.46325989156765485 40
