1700098770309 0.31387703310647136 0
1700098793942 0.3310070365670781 1
1700098811818 0.35240512169800436 2
1700098829740 0.36745876110278003 3
1700098849253 0.376975429692006 4
1700098867842 0.3754181566501327 5
1700098892205 0.3774368439266351 6
1700098911213 0.38406967354942906 7
1700098930052 0.39739300957434537 8
1700098948697 0.40119967701003584 9
1700098968091 0.40437189987311106 10
1700098993601 0.41088937593724767 11
1700099013383 0.40794786019148693 12
1700099033343 0.41659937709078326 13
1700099054323 0.43049948090898604 14
1700099074193 0.42052139808513095 15
1700099097854 0.42507786365209366 16
1700099116529 0.42830776329449766 17
1700099135466 0.4310762487022724 18
1700099154230 0.4366132195178221 19
1700099172685 0.4363248356211789 20
1700099196555 0.43886261391163917 21
1700099215071 0.44018917983619793 22
1700099234499 0.44676433267966315 23
1700099253372 0.44451493828584615 24
1700099273208 0.4478025147075787 25
1700099296859 0.45034029299803907 26
1700099315543 0.45085938401199677 27
1700099335293 0.44999423232206714 28
1700099354172 0.4536278694197716 29
1700099373038 0.45778059753143385 30
1700099396967 0.4535125158611143 31
1700099415633 0.4600299919252509 32
1700099435234 0.46354827546429805 33
1700099455362 0.45241665705387013 34
1700099475613 0.4630868612296689 35
1700099500233 0.4667204983273734 36
1700099518925 0.46395201291959853 37
1700099537961 0.46077979005652325 38
1700099556892 0.4648748413888568 39
1700099576467 0.46325989156765485 40
