1701375846304 0.3401332219110064 0
1701375864942 0.3690839147632759 1
1701375871409 0.39349314803374663 2
1701375877470 0.4108842769057324 3
1701375883352 0.42349984792086093 4
1701375889341 0.44137277245074813 5
1701375907790 0.4985137143904063 6
1701375914011 0.5783684483684941 7
1701375920108 0.6162547262260688 8
1701375925935 0.6424507107335893 9
1701375931724 0.654067774941649 10
1701375945895 0.6728664497306781 11
1701375951808 0.6857267364582601 12
1701375957639 0.6961319676716062 13
1701375963430 0.7122195086090516 14
1701375969241 0.7184881041022072 15
1701375983258 0.7428499716416389 16
1701375989092 0.7457312410695498 17
1701375994867 0.7469158344383734 18
1701376000657 0.7616422131776917 19
1701376006383 0.758415322554231 20
1701376020283 0.7753635571058658 21
1701376026074 0.7768608284815613 22
1701376031827 0.7879713149654158 23
1701376037525 0.7837253661175104 24
1701376043306 0.7953906772495993 25
1701376058741 0.7975841673966801 26
1701376064595 0.7994258940402034 27
1701376070346 0.8117286974096579 28
1701376076056 0.8101607478186367 29
1701376082140 0.8120371904256829 30
1701376096171 0.810430231942437 31
1701376102033 0.8142932530101455 32
1701376107898 0.8150238348261603 33
1701376113743 0.821972445780753 34
1701376119667 0.8279101669706659 35
1701376133933 0.8214697595209822 36
1701376139773 0.8247269877144171 37
1701376145566 0.8315380537479956 38
1701376151287 0.8280546259620437 39
1701376157006 0.8283825598643025 40
1701376170942 0.8317236844377431 41
1701376176839 0.8311724296014448 42
1701376182612 0.8271861227661255 43
1701376188352 0.8308920494104762 44
1701376194049 0.8313548863366953 45
1701376208028 0.8356842863530201 46
1701376213876 0.8304244264557269 47
1701376219645 0.8318432591372383 48
1701376225386 0.832782109556593 49
1701376231057 0.8364769331179677 50
1701376245043 0.8305917798911264 51
1701376250876 0.8318456147712597 52
1701376256621 0.8337028754487532 53
1701376262342 0.8291160403752911 54
1701376268052 0.832276467032964 55
