1701375846304 0.37639155439058913 0
1701375864942 0.34032132878575666 1
1701375871409 0.3623235857234623 2
1701375877470 0.7125801984993555 3
1701375883352 0.39194581583415244 4
1701375889341 0.5336593379474756 5
1701375907790 0.6377302236047385 6
1701375914011 0.6380605625429917 7
1701375920108 0.6456309894384001 8
1701375925935 0.6616931798866124 9
1701375931724 0.6723158382669762 10
1701375945895 0.6888775009866269 11
1701375951808 0.6938339654588686 12
1701375957639 0.7021157571472288 13
1701375963430 0.7177219961011528 14
1701375969241 0.7253287319916263 15
1701375983258 0.7495605019316383 16
1701375989092 0.7475162519341504 17
1701375994867 0.7513320916024199 18
1701376000657 0.7648817261245154 19
1701376006383 0.7590272968475964 20
1701376020283 0.7756204132593737 21
1701376026074 0.7774950893562241 22
1701376031827 0.7888226707909592 23
1701376037525 0.7831593145250911 24
1701376043306 0.7961250052322372 25
1701376058741 0.7974813081717734 26
1701376064595 0.7997548196924735 27
1701376070346 0.8104066476859225 28
1701376076056 0.808258848987976 29
1701376082140 0.8097570375548302 30
1701376096171 0.8089624564483874 31
1701376102033 0.8130279746705007 32
1701376107898 0.8134288259285013 33
1701376113743 0.8204695534920833 34
1701376119667 0.8268072127029694 35
1701376133933 0.8202762235809157 36
1701376139773 0.8234877262884895 37
1701376145566 0.8294292922440255 38
1701376151287 0.8265846509920851 39
1701376157006 0.8263435878174136 40
1701376170942 0.8303402129073681 41
1701376176839 0.8289115165285293 42
1701376182612 0.8251268990843016 43
1701376188352 0.8285209979343255 44
1701376194049 0.8292061610283921 45
1701376208028 0.8343474107109962 46
1701376213876 0.827929025881999 47
1701376219645 0.8298185766955982 48
1701376225386 0.8307516876482394 49
1701376231057 0.8349193709689713 50
1701376245043 0.8284015491167619 51
1701376250876 0.8304180801366217 52
1701376256621 0.8321290618333981 53
1701376262342 0.827204529153687 54
1701376268052 0.8299098613804495 55
