1701375846304 0.4341133004926108 0
1701375864942 0.5022577996715928 1
1701375871409 0.5338669950738916 2
1701375877470 0.5558292282430214 3
1701375883352 0.5732758620689655 4
1701375889341 0.5894909688013136 5
1701375907790 0.6104269293924466 6
1701375914011 0.6358784893267652 7
1701375920108 0.6566091954022989 8
1701375925935 0.6746715927750411 9
1701375931724 0.6849343185550082 10
1701375945895 0.6993021346469622 11
1701375951808 0.708743842364532 12
1701375957639 0.7163382594417077 13
1701375963430 0.7311165845648604 14
1701375969241 0.735632183908046 15
1701375983258 0.757183908045977 16
1701375989092 0.7602627257799671 17
1701375994867 0.7610837438423645 18
1701376000657 0.7727832512315271 19
1701376006383 0.7699096880131363 20
1701376020283 0.7865353037766831 21
1701376026074 0.7873563218390804 22
1701376031827 0.7961822660098522 23
1701376037525 0.7928981937602627 24
1701376043306 0.8048029556650246 25
1701376058741 0.8058292282430214 26
1701376064595 0.8080870279146142 27
1701376070346 0.81876026272578 28
1701376076056 0.8175287356321839 29
1701376082140 0.8191707717569786 30
1701376096171 0.8169129720853858 31
1701376102033 0.8216338259441708 32
1701376107898 0.8218390804597702 33
1701376113743 0.8300492610837439 34
1701376119667 0.8355911330049262 35
1701376133933 0.8298440065681445 36
1701376139773 0.8325123152709359 37
1701376145566 0.8384646962233169 38
1701376151287 0.8347701149425287 39
1701376157006 0.8345648604269293 40
1701376170942 0.8378489326765188 41
1701376176839 0.8382594417077176 42
1701376182612 0.833128078817734 43
1701376188352 0.8382594417077176 44
1701376194049 0.8392857142857143 45
1701376208028 0.8425697865353038 46
1701376213876 0.8372331691297209 47
1701376219645 0.8384646962233169 48
1701376225386 0.8380541871921182 49
1701376231057 0.8419540229885057 50
1701376245043 0.8382594417077176 51
1701376250876 0.8401067323481116 52
1701376256621 0.8401067323481116 53
1701376262342 0.8364121510673235 54
1701376268052 0.8390804597701149 55
