1701375846432 1.0502128043732086 0
1701375865094 1.0203636714390345 1
1701375871523 0.9626427230896888 2
1701375877588 0.9184461847528235 3
1701375883468 0.8946942872815318 4
1701375889456 0.8640283756441884 5
1701375907938 0.8386921812961627 6
1701375914126 0.8071467272647015 7
1701375920226 0.7716378623789008 8
1701375926051 0.752976121840539 9
1701375931841 0.7215490047033731 10
1701375946010 0.6984356301171439 11
1701375951924 0.6835395175141173 12
1701375957756 0.6651223990824315 13
1701375963546 0.6477027817980036 14
1701375969358 0.6306189825008441 15
1701375983376 0.5967824815155623 16
1701375989210 0.585891299627044 17
1701375994984 0.5852171291004528 18
1701376000775 0.5641306700644555 19
1701376006500 0.5608272312523482 20
1701376020401 0.5448474400229268 21
1701376026191 0.5292751994225886 22
1701376031944 0.510333750155065 23
1701376037644 0.5096096160349908 24
1701376043422 0.503050655900658 25
1701376058859 0.49173409520805655 26
1701376064713 0.4922978789001316 27
1701376070463 0.48145854008662237 28
1701376076172 0.476578304519901 29
1701376082259 0.4775159598945023 30
1701376096292 0.472697628395898 31
1701376102151 0.4625146346432822 32
1701376108016 0.4553272495796154 33
1701376113859 0.45573828978972003 34
1701376119785 0.4461658821477518 35
1701376134051 0.4484339298365952 36
1701376139890 0.45006599325638313 37
1701376145683 0.4448177477756104 38
1701376151403 0.4454654110716535 39
1701376157124 0.4394671750533116 40
1701376171061 0.43684580360914205 41
1701376176957 0.4413006441159682 42
1701376182728 0.43791817186714765 43
1701376188469 0.4346806490189069 44
1701376194166 0.4346583574623257 45
1701376208146 0.42808095510903893 46
1701376213992 0.4387142358275203 47
1701376219763 0.4327320444893527 48
1701376225503 0.4321596363148132 49
1701376231176 0.4307816299525174 50
1701376245162 0.43600982505005675 51
1701376250994 0.4334478295081622 52
1701376256738 0.4282510367693839 53
1701376262459 0.4361804069636704 54
1701376268168 0.42570765355190676 55
