1701375846304 0.3646798760533094 0
1701375864942 0.4105234229663453 1
1701375871409 0.4365015220700152 2
1701375877470 0.45465830701291554 3
1701375883352 0.4687442922374429 4
1701375889341 0.4835495611261554 5
1701375907790 0.5158406489923347 6
1701375914011 0.5697200345633213 7
1701375920108 0.6060964355894468 8
1701375925935 0.6332399721038297 9
1701375931724 0.6453917255251086 10
1701375945895 0.6646268120450941 11
1701375951808 0.6808759095302155 12
1701375957639 0.6927323178316444 13
1701375963430 0.7092513481178155 14
1701375969241 0.7139884268996265 15
1701375983258 0.7392209038081408 16
1701375989092 0.7463892778060268 17
1701375994867 0.7444670891072606 18
1701376000657 0.760854516553661 19
1701376006383 0.759562168648511 20
1701376020283 0.7769590599016857 21
1701376026074 0.7784290882239381 22
1701376031827 0.7894705761285589 23
1701376037525 0.7856282936654746 24
1701376043306 0.795966143843406 25
1701376058741 0.7994005936617393 26
1701376064595 0.8008445072868469 27
1701376070346 0.8154042082260854 28
1701376076056 0.8138311136713571 29
1701376082140 0.816171101298086 30
1701376096171 0.8139066604499989 31
1701376102033 0.8175685800563968 32
1701376107898 0.8183524813082331 33
1701376113743 0.825068192453168 34
1701376119667 0.8309912409178369 35
1701376133933 0.8238997759409327 36
1701376139773 0.8280699422987369 37
1701376145566 0.8357665381288019 38
1701376151287 0.8309516177319937 39
1701376157006 0.8316103827361334 40
1701376170942 0.834872213972749 41
1701376176839 0.8354014832721521 42
1701376182612 0.8308184224342122 43
1701376188352 0.8351981906343422 44
1701376194049 0.8350371307938471 45
1701376208028 0.8387227128734764 46
1701376213876 0.8349673785426982 47
1701376219645 0.8353869273162294 48
1701376225386 0.8362610886901883 49
1701376231057 0.8394547298199025 50
1701376245043 0.8347916053587227 51
1701376250876 0.8348930791331878 52
1701376256621 0.8373276863390791 53
1701376262342 0.8324906959270503 54
1701376268052 0.8362763470244555 55
