1701303828377 0.2947102919651535 0
1701303872767 0.3319683535132186 1
1701303898775 0.3660348091626653 2
1701303924730 0.38326159665940523 3
1701303950808 0.40623233495443206 4
1701303976792 0.4191761024107284 5
1701304020963 0.43759975300351406 6
1701304046398 0.4987874016005689 7
1701304071801 0.5382277359228883 8
1701304097707 0.600578487363534 9
1701304123632 0.620992219803842 10
1701304167862 0.656234750842346 11
1701304193678 0.684073626359286 12
1701304219672 0.7142305177244985 13
1701304245551 0.7257197552643483 14
1701304271841 0.7504279234279206 15
1701304312414 0.7636068839253366 16
1701304338320 0.7877933361351239 17
1701304364095 0.8114946258495589 18
1701304389797 0.8268331867020633 19
1701304415311 0.8349044179902677 20
1701304455929 0.8556000638393296 21
1701304481826 0.8628194551585912 22
1701304507745 0.8650221753591217 23
1701304533733 0.8845476162522298 24
1701304560078 0.8937176604189944 25
1701304600595 0.9178665688745732 26
1701304626566 0.8860554409554261 27
1701304652622 0.9300759739223953 28
1701304678919 0.9315453834202163 29
1701304705184 0.9496090179079683 30
1701304746006 0.9569922728988387 31
1701304772129 0.9444961308597941 32
1701304798269 0.941147519613971 33
1701304824475 0.9748453654373087 34
1701304850564 0.9819666442859388 35
1701304891147 0.9853146941370872 36
1701304916878 0.9898554518446958 37
1701304942552 0.958514768549929 38
1701304968850 0.9731869790687386 39
1701304994574 0.994045513609152 40
1701305035302 0.9965042890931216 41
1701305061402 0.9954315153625105 42
1701305087437 0.9972383981442814 43
1701305113352 0.9946206406873118 44
1701305139277 0.9977104565483753 45
1701305179801 0.9981137542914963 46
1701305206126 0.9974414749926955 47
1701305232107 0.9979446354009162 48
1701305258053 0.9764238068022636 49
1701305284089 0.9981162481716622 50
1701305324378 0.9980469798575835 51
1701305350174 0.9983828863845273 52
1701305376034 0.9983827654148302 53
1701305401879 0.998753864377678 54
1701305427800 0.9989218436098869 55
1701305468259 0.9983827654148302 56
1701305494097 0.9981137942912723 57
1701305520208 0.9986518981925907 58
1701305545974 0.9983852176387437 59
1701305571834 0.9968049706079789 60
