1701303828377 0.4059934318555008 0
1701303872767 0.4733169129720854 1
1701303898775 0.49712643678160917 2
1701303924730 0.5199096880131363 3
1701303950808 0.5504926108374384 4
1701303976792 0.5673234811165846 5
1701304020963 0.5894909688013136 6
1701304046398 0.6145320197044335 7
1701304071801 0.6186371100164204 8
1701304097707 0.6500410509031199 9
1701304123632 0.6584564860426929 10
1701304167862 0.6857553366174056 11
1701304193678 0.7038177339901478 12
1701304219672 0.7274220032840722 13
1701304245551 0.7352216748768473 14
1701304271841 0.7582101806239737 15
1701304312414 0.7697044334975369 16
1701304338320 0.7904351395730707 17
1701304364095 0.8107553366174056 18
1701304389797 0.825944170771757 19
1701304415311 0.8343596059113301 20
1701304455929 0.8520114942528736 21
1701304481826 0.8589901477832512 22
1701304507745 0.8647372742200329 23
1701304533733 0.8793103448275862 24
1701304560078 0.8903940886699507 25
1701304600595 0.9119458128078818 26
1701304626566 0.8844417077175698 27
1701304652622 0.9263136288998358 28
1701304678919 0.9295977011494253 29
1701304705184 0.9482758620689655 30
1701304746006 0.9538177339901478 31
1701304772129 0.9431444991789819 32
1701304798269 0.9425287356321839 33
1701304824475 0.9739326765188834 34
1701304850564 0.9815270935960592 35
1701304891147 0.985632183908046 36
1701304916878 0.9893267651888341 37
1701304942552 0.9601806239737274 38
1701304968850 0.9722906403940886 39
1701304994574 0.9944581280788177 40
1701305035302 0.9967159277504105 41
1701305061402 0.9952791461412152 42
1701305087437 0.9977422003284072 43
1701305113352 0.9946633825944171 44
1701305139277 0.9979474548440066 45
1701305179801 0.9985632183908046 46
1701305206126 0.9977422003284072 47
1701305232107 0.9983579638752053 48
1701305258053 0.9747536945812808 49
1701305284089 0.9985632183908046 50
1701305324378 0.9983579638752053 51
1701305350174 0.9987684729064039 52
1701305376034 0.9987684729064039 53
1701305401879 0.9989737274220033 54
1701305427800 0.9991789819376026 55
1701305468259 0.9987684729064039 56
1701305494097 0.9985632183908046 57
1701305520208 0.9989737274220033 58
1701305545974 0.9987684729064039 59
1701305571834 0.9967159277504105 60
