1701303828518 1.0561029498094048 0
1701303872940 1.038687568864012 1
1701303898913 1.0273179205414515 2
1701303924867 0.9998416877260395 3
1701303950945 0.9454381539930705 4
1701303976929 0.9017048310610204 5
1701304021145 0.8587106240341087 6
1701304046531 0.8161996945836185 7
1701304071936 0.8108200797068528 8
1701304097842 0.7805460282400543 9
1701304123774 0.7551510168446435 10
1701304168045 0.7137163815155528 11
1701304193816 0.68766995758013 12
1701304219818 0.6390941343665902 13
1701304245692 0.6136834609742258 14
1701304271981 0.5811193645779603 15
1701304312549 0.5580733021100363 16
1701304338461 0.5196116202407413 17
1701304364233 0.47699393332004547 18
1701304389936 0.44471725461140177 19
1701304415454 0.42854028677239137 20
1701304456069 0.3917484147096771 21
1701304481964 0.36705487391917535 22
1701304507882 0.3605438323776706 23
1701304533869 0.319782972141029 24
1701304560212 0.29100969745442756 25
1701304600731 0.24503843973275102 26
1701304626703 0.33006982261838475 27
1701304652759 0.21172098272473983 28
1701304679053 0.20757599308892014 29
1701304705319 0.16273035695837215 30
1701304746141 0.1356065589812846 31
1701304772264 0.16691501313223947 32
1701304798408 0.16919282630232035 33
1701304824612 0.09118100995916167 34
1701304850700 0.07230020170800047 35
1701304891283 0.057119523966380585 36
1701304917016 0.04791374386476925 37
1701304942690 0.1350694627933253 38
1701304968992 0.09513847531714276 39
1701304994706 0.03680977147997789 40
1701305035434 0.026864160250969767 41
1701305061538 0.028035069112757258 42
1701305087575 0.022277105958779263 43
1701305113486 0.028134221761956128 44
1701305139413 0.018243545844383976 45
1701305179943 0.016602587502668884 46
1701305206267 0.016562161029748668 47
1701305232246 0.018510395917414497 48
1701305258196 0.09326093376681112 49
1701305284223 0.017723473741557277 50
1701305324513 0.01517630615073798 51
1701305350311 0.013434821137172334 52
1701305376179 0.014513939159490119 53
1701305402024 0.011644125547795708 54
1701305427937 0.010633420403072842 55
1701305468402 0.012179774754175466 56
1701305494237 0.01203982028775404 57
1701305520346 0.012161748235728713 58
1701305546114 0.010843613711520542 59
1701305571971 0.013905029323901617 60
