1701303828377 0.3349856058426166 0
1701303872767 0.38590766108574326 1
1701303898775 0.40637882631489936 2
1701303924730 0.42506274310840525 3
1701303950808 0.4500873499069846 4
1701303976792 0.4638153221714865 5
1701304020963 0.48233716197103654 6
1701304046398 0.5175697112384102 7
1701304071801 0.5376806967773372 8
1701304097707 0.5872109158454265 9
1701304123632 0.6062982085973587 10
1701304167862 0.6398909507879046 11
1701304193678 0.6692461840790612 12
1701304219672 0.7002332504256596 13
1701304245551 0.714093315805784 14
1701304271841 0.7407595098405233 15
1701304312414 0.7564513160959702 16
1701304338320 0.7835596313958991 17
1701304364095 0.804972985838123 18
1701304389797 0.8225063418645462 19
1701304415311 0.8309929907634057 20
1701304455929 0.8534776474004399 21
1701304481826 0.8592154285605954 22
1701304507745 0.8637450126351145 23
1701304533733 0.8819098444275139 24
1701304560078 0.8926195611430486 25
1701304600595 0.9161131365960703 26
1701304626566 0.8839506421543758 27
1701304652622 0.9276966695966843 28
1701304678919 0.9277940986892254 29
1701304705184 0.9473451652738291 30
1701304746006 0.9547084277705608 31
1701304772129 0.9429653970736988 32
1701304798269 0.9396389179356683 33
1701304824475 0.9740129214528158 34
1701304850564 0.9814410317528695 35
1701304891147 0.9839832645501841 36
1701304916878 0.989643234409106 37
1701304942552 0.9577394166017689 38
1701304968850 0.9724640343621056 39
1701304994574 0.9932441631927844 40
1701305035302 0.9962997045768902 41
1701305061402 0.99533387832412 42
1701305087437 0.996937101944154 43
1701305113352 0.9944174841528467 44
1701305139277 0.9973070612486304 45
1701305179801 0.9980128061103537 46
1701305206126 0.9971428468058772 47
1701305232107 0.9978436872197737 48
1701305258053 0.9763034769980478 49
1701305284089 0.9980152583342671 50
1701305324378 0.9980469798575835 51
1701305350174 0.9981819250009338 52
1701305376034 0.9983827654148302 53
1701305401879 0.9987527247193068 54
1701305427800 0.9989218436098869 55
1701305468259 0.9983827654148302 56
1701305494097 0.9982136465242503 57
1701305520208 0.9985518843054103 58
1701305545974 0.9983852176387437 59
1701305571834 0.9967013854046831 60
