1701303828377 0.32629448253418075 0
1701303872767 0.34618595840373034 1
1701303898775 0.33817243375426836 2
1701303924730 0.35370698489139274 3
1701303950808 0.37552149029164394 4
1701303976792 0.3897983151714495 5
1701304020963 0.6300495355953847 6
1701304046398 0.6548991545161026 7
1701304071801 0.6489852641627981 8
1701304097707 0.675287311911639 9
1701304123632 0.6715797308647197 10
1701304167862 0.7045187189066214 11
1701304193678 0.7182818532852484 12
1701304219672 0.7447478006748018 13
1701304245551 0.7496638422303253 14
1701304271841 0.7703494703120822 15
1701304312414 0.7787797963206531 16
1701304338320 0.7967572056851066 17
1701304364095 0.8239595288290666 18
1701304389797 0.8348763487966138 19
1701304415311 0.842941801449247 20
1701304455929 0.8616422701550274 21
1701304481826 0.8697690643087643 22
1701304507745 0.8687214610350584 23
1701304533733 0.8896437971370483 24
1701304560078 0.8965994219753939 25
1701304600595 0.9210591374172776 26
1701304626566 0.8900077463541595 27
1701304652622 0.9336488286580259 28
1701304678919 0.9362339777885179 29
1701304705184 0.9522616933065607 30
1701304746006 0.9595808941138643 31
1701304772129 0.9462042969711547 32
1701304798269 0.9428599085109663 33
1701304824475 0.9757389611654731 34
1701304850564 0.9825260244686908 35
1701304891147 0.9867418098403357 36
1701304916878 0.9900753103729668 37
1701304942552 0.9593091092798657 38
1701304968850 0.9739584256882373 39
1701304994574 0.994861435082551 40
1701305035302 0.9967105275979451 41
1701305061402 0.9955299068065026 42
1701305087437 0.9975417481019292 43
1701305113352 0.9948250310297452 44
1701305139277 0.9981175571158508 45
1701305179801 0.9982149488421695 46
1701305206126 0.9977426748200672 47
1701305232107 0.9980458299515894 48
1701305258053 0.9765640925763627 49
1701305284089 0.9982174843577704 50
1701305324378 0.9980469798575835 51
1701305350174 0.99858475253202 52
1701305376034 0.9983827654148302 53
1701305401879 0.9987550885406025 54
1701305427800 0.9989218436098869 55
1701305468259 0.9983827654148302 56
1701305494097 0.9980141891866543 57
1701305520208 0.9987521598677785 58
1701305545974 0.9983852176387437 59
1701305571834 0.9969093052669363 60
