1700048049865 0.3149152151343869 0
1700048088599 0.3150305686930442 1
1700048122362 0.3194716807013496 2
1700048157814 0.31785673088014765 3
1700048190456 0.31756834698350445 4
1700048223091 0.31699157919021803 5
1700048261443 0.31185834582996885 6
1700048293914 0.3180297612181336 7
1700048326403 0.3165878417349175 8
1700048358826 0.31376167954781403 9
1700048394090 0.3120890529472834 10
1700048434505 0.3156073364863306 11
1700048466846 0.3160110739416311 12
1700048502511 0.3133002653131849 13
1700048536113 0.3158957203829738 14
1700048568963 0.3152035990310301 15
1700048608281 0.3146268312377437 16
1700048640714 0.31076248702272463 17
1700048673375 0.31733763986618985 18
1700048706259 0.30937824431883726 19
1700048738792 0.3119160226092975 20
1700048777404 0.3158957203829738 21
1700048810169 0.31733763986618985 22
1700048843015 0.3130118814165417 23
1700048875573 0.3152035990310301 24
1700048907902 0.308455415849579 25
1700048947222 0.31133925481601105 26
1700048979738 0.31243511362325527 27
1700049012350 0.3142230937824432 28
1700049045535 0.3081093551736071 29
1700049078140 0.31433844734110045 30
1700049116576 0.3158957203829738 31
1700049149001 0.3133002653131849 32
1700049182114 0.3175106702041758 33
1700049214305 0.31526127581035873 34
1700049247400 0.31243511362325527 35
1700049285960 0.3197023878186642 36
1700049318472 0.3092052139808513 37
1700049351042 0.31058945668473875 38
1700049383414 0.31255046718191254 39
1700049415893 0.3129542046372131 40
1700049457793 0.3131849117545276 41
1700049491670 0.3134156188718422 42
1700049524289 0.31093551736071057 43
1700049557007 0.30787864805629256 44
