1700048049866 1.1137328077765072 0
1700048088601 1.1105472655857311 1
1700048122363 1.1078248251886929 2
1700048157815 1.1061438111697925 3
1700048190457 1.1047195774667404 4
1700048223092 1.1035165751681608 5
1700048261446 1.1027638561585371 6
1700048293916 1.1019002760157866 7
1700048326404 1.1015167043489569 8
1700048358827 1.1010081277174109 9
1700048394093 1.1006993879290188 10
1700048434507 1.1003684085958145 11
1700048466847 1.100115930332857 12
1700048502512 1.1000057283569784 13
1700048536114 1.099667992661981 14
1700048568965 1.0995636161635904 15
1700048608283 1.0995699535397923 16
1700048640716 1.0993827932021196 17
1700048673378 1.0989821395453285 18
1700048706260 1.0992107268641977 19
1700048738793 1.0992143154144287 20
1700048777406 1.0990125273956972 21
1700048810171 1.0989163938690634 22
1700048843017 1.09902222366894 23
1700048875575 1.0989727973937988 24
1700048907905 1.0990774701623356 25
1700048947224 1.0988881675636066 26
1700048979740 1.098834695184932 27
1700049012353 1.0988160687334396 28
1700049045537 1.0989306253545426 29
1700049078142 1.0987012614222134 30
1700049116578 1.0987453355508692 31
1700049149004 1.0987672595416798 32
1700049182116 1.0986622624537523 33
1700049214307 1.0986548223916222 34
1700049247401 1.098633678520427 35
1700049285962 1.0984773004756254 36
1700049318475 1.0987267143586104 37
1700049351043 1.0986352370065802 38
1700049383416 1.0985479775597067 39
1700049415894 1.09854014656123 40
1700049457795 1.0985394067624037 41
1700049491672 1.0986404944868648 42
1700049524292 1.0986874752184923 43
1700049557010 1.0986645151587093 44
