1700048049861 0.3149152151343869 0
1700048088596 0.3150305686930442 1
1700048122357 0.3194716807013496 2
1700048157810 0.31785673088014765 3
1700048190452 0.31756834698350445 4
1700048223087 0.31699157919021803 5
1700048261440 0.31185834582996885 6
1700048293910 0.3180297612181336 7
1700048326399 0.3165878417349175 8
1700048358822 0.31376167954781403 9
1700048394087 0.3120890529472834 10
1700048434502 0.3156073364863306 11
1700048466842 0.3160110739416311 12
1700048502507 0.3133002653131849 13
1700048536109 0.3158957203829738 14
1700048568960 0.3152035990310301 15
1700048608278 0.3146268312377437 16
1700048640711 0.31076248702272463 17
1700048673371 0.31733763986618985 18
1700048706255 0.30937824431883726 19
1700048738788 0.3119160226092975 20
1700048777400 0.3158957203829738 21
1700048810165 0.31733763986618985 22
1700048843012 0.3130118814165417 23
1700048875570 0.3152035990310301 24
1700048907898 0.308455415849579 25
1700048947218 0.31133925481601105 26
1700048979735 0.31243511362325527 27
1700049012347 0.3142230937824432 28
1700049045532 0.3081093551736071 29
1700049078137 0.31433844734110045 30
1700049116572 0.3158957203829738 31
1700049148998 0.3133002653131849 32
1700049182110 0.3175106702041758 33
1700049214301 0.31526127581035873 34
1700049247397 0.31243511362325527 35
1700049285956 0.3197023878186642 36
1700049318469 0.3092052139808513 37
1700049351038 0.31058945668473875 38
1700049383410 0.31255046718191254 39
1700049415889 0.3129542046372131 40
1700049457789 0.3131849117545276 41
1700049491666 0.3134156188718422 42
1700049524286 0.31093551736071057 43
1700049557003 0.30787864805629256 44
