1700048049853 0.3149152151343869 0
1700048088588 0.3150305686930442 1
1700048122348 0.3194716807013496 2
1700048157803 0.31785673088014765 3
1700048190446 0.31756834698350445 4
1700048223080 0.31699157919021803 5
1700048261431 0.31185834582996885 6
1700048293902 0.3180297612181336 7
1700048326390 0.3165878417349175 8
1700048358815 0.31376167954781403 9
1700048394079 0.3120890529472834 10
1700048434495 0.3156073364863306 11
1700048466835 0.3160110739416311 12
1700048502498 0.3133002653131849 13
1700048536100 0.3158957203829738 14
1700048568952 0.3152035990310301 15
1700048608270 0.3146268312377437 16
1700048640703 0.31076248702272463 17
1700048673363 0.31733763986618985 18
1700048706246 0.30937824431883726 19
1700048738779 0.3119160226092975 20
1700048777392 0.3158957203829738 21
1700048810158 0.31733763986618985 22
1700048843004 0.3130118814165417 23
1700048875561 0.3152035990310301 24
1700048907890 0.308455415849579 25
1700048947212 0.31133925481601105 26
1700048979726 0.31243511362325527 27
1700049012341 0.3142230937824432 28
1700049045524 0.3081093551736071 29
1700049078129 0.31433844734110045 30
1700049116564 0.3158957203829738 31
1700049148989 0.3133002653131849 32
1700049182103 0.3175106702041758 33
1700049214293 0.31526127581035873 34
1700049247392 0.31243511362325527 35
1700049285949 0.3197023878186642 36
1700049318461 0.3092052139808513 37
1700049351030 0.31058945668473875 38
1700049383402 0.31255046718191254 39
1700049415881 0.3129542046372131 40
1700049457781 0.3131849117545276 41
1700049491657 0.3134156188718422 42
1700049524278 0.31093551736071057 43
1700049556992 0.30787864805629256 44
