1701307686073 0.19202104340201667 0
1701307736051 0.19202104340201667 1
1701307765943 0.1925894438705801 2
1701307796231 0.2061423847845535 3
1701307826501 0.23514482241541876 4
1701307856870 0.24609162759261283 5
1701307906670 0.2571898031778524 6
1701307937248 0.2601578467581457 7
1701307967686 0.2614503931434252 8
1701307998083 0.2635545209027758 9
1701308028319 0.2643587709987824 10
1701308077958 0.26451973455051503 11
1701308108440 0.26478217734931064 12
1701308138773 0.26478217734931064 13
1701308169033 0.26504445163335455 14
1701308199234 0.26504445163335455 15
1701308249077 0.26504445163335455 16
1701308279269 0.26504445163335455 17
1701308309216 0.26504445163335455 18
1701308339456 0.26504445163335455 19
1701308369667 0.26504445163335455 20
1701308415956 0.26504445163335455 21
1701308446166 0.26504445163335455 22
1701308476530 0.26504445163335455 23
1701308507097 0.26504445163335455 24
1701308537375 0.26504445163335455 25
1701308584415 0.26504445163335455 26
1701308614648 0.26504445163335455 27
1701308645038 0.26504445163335455 28
1701308675247 0.26504445163335455 29
1701308705584 0.26504445163335455 30
1701308752247 0.26504445163335455 31
1701308782203 0.26504445163335455 32
1701308812484 0.26504445163335455 33
1701308843114 0.26504445163335455 34
1701308873666 0.26504445163335455 35
1701308920496 0.26504445163335455 36
1701308951913 0.26504445163335455 37
1701308982369 0.26504445163335455 38
1701309012890 0.26504445163335455 39
1701309043310 0.26504445163335455 40
1701309090436 0.26504445163335455 41
1701309120166 0.26504445163335455 42
1701309150032 0.26504445163335455 43
1701309180138 0.26504445163335455 44
1701309210187 0.26504445163335455 45
1701309256810 0.26504445163335455 46
1701309287269 0.26504445163335455 47
1701309317467 0.26504445163335455 48
1701309347846 0.26504445163335455 49
1701309378164 0.26504445163335455 50
1701309424652 0.26504445163335455 51
1701309454579 0.26504445163335455 52
1701309484727 0.26504445163335455 53
1701309514995 0.26504445163335455 54
1701309545236 0.26504445163335455 55
1701309591416 0.26504445163335455 56
1701309621794 0.26504445163335455 57
1701309652198 0.26504445163335455 58
1701309682693 0.26504445163335455 59
1701309713372 0.26504445163335455 60
1701309759691 0.26504445163335455 61
1701309789783 0.26504445163335455 62
1701309820019 0.26504445163335455 63
1701309850044 0.26504445163335455 64
1701309880585 0.26504445163335455 65
