1701307686073 0.40455665024630544 0
1701307736051 0.40455665024630544 1
1701307765943 0.40435139573070605 2
1701307796231 0.4100985221674877 3
1701307826501 0.4189244663382594 4
1701307856870 0.4236453201970443 5
1701307906670 0.4281609195402299 6
1701307937248 0.43000821018062396 7
1701307967686 0.4302134646962233 8
1701307998083 0.4314449917898194 9
1701308028319 0.4320607553366174 10
1701308077958 0.4320607553366174 11
1701308108440 0.43226600985221675 12
1701308138773 0.43226600985221675 13
1701308169033 0.4324712643678161 14
1701308199234 0.4324712643678161 15
1701308249077 0.4324712643678161 16
1701308279269 0.4324712643678161 17
1701308309216 0.4324712643678161 18
1701308339456 0.4324712643678161 19
1701308369667 0.4324712643678161 20
1701308415956 0.4324712643678161 21
1701308446166 0.4324712643678161 22
1701308476530 0.4324712643678161 23
1701308507097 0.4324712643678161 24
1701308537375 0.4324712643678161 25
1701308584415 0.4324712643678161 26
1701308614648 0.4324712643678161 27
1701308645038 0.4324712643678161 28
1701308675247 0.4324712643678161 29
1701308705584 0.4324712643678161 30
1701308752247 0.4324712643678161 31
1701308782203 0.4324712643678161 32
1701308812484 0.4324712643678161 33
1701308843114 0.4324712643678161 34
1701308873666 0.4324712643678161 35
1701308920496 0.4324712643678161 36
1701308951913 0.4324712643678161 37
1701308982369 0.4324712643678161 38
1701309012890 0.4324712643678161 39
1701309043310 0.4324712643678161 40
1701309090436 0.4324712643678161 41
1701309120166 0.4324712643678161 42
1701309150032 0.4324712643678161 43
1701309180138 0.4324712643678161 44
1701309210187 0.4324712643678161 45
1701309256810 0.4324712643678161 46
1701309287269 0.4324712643678161 47
1701309317467 0.4324712643678161 48
1701309347846 0.4324712643678161 49
1701309378164 0.4324712643678161 50
1701309424652 0.4324712643678161 51
1701309454579 0.4324712643678161 52
1701309484727 0.4324712643678161 53
1701309514995 0.4324712643678161 54
1701309545236 0.4324712643678161 55
1701309591416 0.4324712643678161 56
1701309621794 0.4324712643678161 57
1701309652198 0.4324712643678161 58
1701309682693 0.4324712643678161 59
1701309713372 0.4324712643678161 60
1701309759691 0.4324712643678161 61
1701309789783 0.4324712643678161 62
1701309820019 0.4324712643678161 63
1701309850044 0.4324712643678161 64
1701309880585 0.4324712643678161 65
