1701307686247 1.0835507863607161 0
1701307736263 1.0654495496016283 1
1701307766085 1.0591280643756573 2
1701307796367 1.0570517900662544 3
1701307826638 1.0547778209050496 4
1701307857008 1.0568294769678361 5
1701307906883 1.0540142640089378 6
1701307937383 1.0551701936966333 7
1701307967820 1.0576040622515557 8
1701307998226 1.055264304845761 9
1701308028455 1.0539015806638277 10
1701308078177 1.0537688288933191 11
1701308108574 1.056458619924692 12
1701308138919 1.0563153792650273 13
1701308169169 1.0552435654860277 14
1701308199401 1.0576380796921558 15
1701308249240 1.053875596095354 16
1701308279410 1.0562633520517595 17
1701308309359 1.0537902758671687 18
1701308339625 1.0550653078617194 19
1701308369804 1.0537458780484321 20
1701308416099 1.0538123127741692 21
1701308446300 1.0563531105334942 22
1701308476669 1.0550810190347524 23
1701308507231 1.0562994724664934 24
1701308537516 1.0539225141207378 25
1701308584551 1.0550104807584713 26
1701308614781 1.0537548309717424 27
1701308645186 1.0576098912801497 28
1701308675410 1.0588384866714478 29
1701308705720 1.0577612290015588 30
1701308752388 1.0563706037325737 31
1701308782336 1.0563925229586089 32
1701308812641 1.0551229807046743 33
1701308843294 1.053846429555844 34
1701308873802 1.056295899244455 35
1701308920638 1.0550471391433325 36
1701308952052 1.0564170342225294 37
1701308982523 1.0537608693807552 38
1701309013028 1.058945710842426 39
1701309043448 1.0576193577203996 40
1701309090579 1.0564341789636857 41
1701309120340 1.0537652969360352 42
1701309150170 1.053909339965918 43
1701309180273 1.0538251919624133 44
1701309210325 1.0538361286505675 45
1701309256982 1.0564160652649708 46
1701309287405 1.055109020991203 47
1701309317609 1.0563301214805016 48
1701309347981 1.0551431882075775 49
1701309378311 1.0551840769938934 50
1701309424795 1.057621839718941 51
1701309454740 1.0538098643987606 52
1701309484864 1.0563279268069146 53
1701309515131 1.0551599783775134 54
1701309545373 1.0538539993457305 55
1701309591551 1.0550275949331431 56
1701309621930 1.0539604883927565 57
1701309652337 1.0551052460303674 58
1701309682837 1.057678216542953 59
1701309713504 1.057580984555758 60
1701309759825 1.0563177176010914 61
1701309789936 1.0552196686084454 62
1701309820156 1.057624569306007 63
1701309850204 1.0552398333182702 64
1701309880722 1.058865684729356 65
