1701307686073 0.1348522167487685 0
1701307736051 0.1348522167487685 1
1701307765943 0.23007879410757107 2
1701307796231 0.2989417989417989 3
1701307826501 0.2853867351868696 4
1701307856870 0.2908441812878227 5
1701307906670 0.2910879199646051 6
1701307937248 0.29314133231850964 7
1701307967686 0.2925960482532553 8
1701307998083 0.29370300770785235 9
1701308028319 0.29406534165106596 10
1701308077958 0.2941077156622451 11
1701308108440 0.29445111377884486 12
1701308138773 0.29445111377884486 13
1701308169033 0.29479347484117796 14
1701308199234 0.29479347484117796 15
1701308249077 0.29479347484117796 16
1701308279269 0.29479347484117796 17
1701308309216 0.29479347484117796 18
1701308339456 0.29479347484117796 19
1701308369667 0.29479347484117796 20
1701308415956 0.29479347484117796 21
1701308446166 0.29479347484117796 22
1701308476530 0.29479347484117796 23
1701308507097 0.29479347484117796 24
1701308537375 0.29479347484117796 25
1701308584415 0.29479347484117796 26
1701308614648 0.29479347484117796 27
1701308645038 0.29479347484117796 28
1701308675247 0.29479347484117796 29
1701308705584 0.29479347484117796 30
1701308752247 0.29479347484117796 31
1701308782203 0.29479347484117796 32
1701308812484 0.29479347484117796 33
1701308843114 0.29479347484117796 34
1701308873666 0.29479347484117796 35
1701308920496 0.29479347484117796 36
1701308951913 0.29479347484117796 37
1701308982369 0.29479347484117796 38
1701309012890 0.29479347484117796 39
1701309043310 0.29479347484117796 40
1701309090436 0.29479347484117796 41
1701309120166 0.29479347484117796 42
1701309150032 0.29479347484117796 43
1701309180138 0.29479347484117796 44
1701309210187 0.29479347484117796 45
1701309256810 0.29479347484117796 46
1701309287269 0.29479347484117796 47
1701309317467 0.29479347484117796 48
1701309347846 0.29479347484117796 49
1701309378164 0.29479347484117796 50
1701309424652 0.29479347484117796 51
1701309454579 0.29479347484117796 52
1701309484727 0.29479347484117796 53
1701309514995 0.29479347484117796 54
1701309545236 0.29479347484117796 55
1701309591416 0.29479347484117796 56
1701309621794 0.29479347484117796 57
1701309652198 0.29479347484117796 58
1701309682693 0.29479347484117796 59
1701309713372 0.29479347484117796 60
1701309759691 0.29479347484117796 61
1701309789783 0.29479347484117796 62
1701309820019 0.29479347484117796 63
1701309850044 0.29479347484117796 64
1701309880585 0.29479347484117796 65
