1701307686073 0.3333333333333333 0
1701307736051 0.3333333333333333 1
1701307765943 0.33315930999492643 2
1701307796231 0.3377990021985456 3
1701307826501 0.34482098765432095 4
1701307856870 0.3486052765093861 5
1701307906670 0.35220818535430404 6
1701307937248 0.3537008286825638 7
1701307967686 0.35385278200575004 8
1701307998083 0.3548454253340098 9
1701308028319 0.3553454253340098 10
1701308077958 0.3553429731100964 11
1701308108440 0.35550963977676303 12
1701308138773 0.35550963977676303 13
1701308169033 0.3556763064434298 14
1701308199234 0.3556763064434298 15
1701308249077 0.3556763064434298 16
1701308279269 0.3556763064434298 17
1701308309216 0.3556763064434298 18
1701308339456 0.3556763064434298 19
1701308369667 0.3556763064434298 20
1701308415956 0.3556763064434298 21
1701308446166 0.3556763064434298 22
1701308476530 0.3556763064434298 23
1701308507097 0.3556763064434298 24
1701308537375 0.3556763064434298 25
1701308584415 0.3556763064434298 26
1701308614648 0.3556763064434298 27
1701308645038 0.3556763064434298 28
1701308675247 0.3556763064434298 29
1701308705584 0.3556763064434298 30
1701308752247 0.3556763064434298 31
1701308782203 0.3556763064434298 32
1701308812484 0.3556763064434298 33
1701308843114 0.3556763064434298 34
1701308873666 0.3556763064434298 35
1701308920496 0.3556763064434298 36
1701308951913 0.3556763064434298 37
1701308982369 0.3556763064434298 38
1701309012890 0.3556763064434298 39
1701309043310 0.3556763064434298 40
1701309090436 0.3556763064434298 41
1701309120166 0.3556763064434298 42
1701309150032 0.3556763064434298 43
1701309180138 0.3556763064434298 44
1701309210187 0.3556763064434298 45
1701309256810 0.3556763064434298 46
1701309287269 0.3556763064434298 47
1701309317467 0.3556763064434298 48
1701309347846 0.3556763064434298 49
1701309378164 0.3556763064434298 50
1701309424652 0.3556763064434298 51
1701309454579 0.3556763064434298 52
1701309484727 0.3556763064434298 53
1701309514995 0.3556763064434298 54
1701309545236 0.3556763064434298 55
1701309591416 0.3556763064434298 56
1701309621794 0.3556763064434298 57
1701309652198 0.3556763064434298 58
1701309682693 0.3556763064434298 59
1701309713372 0.3556763064434298 60
1701309759691 0.3556763064434298 61
1701309789783 0.3556763064434298 62
1701309820019 0.3556763064434298 63
1701309850044 0.3556763064434298 64
1701309880585 0.3556763064434298 65
