1701387444922 0.3655582922824302 0
1701387487062 0.4529967159277504 1
1701387511477 0.4963054187192118 2
1701387535534 0.5182676518883416 3
1701387560163 0.5527504105090312 4
1701387585560 0.5734811165845649 5
1701387630400 0.5917487684729064 6
1701387659790 0.6211001642036125 7
1701387686524 0.6371100164203612 8
1701387711581 0.6371100164203612 9
1701387737337 0.6787766830870279 10
1701387783892 0.6972495894909688 11
1701387808839 0.7405582922824302 12
1701387834100 0.7185960591133005 13
1701387858527 0.7629310344827587 14
1701387883700 0.7268062397372742 15
1701387926211 0.715927750410509 16
1701387950986 0.7760673234811166 17
1701387975464 0.8074712643678161 18
1701388000403 0.8072660098522167 19
1701388025298 0.8210180623973727 20
1701388063943 0.6687192118226601 21
1701388087988 0.812807881773399 22
1701388112515 0.7955665024630542 23
1701388139106 0.8483169129720853 24
1701388164269 0.8347701149425287 25
1701388202857 0.8809523809523809 26
1701388227584 0.729064039408867 27
1701388251867 0.8526272577996716 28
1701388276267 0.84688013136289 29
1701388301734 0.8694581280788177 30
1701388341374 0.8704844006568144 31
1701388366765 0.8862889983579638 32
1701388389827 0.798440065681445 33
1701388412807 0.8922413793103449 34
1701388435350 0.8425697865353038 35
1701388471865 0.9014778325123153 36
1701388494856 0.8846469622331691 37
1701388518976 0.9293924466338259 38
1701388541808 0.5277093596059114 39
1701388565187 0.7619047619047619 40
1701388603416 0.7325533661740559 41
1701388627523 0.8423645320197044 42
1701388653522 0.8101395730706076 43
1701388677814 0.8483169129720853 44
1701388701336 0.8302545155993432 45
1701388739691 0.9098932676518884 46
1701388764382 0.8243021346469622 47
1701388791381 0.8630952380952381 48
1701388816551 0.9224137931034483 49
1701388842176 0.7167487684729064 50
1701388883254 0.8969622331691297 51
1701388909246 0.8234811165845649 52
1701388934812 0.8850574712643678 53
1701388960774 0.9244663382594417 54
1701388985638 0.9131773399014779 55
1701389024058 0.9135878489326765 56
1701389048046 0.7838669950738916 57
1701389071936 0.8004926108374384 58
1701389095868 0.9316502463054187 59
1701389119850 0.9369868637110016 60
1701389157761 0.9314449917898193 61
1701389182348 0.9295977011494253 62
1701389206562 0.8667898193760263 63
1701389230582 0.9560755336617406 64
1701389254521 0.9308292282430214 65
