1701387444922 0.3128613886406388 0
1701387487062 0.30608967944858073 1
1701387511477 0.34070866220665685 2
1701387535534 0.34948680864569154 3
1701387560163 0.37484087134538835 4
1701387585560 0.39421375232581307 5
1701387630400 0.7296903051748548 6
1701387659790 0.6421276441355527 7
1701387686524 0.6538159887285652 8
1701387711581 0.6492262964716007 9
1701387737337 0.6892851630367813 10
1701387783892 0.7041223861442196 11
1701387808839 0.7455523862081721 12
1701387834100 0.7204031905548245 13
1701387858527 0.7635407053625928 14
1701387883700 0.7265820170809495 15
1701387926211 0.7249397600212021 16
1701387950986 0.7792052899804817 17
1701387975464 0.8058681866174622 18
1701388000403 0.8077245978883173 19
1701388025298 0.8187793852336359 20
1701388063943 0.6730144738637543 21
1701388087988 0.8133255305592025 22
1701388112515 0.794201406075834 23
1701388139106 0.8468444943505403 24
1701388164269 0.8283538279063697 25
1701388202857 0.8794468615280748 26
1701388227584 0.7286515030057892 27
1701388251867 0.8553131455293327 28
1701388276267 0.8499095829741125 29
1701388301734 0.8674569983776553 30
1701388341374 0.8667679970938833 31
1701388366765 0.885902433670264 32
1701388389827 0.798248148317514 33
1701388412807 0.8903178399780861 34
1701388435350 0.8435721446998213 35
1701388471865 0.8994656499202711 36
1701388494856 0.8900991536711835 37
1701388518976 0.9238965442299575 38
1701388541808 0.5370964132128422 39
1701388565187 0.8028361353262127 40
1701388603416 0.7347944561312203 41
1701388627523 0.8430888086663505 42
1701388653522 0.8177205707247794 43
1701388677814 0.8444546622249245 44
1701388701336 0.8236599294745915 45
1701388739691 0.907586279625532 46
1701388764382 0.8323409907341629 47
1701388791381 0.8687425118755713 48
1701388816551 0.9174865931880251 49
1701388842176 0.7241650131600395 50
1701388883254 0.8962243652142122 51
1701388909246 0.8338208382275335 52
1701388934812 0.885705452028688 53
1701388960774 0.9233117092855213 54
1701388985638 0.9134422362807243 55
1701389024058 0.9069349383980437 56
1701389048046 0.8108248523586702 57
1701389071936 0.8221667162412988 58
1701389095868 0.927189352471359 59
1701389119850 0.9335988465332425 60
1701389157761 0.9323754762058415 61
1701389182348 0.9263960079807316 62
1701389206562 0.8577490969005055 63
1701389230582 0.9526264600082559 64
1701389254521 0.9284675782348993 65
