1701387444922 0.32140573583328963 0
1701387487062 0.37006976154236426 1
1701387511477 0.4054473194655843 2
1701387535534 0.423891256553357 3
1701387560163 0.4519991544055471 4
1701387585560 0.46886927109758164 5
1701387630400 0.48749895450363984 6
1701387659790 0.5452944194707836 7
1701387686524 0.5860057340876674 8
1701387711581 0.5927168433593056 9
1701387737337 0.6484864057317977 10
1701387783892 0.6754904802582319 11
1701387808839 0.7238983847925891 12
1701387834100 0.7097829303667514 13
1701387858527 0.7579488516714709 14
1701387883700 0.730067751542764 15
1701387926211 0.7105307809519948 16
1701387950986 0.7708492851301324 17
1701387975464 0.8083021049013883 18
1701388000403 0.8176092688226415 19
1701388025298 0.825060508805726 20
1701388063943 0.6678794996933899 21
1701388087988 0.8197653939015465 22
1701388112515 0.8021990689826758 23
1701388139106 0.8552438684078592 24
1701388164269 0.8363914744745912 25
1701388202857 0.8874068775265771 26
1701388227584 0.7396799120919632 27
1701388251867 0.8652418761460338 28
1701388276267 0.8588483271964386 29
1701388301734 0.8749653012521742 30
1701388341374 0.8784169166379013 31
1701388366765 0.8954460705948423 32
1701388389827 0.8054632796150921 33
1701388412807 0.9005292888203403 34
1701388435350 0.8442702255212606 35
1701388471865 0.9072308316125816 36
1701388494856 0.8956581549748451 37
1701388518976 0.9315436991200374 38
1701388541808 0.45737166766805326 39
1701388565187 0.7193621830264322 40
1701388603416 0.6909313482416984 41
1701388627523 0.8457740399875141 42
1701388653522 0.8278219705522903 43
1701388677814 0.8520647529203039 44
1701388701336 0.8304493532094016 45
1701388739691 0.9171871212304646 46
1701388764382 0.8329367651141327 47
1701388791381 0.8750401031381222 48
1701388816551 0.9270698138171823 49
1701388842176 0.7129976546719892 50
1701388883254 0.9052861427810166 51
1701388909246 0.7821186064002772 52
1701388934812 0.8928074683727966 53
1701388960774 0.9285601623090866 54
1701388985638 0.9184895928063844 55
1701389024058 0.9138386991510082 56
1701389048046 0.728919371583484 57
1701389071936 0.7653178729385938 58
1701389095868 0.9340776426515965 59
1701389119850 0.9404512590347686 60
1701389157761 0.9302615174000063 61
1701389182348 0.932393810417536 62
1701389206562 0.8426505024858225 63
1701389230582 0.9585109296602438 64
1701389254521 0.9329774162462625 65
