1701387445022 1.0644404276823387 0
1701387487190 1.044719899312044 1
1701387511582 1.0284054982356536 2
1701387535636 0.9782809064938471 3
1701387560281 0.9335404267677894 4
1701387585668 0.8793911612950839 5
1701387630540 0.8584534739836668 6
1701387659941 0.7992248901954064 7
1701387686641 0.7938934151942914 8
1701387711681 0.8011463941671909 9
1701387737494 0.7192947192069812 10
1701387784030 0.6812086938283383 11
1701387808953 0.6099482812942603 12
1701387834210 0.6416685634698623 13
1701387858628 0.5727948699242029 14
1701387883813 0.6292424408289102 15
1701387926371 0.6724309340501443 16
1701387951087 0.5586439134218754 17
1701387975562 0.4766354018296951 18
1701388000515 0.46949554635928226 19
1701388025407 0.45035643073228687 20
1701388064041 0.727052431840163 21
1701388088089 0.4488077730131455 22
1701388112614 0.5174246957668891 23
1701388139214 0.38216297252055925 24
1701388164377 0.4372106148646428 25
1701388202960 0.32168466998980594 26
1701388227690 0.6350509004715161 27
1701388251970 0.36503359637199306 28
1701388276412 0.3659993826578825 29
1701388301840 0.3405189682275821 30
1701388341483 0.32105030043002886 31
1701388366861 0.28207500049701106 32
1701388389925 0.52872567375501 33
1701388412905 0.3019216192456392 34
1701388435448 0.3997568327646989 35
1701388471963 0.25670821085954326 36
1701388494954 0.28281764953564376 37
1701388519070 0.196514677351866 38
1701388541905 1.2887679884831111 39
1701388565294 0.6248311736644843 40
1701388603525 0.6597438416419885 41
1701388627630 0.42650277759784305 42
1701388653632 0.4900893320639928 43
1701388677919 0.38875408661671174 44
1701388701431 0.42708081541917264 45
1701388739799 0.24081466900996673 46
1701388764483 0.4452517792964593 47
1701388791513 0.3374202902882527 48
1701388816660 0.2210368024997222 49
1701388842300 0.7351296421809074 50
1701388883370 0.3225506379818305 51
1701388909376 0.5043998964321919 52
1701388934924 0.3210912705996098 53
1701388960892 0.22785921967946565 54
1701388985741 0.24433516577268258 55
1701389024153 0.23819322425585526 56
1701389048144 0.6649040875908656 57
1701389072035 0.5450630558606906 58
1701389095966 0.22535021201922342 59
1701389119945 0.20040763245943266 60
1701389157857 0.1983501581618419 61
1701389182462 0.2038770169019699 62
1701389206669 0.3677785112880744 63
1701389230677 0.1344507156083217 64
1701389254615 0.18185412702270043 65
