1701387444922 0.293166683104069 0
1701387487062 0.33084366417699745 1
1701387511477 0.3634309079510413 2
1701387535534 0.3820472555392557 3
1701387560163 0.4076737397824459 4
1701387585560 0.42393570463973057 5
1701387630400 0.44978343946582816 6
1701387659790 0.5499619958012457 7
1701387686524 0.5992354285762734 8
1701387711581 0.6056357243539244 9
1701387737337 0.6604008137931476 10
1701387783892 0.6832827519056895 11
1701387808839 0.7304559070176805 12
1701387834100 0.711698184396934 13
1701387858527 0.7574170136378306 14
1701387883700 0.725051578855619 15
1701387926211 0.7126092885370575 16
1701387950986 0.7709399898619442 17
1701387975464 0.8045257173571944 18
1701388000403 0.8093125131117777 19
1701388025298 0.8188599118278352 20
1701388063943 0.6702796699562527 21
1701388087988 0.8139278512146064 22
1701388112515 0.794711563590876 23
1701388139106 0.8483118702801377 24
1701388164269 0.830484078945337 25
1701388202857 0.881422397446021 26
1701388227584 0.7298839063275581 27
1701388251867 0.8583900910278078 28
1701388276267 0.8512136966365736 29
1701388301734 0.8690308723921932 30
1701388341374 0.8699257656253234 31
1701388366765 0.8891056551676879 32
1701388389827 0.8011403376794654 33
1701388412807 0.8939685788576618 34
1701388435350 0.8421964069694837 35
1701388471865 0.9017702658416075 36
1701388494856 0.8911428361402466 37
1701388518976 0.9268700030851457 38
1701388541808 0.4502400536825488 39
1701388565187 0.7419059972480605 40
1701388603416 0.7038851385467013 41
1701388627523 0.842860142630033 42
1701388653522 0.8205230222331642 43
1701388677814 0.846579821033377 44
1701388701336 0.8251555320105805 45
1701388739691 0.9111403751045241 46
1701388764382 0.8300090088349946 47
1701388791381 0.8704952127251665 48
1701388816551 0.9212596485808272 49
1701388842176 0.7156950032006771 50
1701388883254 0.9002356204528196 51
1701388909246 0.7985430582525644 52
1701388934812 0.8880087091774923 53
1701388960774 0.9253942434384594 54
1701388985638 0.9151981974610918 55
1701389024058 0.9098873734784293 56
1701389048046 0.7479347260935308 57
1701389071936 0.7818854195273325 58
1701389095868 0.9301472312939927 59
1701389119850 0.936580711022153 60
1701389157761 0.9309053540026802 61
1701389182348 0.9290287758392514 62
1701389206562 0.848804970461142 63
1701389230582 0.9553311198462562 64
1701389254521 0.9304671821799104 65
