1701396141528 1.0620748446537898 0
1701396182096 1.0294201649152315 1
1701396205965 0.9972199919896249 2
1701396229565 0.9415913300636487 3
1701396253261 0.8965458151621696 4
1701396276538 0.8661594635401016 5
1701396313726 0.8577755918869605 6
1701396337124 0.904590082474244 7
1701396360941 0.822004361030383 8
1701396384495 0.7637030069644635 9
1701396407963 0.9408839910458295 10
1701396445174 0.7893992815262232 11
1701396468719 0.7298915584882101 12
1701396492116 0.6796644360591204 13
1701396515386 0.6031865859643007 14
1701396538675 0.5906477922048324 15
1701396579733 0.629782056197142 16
1701396603139 0.5321561052249029 17
1701396626577 0.5406987651800498 18
1701396649868 0.4596709845921932 19
1701396673255 0.4398163847434215 20
1701396710394 0.4610355863204369 21
1701396733823 0.7476837436358134 22
1701396756961 0.5125406086444855 23
1701396780296 0.4898876158090738 24
1701396803551 0.5799709115272913 25
1701396840532 0.47896326046723586 26
1701396863781 0.438339040065423 27
1701396886993 0.42784964618010396 28
1701396910331 0.3313890752884058 29
1701396933601 0.6266743770012488 30
1701396971049 0.3368772207162319 31
1701396994559 0.34350505280189025 32
1701397017842 0.42484763188239855 33
1701397041247 0.2965473920488969 34
1701397065593 0.24369299440429762 35
1701397103153 0.3145783749910501 36
1701397126245 0.6901373183115934 37
1701397149227 0.3848088074188966 38
1701397172894 0.2809143234521915 39
1701397196650 0.3005319050489328 40
1701397234470 0.2660320618977913 41
1701397257838 1.0690832558350685 42
1701397281288 0.5375505685806274 43
1701397304613 0.4906589457621941 44
1701397327916 0.3941545769190177 45
1701397364949 0.40692156094771165 46
1701397388033 0.5723397196867527 47
1701397411260 0.46237937532938445 48
1701397434581 0.35360444203401226 49
1701397458001 0.32588472274633556 50
1701397495584 0.31730571198157775 51
1701397518363 0.8034203763191516 52
1701397542288 0.3829383391600389 53
1701397565522 0.30363643169403076 54
1701397588726 0.2337515391409397 55
1701397625789 0.6869171223579309 56
1701397648949 0.6563938997494869 57
1701397672094 0.32175105733749193 58
1701397695447 0.2502703147056775 59
1701397718574 0.21192958511603185 60
1701397755398 0.2415080007452231 61
1701397778297 0.19183268092381647 62
1701397801384 0.2805055644458685 63
1701397824701 0.2366261805097262 64
1701397847698 0.1574935244444089 65
