1701396141441 0.3389330235698427 0
1701396181976 0.40084923050904786 1
1701396205872 0.4202365127684762 2
1701396229465 0.45110696769829195 3
1701396253171 0.466974632166413 4
1701396276445 0.4808120522267665 5
1701396313637 0.48917740965794626 6
1701396337024 0.5117905746907667 7
1701396360845 0.5585376373997136 8
1701396384402 0.6057775858531765 9
1701396407866 0.5372120058269999 10
1701396445073 0.5939436650147073 11
1701396468628 0.6519349935890614 12
1701396492017 0.6796787990231272 13
1701396515292 0.722296535615481 14
1701396538585 0.7366059215449772 15
1701396579570 0.7180350675809223 16
1701396603050 0.7696360804547928 17
1701396626475 0.7801197927664791 18
1701396649778 0.8120672178140568 19
1701396673164 0.8251540809176642 20
1701396710302 0.8175683923550753 21
1701396733735 0.6915086195262307 22
1701396756870 0.8006681343971493 23
1701396780203 0.8019983131282246 24
1701396803459 0.779698639334351 25
1701396840444 0.8124412095998714 26
1701396863692 0.8422351069794297 27
1701396886903 0.832553236693431 28
1701396910240 0.8766029830807905 29
1701396933511 0.7559693351412724 30
1701396970944 0.875151385808241 31
1701396994469 0.8750400425105953 32
1701397017749 0.836944375933462 33
1701397041142 0.8833392020966988 34
1701397065504 0.9132309161720268 35
1701397103067 0.892084842405032 36
1701397126156 0.6741151203174854 37
1701397149139 0.8477344290022568 38
1701397172804 0.8920237367091041 39
1701397196559 0.8871488729568008 40
1701397234380 0.8998126572819759 41
1701397257737 0.6218908896911243 42
1701397281201 0.7654635287885964 43
1701397304525 0.7835613753288762 44
1701397327817 0.8399401860645659 45
1701397364861 0.8433392450803016 46
1701397387942 0.7807606296666068 47
1701397411169 0.8214897153753472 48
1701397434481 0.8599403009377745 49
1701397457913 0.8792833156237135 50
1701397495499 0.8855116754914443 51
1701397518273 0.6593382487616875 52
1701397542202 0.8512392606219708 53
1701397565431 0.8895047787817921 54
1701397588637 0.9178674234596244 55
1701397625703 0.7287340920783848 56
1701397648861 0.7559093980737716 57
1701397672003 0.8844974221100519 58
1701397695353 0.909885878910499 59
1701397718486 0.9270380619801025 60
1701397755304 0.908546048671328 61
1701397778211 0.9276765190151762 62
1701397801297 0.9033073652309205 63
1701397824611 0.9058150488783626 64
1701397847611 0.9476410128701165 65
