1701396141441 0.40188834154351394 0
1701396181976 0.4907635467980296 1
1701396205872 0.5145730706075534 2
1701396229465 0.5517241379310345 3
1701396253171 0.5712233169129721 4
1701396276445 0.5821018062397373 5
1701396313637 0.5839490968801314 6
1701396337024 0.5860016420361248 7
1701396360845 0.6204844006568144 8
1701396384402 0.6648193760262726 9
1701396407866 0.5905172413793104 10
1701396445073 0.6447044334975369 11
1701396468628 0.6828817733990148 12
1701396492017 0.7056650246305419 13
1701396515292 0.7446633825944171 14
1701396538585 0.75 15
1701396579570 0.7237274220032841 16
1701396603050 0.7785303776683087 17
1701396626475 0.7801724137931034 18
1701396649778 0.8169129720853858 19
1701396673164 0.8218390804597702 20
1701396710302 0.8255336617405583 21
1701396733735 0.6956075533661741 22
1701396756870 0.7949507389162561 23
1701396780203 0.7953612479474549 24
1701396803459 0.7717569786535303 25
1701396840444 0.8070607553366174 26
1701396863692 0.8298440065681445 27
1701396886903 0.8300492610837439 28
1701396910240 0.8762315270935961 29
1701396933511 0.7405582922824302 30
1701396970944 0.8649425287356322 31
1701396994469 0.8713054187192119 32
1701397017749 0.8378489326765188 33
1701397041142 0.8817733990147784 34
1701397065504 0.9086617405582923 35
1701397103067 0.8889573070607554 36
1701397126156 0.7292692939244664 37
1701397149139 0.8526272577996716 38
1701397172804 0.8936781609195402 39
1701397196559 0.8879310344827587 40
1701397234380 0.8981937602627258 41
1701397257737 0.6625615763546798 42
1701397281201 0.7976190476190477 43
1701397304525 0.8105500821018062 44
1701397327817 0.8513957307060755 45
1701397364861 0.8462643678160919 46
1701397387942 0.7961822660098522 47
1701397411169 0.8470853858784894 48
1701397434481 0.8717159277504105 49
1701397457913 0.8819786535303776 50
1701397495499 0.8903940886699507 51
1701397518273 0.7027914614121511 52
1701397542202 0.8565270935960592 53
1701397565431 0.8873152709359606 54
1701397588637 0.9172824302134647 55
1701397625703 0.7766830870279147 56
1701397648861 0.7684729064039408 57
1701397672003 0.8811576354679803 58
1701397695353 0.9142036124794746 59
1701397718486 0.9267241379310345 60
1701397755304 0.9139983579638752 61
1701397778211 0.9339080459770115 62
1701397801297 0.9016830870279147 63
1701397824611 0.9137931034482759 64
1701397847611 0.9474548440065681 65
