1701396141441 0.32507002228219023 0
1701396181976 0.35826333106308406 1
1701396205872 0.376413758730056 2
1701396229465 0.4068003385937895 3
1701396253171 0.4222741061976791 4
1701396276445 0.4465628222349692 5
1701396313637 0.4666271383700387 6
1701396337024 0.512751144262897 7
1701396360845 0.5680058643486009 8
1701396384402 0.6226426665718683 9
1701396407866 0.5462229453266132 10
1701396445073 0.6080070206037411 11
1701396468628 0.6633540119321443 12
1701396492017 0.6891917362649442 13
1701396515292 0.7322460105390944 14
1701396538585 0.7394664258734868 15
1701396579570 0.720734881286036 16
1701396603050 0.7696721520536425 17
1701396626475 0.7785606096877432 18
1701396649778 0.8121744915978635 19
1701396673164 0.822619127635691 20
1701396710302 0.8163879943080125 21
1701396733735 0.6983467930578221 22
1701396756870 0.797026205209043 23
1701396780203 0.7970318150968995 24
1701396803459 0.7728972416816262 25
1701396840444 0.8113388776170588 26
1701396863692 0.8376373557988771 27
1701396886903 0.82982384810333 28
1701396910240 0.8731165071636783 29
1701396933511 0.7546016207819664 30
1701396970944 0.8708354162555821 31
1701396994469 0.8696650754496341 32
1701397017749 0.8327557668014524 33
1701397041142 0.8806927027391827 34
1701397065504 0.9087139028894685 35
1701397103067 0.88957732022396 36
1701397126156 0.6861758141621913 37
1701397149139 0.8468470442359438 38
1701397172804 0.8913871513606079 39
1701397196559 0.8834790284735106 40
1701397234380 0.8975290181326806 41
1701397257737 0.6245354619401264 42
1701397281201 0.7803515176160541 43
1701397304525 0.7913275565436196 44
1701397327817 0.8455403499837321 45
1701397364861 0.8456271244681216 46
1701397387942 0.788793669136604 47
1701397411169 0.8336810476891809 48
1701397434481 0.8633864645069504 49
1701397457913 0.880775748972897 50
1701397495499 0.8852531924921655 51
1701397518273 0.6753207095141147 52
1701397542202 0.8512000677342949 53
1701397565431 0.888595239240185 54
1701397588637 0.9163480159038945 55
1701397625703 0.7423077161882632 56
1701397648861 0.7642239874260827 57
1701397672003 0.8836648351493581 58
1701397695353 0.9117917940839014 59
1701397718486 0.926305571555203 60
1701397755304 0.9084021429070596 61
1701397778211 0.9283429617247189 62
1701397801297 0.9034197078221068 63
1701397824611 0.9072533103406681 64
1701397847611 0.9468000982698447 65
