1701396141441 0.3384424895061832 0
1701396181976 0.33609346693128805 1
1701396205872 0.36170541537298967 2
1701396229465 0.3748448089052044 3
1701396253171 0.3939981153505168 4
1701396276445 0.5158747397600254 5
1701396313637 0.5752595914243283 6
1701396337024 0.6028043584087343 7
1701396360845 0.6187809088670634 8
1701396384402 0.7035731639584939 9
1701396407866 0.5831169197666483 10
1701396445073 0.6550275196989809 11
1701396468628 0.6880355148201539 12
1701396492017 0.7075968890491131 13
1701396515292 0.7497491564071667 14
1701396538585 0.7454509680046396 15
1701396579570 0.7272396279699063 16
1701396603050 0.772176927035925 17
1701396626475 0.7809720590869391 18
1701396649778 0.8153008768136019 19
1701396673164 0.8236411745261031 20
1701396710302 0.8170227455142186 21
1701396733735 0.7120221703675124 22
1701396756870 0.7940358436994089 23
1701396780203 0.7934076465631358 24
1701396803459 0.771940243606255 25
1701396840444 0.8133751085908534 26
1701396863692 0.8350350362696876 27
1701396886903 0.8287303987223037 28
1701396910240 0.8710219360087382 29
1701396933511 0.7561603536335385 30
1701396970944 0.8686277014569376 31
1701396994469 0.8657841164517874 32
1701397017749 0.8303726220705809 33
1701397041142 0.8788076545022504 34
1701397065504 0.9053703179925776 35
1701397103067 0.8881129220258314 36
1701397126156 0.7226963882074244 37
1701397149139 0.8478851693792628 38
1701397172804 0.8920499015149651 39
1701397196559 0.8809240170286476 40
1701397234380 0.8960636179989573 41
1701397257737 0.6294446522456265 42
1701397281201 0.8080153521891541 43
1701397304525 0.803009890186018 44
1701397327817 0.8533372456443263 45
1701397364861 0.849922536821562 46
1701397387942 0.8086746887862396 47
1701397411169 0.8531299529697893 48
1701397434481 0.8691524217448764 49
1701397457913 0.8833330294353839 50
1701397495499 0.8864624383982086 51
1701397518273 0.717235315540051 52
1701397542202 0.8515248389083294 53
1701397565431 0.888478389914875 54
1701397588637 0.9156082923562799 55
1701397625703 0.7785942396601576 56
1701397648861 0.7768795336190281 57
1701397672003 0.8832423289038805 58
1701397695353 0.9145012970952369 59
1701397718486 0.9258710330142296 60
1701397755304 0.9085994140134046 61
1701397778211 0.9292996900819457 62
1701397801297 0.9039895832262893 63
1701397824611 0.9088917932724335 64
1701397847611 0.9461910227902873 65
