1701399629939 0.2801204906193884 0
1701399669824 0.33730243122883574 1
1701399692900 0.5350742807027257 2
1701399715920 0.5611373092318003 3
1701399739211 0.6267124477926383 4
1701399763154 0.6338556263172173 5
1701399802922 0.6500244182275565 6
1701399825955 0.6738090228428352 7
1701399849070 0.7320191060073117 8
1701399872457 0.7672647748686069 9
1701399895682 0.690506301649647 10
1701399932441 0.7407964448405625 11
1701399955632 0.6985138014712455 12
1701399978984 0.75564995007706 13
1701400002637 0.7177044473892856 14
1701400026509 0.80654559504462 15
1701400067088 0.8051169796759998 16
1701400090442 0.6464241321006955 17
1701400113865 0.8085338750961985 18
1701400137142 0.8003355727743658 19
1701400160508 0.8634132791308656 20
1701400197241 0.7388497193073462 21
1701400220205 0.605888210591364 22
1701400243392 0.7514270594769389 23
1701400266688 0.8360957263035962 24
1701400289843 0.8391317355039805 25
1701400326591 0.7673575738431583 26
1701400349714 0.8446895591248366 27
1701400372933 0.7572011825547987 28
1701400396020 0.8427757124458695 29
1701400418973 0.8989303881015965 30
1701400456730 0.7468793137109969 31
1701400479786 0.8280487387832908 32
1701400502767 0.8500755235485723 33
1701400525969 0.8757008089409287 34
1701400549109 0.8783293223667505 35
1701400585972 0.8562679768166842 36
1701400609069 0.8669650310854832 37
1701400632194 0.8955187680459157 38
1701400655380 0.929514700416291 39
1701400678737 0.8268491245161318 40
1701400716746 0.9280256361146154 41
1701400739881 0.9035084772655858 42
1701400763089 0.9288720679918963 43
1701400786316 0.8318781391068697 44
1701400809599 0.9160827409836901 45
1701400848292 0.9362024123590335 46
1701400872316 0.9223007429444299 47
1701400896156 0.9352056671821302 48
1701400919674 0.870517135383925 49
1701400942997 0.8595590769908855 50
1701400979808 0.9405442469152835 51
1701401002999 0.7366509724169671 52
1701401026150 0.9044897802261364 53
1701401049240 0.8821329407589528 54
1701401072640 0.9054830440407383 55
1701401109670 0.9257304318304703 56
1701401133417 0.6082209952587779 57
1701401156572 0.4873507857143066 58
1701401179735 0.5082537699342322 59
1701401202775 0.500362882918744 60
1701401239931 0.5664410143925364 61
1701401262856 0.7439020769050307 62
1701401285900 0.7043044661360206 63
1701401308953 0.698069028196144 64
1701401332054 0.8450706966128304 65
