1701399629939 0.3431580416032471 0
1701399669824 0.3993958227634027 1
1701399692900 0.4357058621750491 2
1701399715920 0.46285964943399605 3
1701399739211 0.49597040522650576 4
1701399763154 0.5819614484010006 5
1701399802922 0.6171936403789089 6
1701399825955 0.6444960572398933 7
1701399849070 0.7180145719105347 8
1701399872457 0.758326524937153 9
1701399895682 0.684039197291545 10
1701399932441 0.745366995688313 11
1701399955632 0.7053270034816718 12
1701399978984 0.758909416186949 13
1701400002637 0.7180810727993944 14
1701400026509 0.8157247657628286 15
1701400067088 0.8085735451317504 16
1701400090442 0.6134425374928697 17
1701400113865 0.8164106626175739 18
1701400137142 0.7990805689151972 19
1701400160508 0.8744911857336484 20
1701400197241 0.743359257795189 21
1701400220205 0.610321742213633 22
1701400243392 0.7666983240899818 23
1701400266688 0.8450973645232865 24
1701400289843 0.8427218105932243 25
1701400326591 0.7573710222570597 26
1701400349714 0.8505347812425564 27
1701400372933 0.7584196004852454 28
1701400396020 0.8489865540158417 29
1701400418973 0.9018820522436596 30
1701400456730 0.7309878941094258 31
1701400479786 0.8237577043415127 32
1701400502767 0.8552157736494749 33
1701400525969 0.8798034358914583 34
1701400549109 0.8790893294051201 35
1701400585972 0.8629630064158188 36
1701400609069 0.8766163219813451 37
1701400632194 0.8948359746663281 38
1701400655380 0.9316326815592649 39
1701400678737 0.8257020901292943 40
1701400716746 0.9315520729452383 41
1701400739881 0.9069684250714157 42
1701400763089 0.9317676267026153 43
1701400786316 0.819103625770115 44
1701400809599 0.9199049395104337 45
1701400848292 0.9405210112859174 46
1701400872316 0.9203013404877568 47
1701400896156 0.9379955989671172 48
1701400919674 0.8648396869292121 49
1701400942997 0.8549259326831734 50
1701400979808 0.9433925327346412 51
1701401002999 0.7333928562378688 52
1701401026150 0.9113376394831981 53
1701401049240 0.8819957147788324 54
1701401072640 0.9090232640771768 55
1701401109670 0.9256766642021482 56
1701401133417 0.5472545728265172 57
1701401156572 0.580646626078133 58
1701401179735 0.609445797395569 59
1701401202775 0.5983403517672924 60
1701401239931 0.5803295135175922 61
1701401262856 0.675343741090053 62
1701401285900 0.6696324979873726 63
1701401308953 0.6896810757463051 64
1701401332054 0.8363056104112667 65
