1701399629939 0.4197454844006568 0
1701399669824 0.48891625615763545 1
1701399692900 0.5301724137931034 2
1701399715920 0.5529556650246306 3
1701399739211 0.5816912972085386 4
1701399763154 0.6313628899835796 5
1701399802922 0.6514778325123153 6
1701399825955 0.6736453201970444 7
1701399849070 0.7350164203612479 8
1701399872457 0.7680623973727422 9
1701399895682 0.6894499178981938 10
1701399932441 0.7456896551724138 11
1701399955632 0.6912972085385879 12
1701399978984 0.7594417077175698 13
1701400002637 0.7274220032840722 14
1701400026509 0.8140394088669951 15
1701400067088 0.8023399014778325 16
1701400090442 0.6223316912972086 17
1701400113865 0.8140394088669951 18
1701400137142 0.8029556650246306 19
1701400160508 0.8667898193760263 20
1701400197241 0.7302955665024631 21
1701400220205 0.5786124794745484 22
1701400243392 0.7461001642036125 23
1701400266688 0.8368226600985221 24
1701400289843 0.8415435139573071 25
1701400326591 0.7717569786535303 26
1701400349714 0.8454433497536946 27
1701400372933 0.7510262725779967 28
1701400396020 0.8405172413793104 29
1701400418973 0.8977832512315271 30
1701400456730 0.7641625615763546 31
1701400479786 0.8300492610837439 32
1701400502767 0.8503694581280788 33
1701400525969 0.8791050903119869 34
1701400549109 0.8854679802955665 35
1701400585972 0.8548850574712644 36
1701400609069 0.8696633825944171 37
1701400632194 0.8942939244663383 38
1701400655380 0.930623973727422 39
1701400678737 0.8335385878489326 40
1701400716746 0.9310344827586207 41
1701400739881 0.9049671592775042 42
1701400763089 0.9310344827586207 43
1701400786316 0.8333333333333334 44
1701400809599 0.916871921182266 45
1701400848292 0.9390394088669951 46
1701400872316 0.9246715927750411 47
1701400896156 0.9386288998357963 48
1701400919674 0.8774630541871922 49
1701400942997 0.861863711001642 50
1701400979808 0.944991789819376 51
1701401002999 0.7208538587848933 52
1701401026150 0.9043513957307061 53
1701401049240 0.8838259441707718 54
1701401072640 0.9047619047619048 55
1701401109670 0.9230295566502463 56
1701401133417 0.6613300492610837 57
1701401156572 0.7101806239737274 58
1701401179735 0.7452791461412152 59
1701401202775 0.7317323481116584 60
1701401239931 0.6993021346469622 61
1701401262856 0.7793513957307061 62
1701401285900 0.7370689655172413 63
1701401308953 0.7305008210180624 64
1701401332054 0.8602216748768473 65
