1701399629939 0.30798929263714964 0
1701399669824 0.3581484612121575 1
1701399692900 0.398164977460691 2
1701399715920 0.43915341587295204 3
1701399739211 0.4856175915793459 4
1701399763154 0.5943457175512449 5
1701399802922 0.627357920525294 6
1701399825955 0.6529559351570009 7
1701399849070 0.722384476967345 8
1701399872457 0.7598535820434454 9
1701399895682 0.686262996607057 10
1701399932441 0.7412314198061815 11
1701399955632 0.7011448799460878 12
1701399978984 0.7537696692681295 13
1701400002637 0.7156533999121689 14
1701400026509 0.8090761204677692 15
1701400067088 0.8049118481307715 16
1701400090442 0.6227855050528716 17
1701400113865 0.8113725265586229 18
1701400137142 0.7986558770090264 19
1701400160508 0.8678769117942559 20
1701400197241 0.7327856059436083 21
1701400220205 0.6062777538992058 22
1701400243392 0.7583015000060964 23
1701400266688 0.8395061559148204 24
1701400289843 0.8403118757191065 25
1701400326591 0.7601854385687359 26
1701400349714 0.8463202093187251 27
1701400372933 0.7562916047027072 28
1701400396020 0.8451697517071755 29
1701400418973 0.8998817205951924 30
1701400456730 0.7364116024194661 31
1701400479786 0.8249326860621758 32
1701400502767 0.8523172779519069 33
1701400525969 0.8774316209149654 34
1701400549109 0.878097500799547 35
1701400585972 0.8592594064789991 36
1701400609069 0.8709200154517144 37
1701400632194 0.8950685572427672 38
1701400655380 0.9304745653139274 39
1701400678737 0.8260450830852631 40
1701400716746 0.9296515527002578 41
1701400739881 0.9049663286172951 42
1701400763089 0.9302387358795586 43
1701400786316 0.824778590813955 44
1701400809599 0.9174005720387006 45
1701400848292 0.9381384548365993 46
1701400872316 0.9212545644529024 47
1701400896156 0.9365062269540138 48
1701400919674 0.8674058835029221 49
1701400942997 0.8571078419164935 50
1701400979808 0.9418920301381618 51
1701401002999 0.7345888102035504 52
1701401026150 0.9076541736853487 53
1701401049240 0.8818269453270692 54
1701401072640 0.9069028937972582 55
1701401109670 0.9256829730445147 56
1701401133417 0.5106943907437199 57
1701401156572 0.5248646928852082 58
1701401179735 0.5505871701594629 59
1701401202775 0.5408032130673638 60
1701401239931 0.5462042689356138 61
1701401262856 0.6696197694043318 62
1701401285900 0.67649650028356 63
1701401308953 0.6923845833211321 64
1701401332054 0.8401389529121032 65
