1701399630029 1.0443083353531666 0
1701399669944 1.0137030069644635 1
1701399692997 0.9509471609042242 2
1701399716009 0.9123980464079441 3
1701399739308 0.8728177960102375 4
1701399763241 0.7984090875356625 5
1701399803047 0.7558535047066517 6
1701399826042 0.7316734851934971 7
1701399849155 0.6185175593082721 8
1701399872557 0.5432743835143554 9
1701399895768 0.7256733370132935 10
1701399932526 0.6222273386441745 11
1701399955732 0.6354871919521918 12
1701399979071 0.5663746977463747 13
1701400002741 0.625575072490252 14
1701400026613 0.4645110773734557 15
1701400067215 0.47178304501068896 16
1701400090532 0.7796406906384689 17
1701400113964 0.4704167032853151 18
1701400137230 0.48753025783942294 19
1701400160595 0.3469816152101908 20
1701400197327 0.6403167159893574 21
1701400220287 0.7994272510210673 22
1701400243481 0.6032849145241272 23
1701400266783 0.40905225888276714 24
1701400289931 0.4139659996980276 25
1701400326678 0.589981985397828 26
1701400349800 0.39977115851182204 27
1701400373030 0.5726060760326874 28
1701400396108 0.3867967711427273 29
1701400419059 0.2773895596082394 30
1701400456815 0.6292834942921613 31
1701400479873 0.42599735580957854 32
1701400502865 0.36810832747664207 33
1701400526051 0.32605973955912465 34
1701400549200 0.3182924351631067 35
1701400586059 0.3645191456262882 36
1701400609166 0.31717296747060925 37
1701400632283 0.27376714855050427 38
1701400655469 0.1876042670546434 39
1701400678839 0.4147998243570328 40
1701400716846 0.18989113928415838 41
1701400739965 0.24315588004313982 42
1701400763191 0.1839839674723454 43
1701400786404 0.4489955619359628 44
1701400809704 0.21707758804162344 45
1701400848395 0.16659340164504755 46
1701400872429 0.20034081316911256 47
1701400896255 0.172045653542647 48
1701400919760 0.36616745801308215 49
1701400943096 0.3328336633932896 50
1701400979899 0.157857338205362 51
1701401003089 0.6594626085880475 52
1701401026238 0.2772809324356226 53
1701401049325 0.31515872669525635 54
1701401072738 0.23898901713964266 55
1701401109758 0.1976574928714679 56
1701401133505 1.0730720101258693 57
1701401156658 0.6922624172308506 58
1701401179821 0.6078617030229324 59
1701401202877 0.6349391539891561 60
1701401240015 0.6799970376185882 61
1701401262944 0.5222544960486584 62
1701401285991 0.6543527230238303 63
1701401309050 0.6593482494354248 64
1701401332146 0.3817828989181763 65
