1701317907954 0.3456375280394173 0
1701317936176 0.3252861709897357 1
1701317949320 0.35357355086901904 2
1701317963554 0.4030384924781476 3
1701317978050 0.43546968878594433 4
1701317993301 0.47226198987265766 5
1701318018130 0.5168548229788282 6
1701318031402 0.5313288529451243 7
1701318044566 0.619932565238306 8
1701318057968 0.6508648227564461 9
1701318072671 0.6851534295825651 10
1701318102740 0.7046377588826593 11
1701318118111 0.7705102300454681 12
1701318133528 0.7088261395015868 13
1701318148629 0.8009685248627454 14
1701318163037 0.711400096246213 15
1701318188529 0.8278865167365436 16
1701318202151 0.8242764948410861 17
1701318216101 0.8701657743209896 18
1701318230270 0.5889366420402828 19
1701318244752 0.8194675773888179 20
1701318269050 0.8276527438806971 21
1701318283111 0.8483213777735507 22
1701318298196 0.885230037466559 23
1701318311957 0.894848045982202 24
1701318326578 0.8835774527676575 25
1701318355739 0.8498713138833568 26
1701318371308 0.8996039685280469 27
1701318385107 0.8976381418111979 28
1701318400372 0.9303085104263658 29
1701318415958 0.9026968572396313 30
1701318439716 0.9415913712806212 31
1701318453699 0.9044567362745646 32
1701318469376 0.7249910280002748 33
1701318483202 0.8826198615781915 34
1701318497147 0.9315931574754966 35
1701318524025 0.876825714415423 36
1701318538257 0.9242312178953863 37
1701318553526 0.9525094988834278 38
1701318567032 0.9500442005701819 39
1701318580696 0.7969508320222873 40
1701318604317 0.8995827452487526 41
1701318617795 0.9530244609363204 42
1701318631269 0.9766698109858455 43
1701318644526 0.9306690462691289 44
1701318657863 0.8420659244825347 45
1701318682773 0.9638097382080387 46
1701318697678 0.9474293711492012 47
1701318711866 0.976406658140838 48
1701318725848 0.9870224849300224 49
1701318740334 0.994618160060737 50
1701318764322 0.9457325953796546 51
1701318778846 0.9909932283211026 52
1701318793244 0.9960646411613752 53
1701318809859 0.9968713264600103 54
1701318824276 0.9962665416696979 55
1701318848760 0.9984851003086042 56
1701318862466 0.9974791811919816 57
1701318876139 0.9983817894974081 58
1701318889885 0.9985853192125399 59
1701318903442 0.9990227568647119 60
