1701317907954 0.3566747106067952 0
1701317936176 0.3657314392017588 1
1701317949320 0.3936902587519026 2
1701317963554 0.4465162354134957 3
1701317978050 0.4818227634026721 4
1701317993301 0.49653841983267183 5
1701318018130 0.5204092565469751 6
1701318031402 0.5275465263711909 7
1701318044566 0.6064906023579416 8
1701318057968 0.636638571157477 9
1701318072671 0.670738670019763 10
1701318102740 0.6939946940590467 11
1701318118111 0.7621619654055203 12
1701318133528 0.7043212758697001 13
1701318148629 0.7972483255634372 14
1701318163037 0.7102518687074305 15
1701318188529 0.8275433129245687 16
1701318202151 0.8241160198760683 17
1701318216101 0.8681622968860538 18
1701318230270 0.5791185789020336 19
1701318244752 0.8180484475880663 20
1701318269050 0.8264198962086774 21
1701318283111 0.8478642272815238 22
1701318298196 0.8873039686816591 23
1701318311957 0.8945921990767722 24
1701318326578 0.8839651555959488 25
1701318355739 0.8520047792510455 26
1701318371308 0.8989183331259234 27
1701318385107 0.8958701484135578 28
1701318400372 0.9313685858000572 29
1701318415958 0.901800553549967 30
1701318439716 0.9414058413214322 31
1701318453699 0.906557564898201 32
1701318469376 0.722285151905741 33
1701318483202 0.8832450121658612 34
1701318497147 0.9322439217150343 35
1701318524025 0.8733340674332014 36
1701318538257 0.9234198948009175 37
1701318553526 0.9513756394280141 38
1701318567032 0.9495533198451164 39
1701318580696 0.7944015805014365 40
1701318604317 0.8999636476973835 41
1701318617795 0.9534865648086676 42
1701318631269 0.976453680475665 43
1701318644526 0.9289991108588405 44
1701318657863 0.8421124772013283 45
1701318682773 0.9634600625082941 46
1701318697678 0.9479893743220463 47
1701318711866 0.9760123764620291 48
1701318725848 0.9858160528927308 49
1701318740334 0.9942141915150368 50
1701318764322 0.9442163416336734 51
1701318778846 0.9911945737237295 52
1701318793244 0.99596146679573 53
1701318809859 0.9968680520713497 54
1701318824276 0.9961696638813667 55
1701318848760 0.9983827654148302 56
1701318862466 0.9973778609670033 57
1701318876139 0.9981819250009338 58
1701318889885 0.9983827654148302 59
1701318903442 0.9987210031959903 60
