1701317907954 0.35661601916475966 0
1701317936176 0.30358969662278196 1
1701317949320 0.3208765187902696 2
1701317963554 0.37381518585981244 3
1701317978050 0.4036890860089404 4
1701317993301 0.5615690971105304 5
1701318018130 0.6188394910355922 6
1701318031402 0.5932177602223685 7
1701318044566 0.6613392624799195 8
1701318057968 0.6880274001095005 9
1701318072671 0.7199131876186365 10
1701318102740 0.7248325439777769 11
1701318118111 0.7877139905638155 12
1701318133528 0.7178183455820206 13
1701318148629 0.8094546259867573 14
1701318163037 0.7184484474092031 15
1701318188529 0.8323530264331196 16
1701318202151 0.8268622727678642 17
1701318216101 0.8754400449445221 18
1701318230270 0.6281146987087148 19
1701318244752 0.8251017909232932 20
1701318269050 0.8307525505483234 21
1701318283111 0.8505982748753169 22
1701318298196 0.8859114302755117 23
1701318311957 0.8962367999616253 24
1701318326578 0.8838156308418624 25
1701318355739 0.8491146508276121 26
1701318371308 0.9013685552530464 27
1701318385107 0.9008452608756983 28
1701318400372 0.9304011786484554 29
1701318415958 0.9045175932701293 30
1701318439716 0.9421497878663804 31
1701318453699 0.9025517278442104 32
1701318469376 0.7279445738153322 33
1701318483202 0.8820330354836546 34
1701318497147 0.9310214680321426 35
1701318524025 0.8805999351227358 36
1701318538257 0.9250809686998789 37
1701318553526 0.953820035227061 38
1701318567032 0.9505463463904519 39
1701318580696 0.7997279434178601 40
1701318604317 0.8992609537122705 41
1701318617795 0.9527132388168763 42
1701318631269 0.9769165348125469 43
1701318644526 0.9325538624511868 44
1701318657863 0.8420500432095178 45
1701318682773 0.9643445849633018 46
1701318697678 0.9468810240649786 47
1701318711866 0.976806580330167 48
1701318725848 0.9882643926312379 49
1701318740334 0.9950260721258927 50
1701318764322 0.9473379819194397 51
1701318778846 0.9907928605496833 52
1701318793244 0.9961685645261956 53
1701318809859 0.9968753596773388 54
1701318824276 0.9963646806355806 55
1701318848760 0.9985878494507937 56
1701318862466 0.997580747931463 57
1701318876139 0.9985826454691167 58
1701318889885 0.9987888606444993 59
1701318903442 0.9993265742529985 60
