1701317907954 0.41851395730706076 0
1701317936176 0.4478653530377668 1
1701317949320 0.48111658456486045 2
1701317963554 0.5461822660098522 3
1701317978050 0.5892857142857143 4
1701317993301 0.5942118226600985 5
1701318018130 0.6028325123152709 6
1701318031402 0.5983169129720853 7
1701318044566 0.6564039408866995 8
1701318057968 0.6775451559934319 9
1701318072671 0.7054597701149425 10
1701318102740 0.7181855500821018 11
1701318118111 0.7764778325123153 12
1701318133528 0.7144909688013136 13
1701318148629 0.8027504105090312 14
1701318163037 0.7161330049261084 15
1701318188529 0.8282019704433498 16
1701318202151 0.8224548440065681 17
1701318216101 0.8669950738916257 18
1701318230270 0.6330049261083743 19
1701318244752 0.8171182266009852 20
1701318269050 0.8294334975369458 21
1701318283111 0.8438013136288999 22
1701318298196 0.8807471264367817 23
1701318311957 0.8920361247947455 24
1701318326578 0.8797208538587848 25
1701318355739 0.8503694581280788 26
1701318371308 0.8975779967159278 27
1701318385107 0.895320197044335 28
1701318400372 0.9271346469622331 29
1701318415958 0.9008620689655172 30
1701318439716 0.9400656814449918 31
1701318453699 0.9057881773399015 32
1701318469376 0.7241379310344828 33
1701318483202 0.8795155993431856 34
1701318497147 0.9285714285714286 35
1701318524025 0.8688423645320197 36
1701318538257 0.9211822660098522 37
1701318553526 0.9507389162561576 38
1701318567032 0.9462233169129721 39
1701318580696 0.8054187192118226 40
1701318604317 0.9006568144499179 41
1701318617795 0.9501231527093597 42
1701318631269 0.9761904761904762 43
1701318644526 0.9337027914614121 44
1701318657863 0.8333333333333334 45
1701318682773 0.9630541871921182 46
1701318697678 0.9482758620689655 47
1701318711866 0.9753694581280788 48
1701318725848 0.986863711001642 49
1701318740334 0.9946633825944171 50
1701318764322 0.9505336617405583 51
1701318778846 0.9909688013136289 52
1701318793244 0.9963054187192119 53
1701318809859 0.9969211822660099 54
1701318824276 0.9963054187192119 55
1701318848760 0.9987684729064039 56
1701318862466 0.9975369458128078 57
1701318876139 0.9987684729064039 58
1701318889885 0.9987684729064039 59
1701318903442 0.9991789819376026 60
