1701317908115 1.0561705629030864 0
1701317936358 1.0367196248127863 1
1701317949450 1.011689814237448 2
1701317964738 0.9379912232741331 3
1701317978195 0.8783921385422732 4
1701317993450 0.8544299862323663 5
1701318018278 0.8518536045001104 6
1701318031544 0.843419686341897 7
1701318044720 0.7626099953284631 8
1701318058116 0.7337245238132966 9
1701318072811 0.6772051996145493 10
1701318103084 0.6474893368207492 11
1701318118262 0.5459559506330735 12
1701318133677 0.6859041116176507 13
1701318148776 0.49740675015327257 14
1701318163168 0.6560336053371429 15
1701318188680 0.43801468992844605 16
1701318202296 0.4531380648796375 17
1701318216262 0.3657996742389141 18
1701318230407 0.9083940799419696 19
1701318244936 0.45359336336453754 20
1701318269202 0.4169343893344586 21
1701318283249 0.3972982068856557 22
1701318298345 0.30789127487402695 23
1701318312112 0.28688261486016786 24
1701318326727 0.33783291776974994 25
1701318355905 0.3745220279177794 26
1701318371448 0.2704827972711661 27
1701318385263 0.2720321991886848 28
1701318400493 0.2039729402615474 29
1701318416135 0.24718971626880842 30
1701318439847 0.16008887822047257 31
1701318453850 0.375028736411761 32
1701318469549 0.635250252026778 33
1701318483355 0.30588348630147105 34
1701318497337 0.20007610340148974 35
1701318524168 0.32714630778019244 36
1701318538398 0.2093619140676963 37
1701318553695 0.1514795951736279 38
1701318567179 0.14848495895663896 39
1701318580835 0.5688993013822116 40
1701318604476 0.25253926255764103 41
1701318617949 0.14405327892074218 42
1701318631427 0.08134576410819323 43
1701318644668 0.17446571378371653 44
1701318658013 0.41929964191065383 45
1701318682929 0.10990392297315292 46
1701318697811 0.13739084939544016 47
1701318712009 0.07017395626275967 48
1701318726011 0.042732225898175664 49
1701318740494 0.027663315682170484 50
1701318764480 0.13827771461831453 51
1701318778993 0.028915791873796247 52
1701318793388 0.018249624122220736 53
1701318810015 0.015160158539238648 54
1701318824782 0.016848090848025795 55
1701318848912 0.008422956868740492 56
1701318862620 0.009488024527971178 57
1701318876281 0.007710142180514641 58
1701318890024 0.006200524655958781 59
1701318903576 0.005335033190651582 60
