1700125433101 0.23077126457820654 0
1700125533437 0.35604929687071357 1
1700125621175 0.35157941012027777 2
1700125709057 0.35943067316438365 3
1700125797180 0.3534566589677519 4
1700125884905 0.35478944477639 5
1700125985360 0.37097718015181363 6
1700126073659 0.3636913902943884 7
1700126161445 0.3767207017779483 8
1700126244432 0.3699947236460969 9
1700126325873 0.37368529504898546 10
1700126419862 0.37843258377098116 11
1700126501970 0.3880107646501392 12
1700126584354 0.3873895134142326 13
1700126667202 0.39202710101284993 14
1700126751796 0.3891416518844233 15
1700126850476 0.3878807235319989 16
1700126936791 0.39127982572632775 17
1700127022360 0.40519764519523416 18
1700127107758 0.3979419079916516 19
1700127193282 0.40481210056397304 20
1700127291518 0.40674543032725047 21
1700127377094 0.4096448238271268 22
1700127462656 0.4094625455031435 23
1700127548004 0.4136806300979887 24
1700127634024 0.4029061784357526 25
1700127732613 0.41285826853960456 26
1700127820692 0.4152635964224893 27
1700127907709 0.4200139592056569 28
1700127996913 0.4199573175088475 29
1700128083105 0.41943061755933747 30
1700128182195 0.41016749677938374 31
1700128269381 0.41967405802592855 32
1700128353921 0.42340145929459266 33
1700128437575 0.4225361571284137 34
1700128523787 0.4187329335206729 35
1700128631023 0.41828715932360455 36
1700128718851 0.4224590937472614 37
1700128802188 0.4220022488499529 38
1700128885088 0.42583541339212333 39
1700128969922 0.4230875977553437 40
1700129066976 0.4302528696431716 41
1700129150462 0.4332248469646594 42
1700129233351 0.4224038895717121 43
1700129316015 0.42630260179061413 44
1700129399019 0.4262777579747023 45
1700129493722 0.4290525448059281 46
1700129576291 0.43155748952001755 47
1700129659437 0.42801398542817265 48
