1700125433091 0.3464644134271542 0
1700125533425 0.3552889606644365 1
1700125621164 0.354885223209136 2
1700125709047 0.3590956281001269 3
1700125797169 0.3533856269465913 4
1700125884894 0.3566732033683239 5
1700125985349 0.3724766409043719 6
1700126073647 0.36590148806090667 7
1700126161435 0.3806667435690391 8
1700126244423 0.36295997231514593 9
1700126325865 0.3773791671473065 10
1700126419853 0.37882108663052255 11
1700126501960 0.3907601799515515 12
1700126584346 0.3878763409851194 13
1700126667193 0.3922597762140962 14
1700126751788 0.3873572499711616 15
1700126850467 0.3894912908063214 16
1700126936778 0.395835736532472 17
1700127022351 0.4081208905294728 18
1700127107749 0.3976813934709886 19
1700127193273 0.40800553697081554 20
1700127291509 0.4062752335909563 21
1700127377086 0.4104856384819472 22
1700127462647 0.4137732149036798 23
1700127547995 0.4167724074287692 24
1700127634015 0.408409274426116 25
1700127732604 0.4154458415042104 26
1700127820682 0.41988695351251587 27
1700127907700 0.4228284692582766 28
1700127996904 0.42236705502364746 29
1700128083092 0.4244434190794786 30
1700128182186 0.4159072557388395 31
1700128269372 0.4247318029761218 32
1700128353912 0.42905756142577 33
1700128437566 0.42801937939785445 34
1700128523778 0.42415503518283537 35
1700128631013 0.42398200484484944 36
1700128718831 0.4273272580459107 37
1700128802179 0.42807705617718306 38
1700128885079 0.43199907717153074 39
1700128969912 0.430672511246972 40
1700129066967 0.4354596839312493 41
1700129150452 0.43926635136693964 42
1700129233342 0.4288268543084554 43
1700129316005 0.4339024108893759 44
1700129399009 0.4319414003922021 45
1700129493712 0.4356327142692352 46
1700129576283 0.4380551390010382 47
1700129659427 0.4354596839312493 48
