1700125433085 0.27260949252988653 0
1700125533420 0.2926560544009152 1
1700125621157 0.3406290543409776 2
1700125709043 0.3323611883045831 3
1700125797165 0.35071091781077546 4
1700125884888 0.3431269139017979 5
1700125985344 0.3467793338915073 6
1700126073641 0.3638832423760978 7
1700126161430 0.3690699037251002 8
1700126244417 0.3571960754890404 9
1700126325860 0.3683241241503738 10
1700126419849 0.37803426421873515 11
1700126501955 0.37974221853399537 12
1700126584340 0.3873215459948005 13
1700126667190 0.38805265289985513 14
1700126751784 0.38318714846015284 15
1700126850466 0.3854250108064954 16
1700126936775 0.3899529375273893 17
1700127022346 0.403776088842454 18
1700127107744 0.39261528377877775 19
1700127193267 0.4022641136225407 20
1700127291506 0.40583979433797585 21
1700127377081 0.4071212984136368 22
1700127462643 0.40812478256624907 23
1700127547990 0.41335496531694377 24
1700127634010 0.4031145368841305 25
1700127732599 0.4127344599815133 26
1700127820677 0.41255241049329733 27
1700127907695 0.42003384277750594 28
1700127996899 0.41987755151733835 29
1700128083086 0.420390181293607 30
1700128182181 0.4111805621616427 31
1700128269367 0.4191297130053215 32
1700128353907 0.4224218987035902 33
1700128437562 0.42323890973571027 34
1700128523773 0.4199794444100689 35
1700128631009 0.4183719560801016 36
1700128718827 0.42280989144705927 37
1700128802175 0.42318952200508614 38
1700128885075 0.4272055581904283 39
1700128969907 0.4236854117650635 40
1700129066962 0.43023052817476887 41
1700129150446 0.43421936655169896 42
1700129233337 0.4227085633034629 43
1700129316002 0.4275195973956884 44
1700129399004 0.42671451337592686 45
1700129493709 0.4305639698138028 46
1700129576279 0.43252700855302234 47
1700129659423 0.42951097862823606 48
