1700125433096 0.3352807714968331 0
1700125533431 0.3447615640816379 1
1700125621170 0.3506198522695548 2
1700125709052 0.351608841186958 3
1700125797174 0.35137129568454845 4
1700125884900 0.35165673556942795 5
1700125985354 0.36490341532652026 6
1700126073653 0.365323330978542 7
1700126161440 0.375970530748924 8
1700126244427 0.3607325626676596 9
1700126325869 0.3736259743384002 10
1700126419858 0.37787911040940436 11
1700126501965 0.38698681269926016 12
1700126584350 0.38725706562729423 13
1700126667198 0.38908833339309945 14
1700126751792 0.38403934468609435 15
1700126850472 0.3867247027934218 16
1700126936783 0.3933586189169019 17
1700127022355 0.40578979331359594 18
1700127107753 0.3941867883161216 19
1700127193277 0.4048858289939848 20
1700127291514 0.405213046409259 21
1700127377090 0.4077035405971701 22
1700127462652 0.41096503656445993 23
1700127547999 0.4148719267479553 24
1700127634019 0.4066598545199161 25
1700127732608 0.41387049444499263 26
1700127820687 0.41635886726597865 27
1700127907704 0.4212048072229477 28
1700127996909 0.420748835926698 29
1700128083100 0.42323684651542254 30
1700128182191 0.41470115236020266 31
1700128269376 0.4227510439885984 32
1700128353917 0.4263662136577582 33
1700128437571 0.42655316034333796 34
1700128523783 0.42324982822342366 35
1700128631018 0.42184963636534906 36
1700128718841 0.4257980270282635 37
1700128802184 0.42685647451975645 38
1700128885083 0.43129527137623996 39
1700128969917 0.42922317842322083 40
1700129066972 0.4333406956377816 41
1700129150457 0.43810731828344057 42
1700129233346 0.4266807996223288 43
1700129316010 0.4328625136525906 44
1700129399014 0.43028837895753336 45
1700129493717 0.4348107287178576 46
1700129576287 0.4365719176802498 47
1700129659432 0.4343085338324559 48
