1700125433102 1.099130442881496 0
1700125533439 1.0984180096770564 1
1700125621176 1.0979949106149567 2
1700125709058 1.0979895536750006 3
1700125797181 1.097826858508191 4
1700125884906 1.097865009219884 5
1700125985360 1.0974556139474425 6
1700126073661 1.0974871434848688 7
1700126161446 1.0970910774385798 8
1700126244433 1.0970934985748517 9
1700126325874 1.0969493655261078 10
1700126419863 1.0969277981022627 11
1700126501971 1.0966056664491493 12
1700126584355 1.0964751773654755 13
1700126667203 1.0963246415462 14
1700126751797 1.0962017732792675 15
1700126850477 1.0961230551184764 16
1700126936792 1.0958801888451806 17
1700127022362 1.095410304535799 18
1700127107758 1.0955306955809083 19
1700127193283 1.0952573843107891 20
1700127291519 1.0951198873924592 21
1700127377095 1.0947686858282757 22
1700127462658 1.09470287218305 23
1700127548005 1.09441504861156 24
1700127634024 1.0944641153310937 25
1700127732613 1.0941689689660865 26
1700127820694 1.0938829865402842 27
1700127907709 1.093531020233112 28
1700127996914 1.0933702579283626 29
1700128083106 1.0932482617367678 30
1700128182196 1.093047005224052 31
1700128269381 1.092821420338761 32
1700128353922 1.0925443882871817 33
1700128437575 1.0925480287893232 34
1700128523788 1.092427971618202 35
1700128631023 1.0921914062816718 36
1700128718853 1.0919793089817371 37
1700128802189 1.091805429696157 38
1700128885088 1.0915987436621832 39
1700128969923 1.0914643228713876 40
1700129066977 1.091215775901541 41
1700129150464 1.0909476394582938 42
1700129233353 1.091028144878655 43
1700129316016 1.090846878136216 44
1700129399021 1.0907857917331683 45
1700129493723 1.0902953979274004 46
1700129576293 1.0902126690998288 47
1700129659437 1.0901235245250689 48
