1701300040587 0.9964231625199318 0
1701300052525 0.614392101764679 1
1701300057349 0.3193952863415082 2
1701300062083 0.14528429446121058 3
1701300066609 0.07608287471036117 4
1701300071296 0.04895385059838494 5
1701300081550 0.036226282672335706 6
1701300086321 0.02931679009149472 7
1701300090926 0.02514514761666457 8
1701300098444 0.022513787417362135 9
1701300103004 0.020567178493365645 10
1701300113724 0.0192837657717367 11
1701300118622 0.01829939327823619 12
1701300123287 0.017625750585769612 13
1701300128239 0.017106149656077225 14
1701300132873 0.016646660941963393 15
1701300143790 0.016322930498669546 16
1701300148289 0.01609811233356595 17
1701300153112 0.015927115416464705 18
1701300157621 0.015742805243159335 19
1701300162117 0.015662487402247887 20
1701300172246 0.015541825521116456 21
1701300176889 0.015468695239784816 22
1701300181492 0.015393958776257932 23
1701300188078 0.015342185002130767 24
1701300196538 0.01530388230457902 25
1701300207697 0.015302941629973551 26
1701300212671 0.015253650567804774 27
1701300217482 0.015249048049251238 28
1701300222447 0.015224191981057325 29
1701300228723 0.015198178899784883 30
1701300239181 0.015214285541636249 31
1701300243890 0.015201159209633866 32
1701300248367 0.015183048012355963 33
1701300252880 0.015196177720402678 34
1701300257737 0.015182708234836658 35
1701300268410 0.015210113992604116 36
1701300272894 0.015155724133364856 37
1701300277880 0.015189597577167055 38
1701300282894 0.01516878119825075 39
1701300287490 0.015178014795916775 40
1701300297957 0.01516523736063391 41
1701300302413 0.015150192193686962 42
1701300307003 0.015176011986720065 43
1701300311351 0.01514403820813944 44
1701300315757 0.015178693574853241 45
1701300321672 0.015132859194030365 46
1701300326545 0.015174673909010986 47
1701300331205 0.015146090105796853 48
1701300335697 0.015171879863676926 49
1701300340169 0.015157398340913156 50
1701300350330 0.015172624300854901 51
1701300354662 0.015159180737100542 52
1701300359209 0.015172737961014112 53
1701300363567 0.015164705187392732 54
1701300368161 0.015145547726812461 55
1701300379366 0.015149647719226778 56
