1701300040448 0.5 0
1701300052299 1.0 1
1701300057219 1.0 2
1701300061950 1.0 3
1701300066475 1.0 4
1701300071164 1.0 5
1701300081366 1.0 6
1701300086191 1.0 7
1701300090797 1.0 8
1701300098249 1.0 9
1701300102882 1.0 10
1701300113560 1.0 11
1701300118494 1.0 12
1701300123156 1.0 13
1701300128097 1.0 14
1701300132741 1.0 15
1701300143578 1.0 16
1701300148149 1.0 17
1701300152729 1.0 18
1701300157486 1.0 19
1701300161960 1.0 20
1701300171900 1.0 21
1701300176753 1.0 22
1701300181344 1.0 23
1701300187612 1.0 24
1701300196383 1.0 25
1701300207554 1.0 26
1701300212543 1.0 27
1701300217340 1.0 28
1701300222305 1.0 29
1701300228585 1.0 30
1701300238998 1.0 31
1701300243689 1.0 32
1701300248228 1.0 33
1701300252744 1.0 34
1701300257585 1.0 35
1701300268249 1.0 36
1701300272759 1.0 37
1701300277735 1.0 38
1701300282728 1.0 39
1701300287332 1.0 40
1701300297755 1.0 41
1701300302259 1.0 42
1701300306870 1.0 43
1701300311216 1.0 44
1701300315625 1.0 45
1701300321533 1.0 46
1701300326399 1.0 47
1701300331066 1.0 48
1701300335543 1.0 49
1701300340034 1.0 50
1701300350068 1.0 51
1701300354527 1.0 52
1701300359080 1.0 53
1701300363433 1.0 54
1701300368013 1.0 55
1701300379119 1.0 56
