1701371453250 0.3782578989877831 0
1701371483038 0.41473668188736684 1
1701371497756 0.4453667343142229 2
1701371512846 0.4794514477684471 3
1701371527074 0.5587378057490286 4
1701371541550 0.5938837822867389 5
1701371569487 0.6195365827059885 6
1701371583798 0.6510455313664862 7
1701371597978 0.6850561027987582 8
1701371612047 0.7024876702756 9
1701371626388 0.7073647985504953 10
1701371650363 0.7293701204460609 11
1701371664392 0.7417600001163748 12
1701371678567 0.7711792761598862 13
1701371692403 0.7719395027379052 14
1701371706424 0.785193014395002 15
1701371730727 0.7874243714774328 16
1701371745100 0.8150333891557063 17
1701371759264 0.8131900895391614 18
1701371773337 0.8237990348585756 19
1701371787475 0.8430788367135525 20
1701371811673 0.8269313278761051 21
1701371826227 0.8457636557873104 22
1701371841082 0.8254334653249025 23
1701371855401 0.8784902956539824 24
1701371869744 0.8836511677931561 25
1701371893800 0.8540288293275055 26
1701371908124 0.8848471037592258 27
1701371922544 0.6259973715245458 28
1701371936925 0.8402659809374292 29
1701371951133 0.869354303043408 30
1701371974834 0.8930159924341351 31
1701371988927 0.8977320486679495 32
1701372003211 0.9075073458789142 33
1701372017383 0.928934293369282 34
1701372031541 0.8284520356489858 35
1701372054952 0.9120092227982776 36
1701372068885 0.9096646758126012 37
1701372082908 0.9399142879747459 38
1701372096884 0.9434731413486678 39
1701372111007 0.9227147677580936 40
1701372134471 0.9359614252198875 41
1701372148653 0.9462850645307758 42
1701372163072 0.9074582407731192 43
1701372177172 0.9651041141689533 44
1701372191742 0.9485964852364464 45
1701372217317 0.9541944168054249 46
1701372231866 0.950731787669262 47
1701372245929 0.9548780916519274 48
1701372260911 0.9273859512693584 49
1701372274871 0.7184190202066104 50
1701372298223 0.8626577800414558 51
1701372312157 0.9128288902553545 52
1701372326497 0.937128091886554 53
1701372340459 0.9349694842699723 54
1701372354501 0.9600969573991204 55
