1701371453250 0.38230220343953447 0
1701371483038 0.34510303189210906 1
1701371497756 0.37099927487728684 2
1701371512846 0.5753502248882102 3
1701371527074 0.6121332693849767 4
1701371541550 0.6286223751112517 5
1701371569487 0.647297746401106 6
1701371583798 0.6664204173447654 7
1701371597978 0.696820090308471 8
1701371612047 0.709455471706002 9
1701371626388 0.7154582964927793 10
1701371650363 0.7338738529175285 11
1701371664392 0.740535204854535 12
1701371678567 0.7739802538708198 13
1701371692403 0.7702422609104643 14
1701371706424 0.7822124936269598 15
1701371730727 0.7831986596002375 16
1701371745100 0.8148104181656096 17
1701371759264 0.8082072990879824 18
1701371773337 0.8181239925457121 19
1701371787475 0.8306119922239249 20
1701371811673 0.8171699330552822 21
1701371826227 0.8393886417568899 22
1701371841082 0.8153492887384898 23
1701371855401 0.8661379659343641 24
1701371869744 0.875828689323345 25
1701371893800 0.8449779797598497 26
1701371908124 0.880679778683153 27
1701371922544 0.693677501180761 28
1701371936925 0.8297533374357927 29
1701371951133 0.8618797282302899 30
1701371974834 0.8895770718744763 31
1701371988927 0.8859169862691948 32
1701372003211 0.89817046123581 33
1701372017383 0.9246943342727508 34
1701372031541 0.8263669647697046 35
1701372054952 0.9067781671489475 36
1701372068885 0.9015445894669925 37
1701372082908 0.933630957723865 38
1701372096884 0.9395221378868487 39
1701372111007 0.9191282993597679 40
1701372134471 0.9332817081648673 41
1701372148653 0.942657106547658 42
1701372163072 0.9048395432387731 43
1701372177172 0.9612347435867893 44
1701372191742 0.9446629330666889 45
1701372217317 0.9525777851318713 46
1701372231866 0.9506526273666159 47
1701372245929 0.9526678600393984 48
1701372260911 0.9228022299324149 49
1701372274871 0.7453057681677563 50
1701372298223 0.8580540186626283 51
1701372312157 0.9097083456977074 52
1701372326497 0.9333908915712529 53
1701372340459 0.9352047917226227 54
1701372354501 0.9600051126006458 55
