1701371453382 1.045828530540714 0
1701371483202 0.9960462094901444 1
1701371497890 0.9377360498750364 2
1701371512963 0.899855875349664 3
1701371527618 0.8462873643094843 4
1701371541673 0.8030886410118697 5
1701371569648 0.7816340977495367 6
1701371583916 0.7135907876027094 7
1701371598096 0.6825707036179381 8
1701371612178 0.6646448420239733 9
1701371626520 0.6371919323097576 10
1701371650496 0.6226201738630023 11
1701371664525 0.5981791754821678 12
1701371678699 0.5427062871394219 13
1701371692532 0.554751290903463 14
1701371706558 0.5332069081532491 15
1701371730862 0.49203783815557306 16
1701371745236 0.45245161710621473 17
1701371759397 0.46324195180620464 18
1701371773468 0.46832521511362746 19
1701371787605 0.423016504227341 20
1701371811797 0.45108515778919317 21
1701371826356 0.41829547711781095 22
1701371841202 0.46510458611822747 23
1701371855522 0.3270921680544104 24
1701371869880 0.30564239563105944 25
1701371893919 0.3960031543846254 26
1701371908258 0.3162204478081171 27
1701371922679 0.8154863459723336 28
1701371937047 0.4179938970641656 29
1701371951268 0.36493943747761964 30
1701371974971 0.28099046570140046 31
1701371989077 0.2930189412716147 32
1701372003343 0.25538656221968786 33
1701372017527 0.19892861113532798 34
1701372031678 0.4671256317720785 35
1701372055079 0.2718652586464758 36
1701372069016 0.2588015402872841 37
1701372083039 0.1731000262034404 38
1701372097013 0.16355575229246894 39
1701372111141 0.23306416410517383 40
1701372134600 0.17511167747343515 41
1701372148784 0.15472113194742373 42
1701372163212 0.27425241002558987 43
1701372177302 0.10196016985294107 44
1701372191867 0.14644137768728005 45
1701372217455 0.12786081875976804 46
1701372231998 0.1481866045528418 47
1701372246045 0.13744257027646165 48
1701372261041 0.29904059803282673 49
1701372275012 0.621579970438759 50
1701372298367 0.3979737874749419 51
1701372312282 0.2717696458778598 52
1701372326629 0.16868677232172583 53
1701372340590 0.18642807115691823 54
1701372354622 0.11257177521172282 55
