1701371453250 0.3460576696381599 0
1701371483038 0.3733253445648457 1
1701371497756 0.401670748136106 2
1701371512846 0.4630250253958916 3
1701371527074 0.5684418698588929 4
1701371541550 0.6033701291064851 5
1701371569487 0.6289065766409102 6
1701371583798 0.6567677022455456 7
1701371597978 0.6883816738634935 8
1701371612047 0.7033505618850896 9
1701371626388 0.7094352941761217 10
1701371650363 0.7295801442954423 11
1701371664392 0.7387974471193898 12
1701371678567 0.7699026815811679 13
1701371692403 0.7683837016308375 14
1701371706424 0.7823939449379994 15
1701371730727 0.7833581240464053 16
1701371745100 0.8132425729561907 17
1701371759264 0.8088933228085047 18
1701371773337 0.8198077558144682 19
1701371787475 0.8341521711344572 20
1701371811673 0.8205064243857857 21
1701371826227 0.8419524144115987 22
1701371841082 0.8179871897564229 23
1701371855401 0.8710045479653322 24
1701371869744 0.8787012072706747 25
1701371893800 0.8483140153977923 26
1701371908124 0.8821220735618507 27
1701371922544 0.6417584786949058 28
1701371936925 0.833795090288611 29
1701371951133 0.8651805850125148 30
1701371974834 0.8908902858314823 31
1701371988927 0.8909226692040472 32
1701372003211 0.9020263649824981 33
1701372017383 0.9266974768554149 34
1701372031541 0.8260984598885943 35
1701372054952 0.908969301352363 36
1701372068885 0.9051807381237486 37
1701372082908 0.9365122491925156 38
1701372096884 0.9413620190412718 39
1701372111007 0.9204214562534263 40
1701372134471 0.9345655595311966 41
1701372148653 0.9443874177029201 42
1701372163072 0.9059428092363896 43
1701372177172 0.9630885704332014 44
1701372191742 0.9465260048318038 45
1701372217317 0.9533509055825119 46
1701372231866 0.9506436288233725 47
1701372245929 0.953670139331118 48
1701372260911 0.92469706193419 49
1701372274871 0.7270210287910772 50
1701372298223 0.8591269688777032 51
1701372312157 0.911125881979992 52
1701372326497 0.9351835492232764 53
1701372340459 0.9350669747613343 54
1701372354501 0.9600177053948685 55
