1701371453250 0.458128078817734 0
1701371483038 0.5073891625615764 1
1701371497756 0.5447454844006568 2
1701371512846 0.5673234811165846 3
1701371527074 0.6151477832512315 4
1701371541550 0.6344417077175698 5
1701371569487 0.6496305418719212 6
1701371583798 0.6777504105090312 7
1701371597978 0.7034072249589491 8
1701371612047 0.7163382594417077 9
1701371626388 0.7259852216748769 10
1701371650363 0.7405582922824302 11
1701371664392 0.7473316912972086 12
1701371678567 0.7791461412151067 13
1701371692403 0.7721674876847291 14
1701371706424 0.7900246305418719 15
1701371730727 0.7945402298850575 16
1701371745100 0.8171182266009852 17
1701371759264 0.8146551724137931 18
1701371773337 0.8251231527093597 19
1701371787475 0.8364121510673235 20
1701371811673 0.8245073891625616 21
1701371826227 0.8454433497536946 22
1701371841082 0.8222495894909688 23
1701371855401 0.874384236453202 24
1701371869744 0.8834154351395731 25
1701371893800 0.8522167487684729 26
1701371908124 0.8846469622331691 27
1701371922544 0.6748768472906403 28
1701371936925 0.8343596059113301 29
1701371951133 0.8653530377668309 30
1701371974834 0.8940886699507389 31
1701371988927 0.8961412151067324 32
1701372003211 0.9051724137931034 33
1701372017383 0.9275451559934319 34
1701372031541 0.8284072249589491 35
1701372054952 0.9137931034482759 36
1701372068885 0.9084564860426929 37
1701372082908 0.9402709359605911 38
1701372096884 0.9445812807881774 39
1701372111007 0.9220032840722496 40
1701372134471 0.9363711001642037 41
1701372148653 0.9447865353037767 42
1701372163072 0.9133825944170771 43
1701372177172 0.9640804597701149 44
1701372191742 0.9478653530377669 45
1701372217317 0.9544334975369458 46
1701372231866 0.9556650246305419 47
1701372245929 0.9550492610837439 48
1701372260911 0.9269293924466339 49
1701372274871 0.7446633825944171 50
1701372298223 0.8610426929392446 51
1701372312157 0.9123563218390804 52
1701372326497 0.937807881773399 53
1701372340459 0.9363711001642037 54
1701372354501 0.9626436781609196 55
