1701370950006 0.3371229307693077 0
1701370968530 0.3192561069149178 1
1701370974993 0.3389309682222677 2
1701370980806 0.3379221725716491 3
1701370986419 0.34113251956626595 4
1701370991934 0.33418017287128027 5
1701371009823 0.34010244709630516 6
1701371015613 0.32999821079494435 7
1701371021269 0.3387750307756194 8
1701371026769 0.33243103509520344 9
1701371032161 0.33888602088397324 10
1701371050048 0.336874762573248 11
1701371055704 0.33026567311867944 12
1701371061220 0.33436606029827654 13
1701371066631 0.33878326409127707 14
1701371071999 0.33622346266386965 15
1701371089620 0.3357894862692367 16
1701371095348 0.337935399394079 17
1701371101242 0.3369134694902239 18
1701371106689 0.3392845650027592 19
1701371112061 0.3403317809073341 20
1701371125826 0.3360720497184411 21
1701371131357 0.32949258656812436 22
1701371136891 0.33727741988377113 23
1701371142328 0.3362985684046848 24
1701371147666 0.3355853889305318 25
1701371161668 0.3396991517261079 26
1701371167271 0.33597461024429814 27
1701371172812 0.3330637462625556 28
1701371178266 0.3339436131361877 29
1701371183639 0.33814181052415465 30
1701371197126 0.33941557135509565 31
1701371202550 0.3345659076141532 32
1701371207955 0.34144789312315615 33
1701371213376 0.3383275027456499 34
1701371218718 0.33530830555677 35
1701371232957 0.33830416307268624 36
1701371238564 0.33938272516718665 37
1701371244050 0.33538261492895605 38
1701371249448 0.34156276935615776 39
1701371254750 0.3372226064391806 40
1701371268508 0.3357233346129196 41
1701371274059 0.33726426228287393 42
1701371279606 0.3416866493744532 43
1701371285016 0.33674525010224937 44
1701371290354 0.33830111951600134 45
1701371304030 0.33496217944579976 46
1701371309635 0.3335630063019488 47
1701371315066 0.34146390094541607 48
1701371320434 0.33552827346202957 49
1701371325803 0.33594238335212695 50
1701371339473 0.3391655193492625 51
1701371344932 0.3365741195463965 52
1701371350335 0.33741218680232293 53
1701371355689 0.33926017595183094 54
1701371360970 0.33580242172161395 55
1701371374797 0.34201844892149075 56
1701371380247 0.3375824524935332 57
1701371385575 0.33357707913111473 58
1701371390883 0.3386901283334561 59
1701371395987 0.33554119723221915 60
1701371409355 0.3398138403284208 61
1701371414815 0.3369149495873483 62
1701371420171 0.337115157288805 63
1701371425343 0.33850652556005123 64
1701371430488 0.33703949577224507 65
