1701370950006 0.42426108374384236 0
1701370968530 0.45894909688013136 1
1701370974993 0.46941707717569786 2
1701370980806 0.472495894909688 3
1701370986419 0.4768062397372742 4
1701370991934 0.4710591133004926 5
1701371009823 0.4768062397372742 6
1701371015613 0.46469622331691296 7
1701371021269 0.47516420361247946 8
1701371026769 0.46941707717569786 9
1701371032161 0.47783251231527096 10
1701371050048 0.4757799671592775 11
1701371055704 0.4663382594417077 12
1701371061220 0.4714696223316913 13
1701371066631 0.47516420361247946 14
1701371071999 0.4733169129720854 15
1701371089620 0.472495894909688 16
1701371095348 0.4755747126436782 17
1701371101242 0.47393267651888343 18
1701371106689 0.47701149425287354 19
1701371112061 0.4780377668308703 20
1701371125826 0.47393267651888343 21
1701371131357 0.465311986863711 22
1701371136891 0.4753694581280788 23
1701371142328 0.47372742200328405 24
1701371147666 0.4733169129720854 25
1701371161668 0.4768062397372742 26
1701371167271 0.4729064039408867 27
1701371172812 0.4700328407224959 28
1701371178266 0.47044334975369456 29
1701371183639 0.4766009852216749 30
1701371197126 0.47619047619047616 31
1701371202550 0.47126436781609193 32
1701371207955 0.47865353037766833 33
1701371213376 0.47516420361247946 34
1701371218718 0.47188013136289 35
1701371232957 0.47619047619047616 36
1701371238564 0.4766009852216749 37
1701371244050 0.4722906403940887 38
1701371249448 0.4782430213464696 39
1701371254750 0.47372742200328405 40
1701371268508 0.4722906403940887 41
1701371274059 0.47413793103448276 42
1701371279606 0.47967980295566504 43
1701371285016 0.47393267651888343 44
1701371290354 0.47598522167487683 45
1701371304030 0.4720853858784893 46
1701371309635 0.4708538587848933 47
1701371315066 0.4800903119868637 48
1701371320434 0.4722906403940887 49
1701371325803 0.4735221674876847 50
1701371339473 0.4772167487684729 51
1701371344932 0.4733169129720854 52
1701371350335 0.47495894909688013 53
1701371355689 0.4776272577996716 54
1701371360970 0.4729064039408867 55
1701371374797 0.47988505747126436 56
1701371380247 0.47516420361247946 57
1701371385575 0.4696223316912972 58
1701371390883 0.47619047619047616 59
1701371395987 0.4722906403940887 60
1701371409355 0.4772167487684729 61
1701371414815 0.4743431855500821 62
1701371420171 0.4755747126436782 63
1701371425343 0.4755747126436782 64
1701371430488 0.47516420361247946 65
