1701370950006 0.3641816019669597 0
1701370968530 0.3741257398951463 1
1701370974993 0.38314806358870285 2
1701370980806 0.38549602570607133 3
1701370986419 0.3890082868256384 4
1701370991934 0.3842092000676476 5
1701371009823 0.38896169457128354 6
1701371015613 0.37903272450532727 7
1701371021269 0.3876111956705564 8
1701371026769 0.3828464400473533 9
1701371032161 0.38972391341112805 10
1701371050048 0.3880278200575004 11
1701371055704 0.38033908337561306 12
1701371061220 0.3845327245053272 13
1701371066631 0.3876136478944698 14
1701371071999 0.38606705564011495 15
1701371089620 0.3853954845256215 16
1701371095348 0.38790774564518854 17
1701371101242 0.3865768645357686 18
1701371106689 0.3890866734314223 19
1701371112061 0.3899396245560629 20
1701371125826 0.3865449856248943 21
1701371131357 0.37950084559445285 22
1701371136891 0.3877190089633012 23
1701371142328 0.38638322340605447 24
1701371147666 0.3860400811770675 25
1701371161668 0.3889420767799763 26
1701371167271 0.38573372230678166 27
1701371172812 0.3833537967190936 28
1701371178266 0.38371165229156096 29
1701371183639 0.388723913411128 30
1701371197126 0.38844698122780313 31
1701371202550 0.38438812785388127 32
1701371207955 0.39046905124302383 33
1701371213376 0.3875989345509893 34
1701371218718 0.38490038897344836 35
1701371232957 0.38840284119736174 36
1701371238564 0.3887656012176561 37
1701371244050 0.3852190089633012 38
1701371249448 0.39014552680534414 39
1701371254750 0.38642000676475563 40
1701371268508 0.3852361745306951 41
1701371274059 0.3867484356502621 42
1701371279606 0.3912852190089633 43
1701371285016 0.3865646034162016 44
1701371290354 0.38824598342634875 45
1701371304030 0.3850449856248943 46
1701371309635 0.38402291560967355 47
1701371315066 0.39159403010316246 48
1701371320434 0.3852214611872146 49
1701371325803 0.3862141045154744 50
1701371339473 0.3892484356502621 51
1701371344932 0.3860719600879418 52
1701371350335 0.3874028411973618 53
1701371355689 0.38957196008794187 54
1701371360970 0.38572391341112805 55
1701371374797 0.39145433789954337 56
1701371380247 0.3875695078640284 57
1701371385575 0.38304743784880774 58
1701371390883 0.38842245898866906 59
1701371395987 0.38522881785895485 60
1701371409355 0.3892680534415694 61
1701371414815 0.38689548452562156 62
1701371420171 0.3878783189582276 63
1701371425343 0.38792491121258244 64
1701371430488 0.38754498562489426 65
