1701370950006 0.3865155576174805 0
1701370968530 0.33258037572584614 1
1701370974993 0.3271641208762774 2
1701370980806 0.3341011179839019 3
1701370986419 0.3391536987000572 4
1701370991934 0.33699527623927034 5
1701371009823 0.34104474186931194 6
1701371015613 0.3319311825937441 7
1701371021269 0.34116980744631836 8
1701371026769 0.3369066257681779 9
1701371032161 0.3436556196975486 10
1701371050048 0.3432349509249353 11
1701371055704 0.33377995642701525 12
1701371061220 0.3394524170601467 13
1701371066631 0.34064415544722904 14
1701371071999 0.3382950821871405 15
1701371089620 0.339581706544618 16
1701371095348 0.3411443337556144 17
1701371101242 0.33905619532121706 18
1701371106689 0.34330618154488884 19
1701371112061 0.3428049964700098 20
1701371125826 0.33988780431040605 21
1701371131357 0.3329520697167756 22
1701371136891 0.34206650435428915 23
1701371142328 0.3416514894931357 24
1701371147666 0.3397275868660312 25
1701371161668 0.34231601731601735 26
1701371167271 0.3379958547419583 27
1701371172812 0.3377469619026318 28
1701371178266 0.3371422388140453 29
1701371183639 0.34273900548679376 30
1701371197126 0.34145350765004023 31
1701371202550 0.33624918765184647 32
1701371207955 0.3425094975238992 33
1701371213376 0.34028096699021493 34
1701371218718 0.3368455426824542 35
1701371232957 0.34287538313852534 36
1701371238564 0.34294256010629703 37
1701371244050 0.33947697665965015 38
1701371249448 0.34301997014749047 39
1701371254750 0.34027598612544435 40
1701371268508 0.3380180506504875 41
1701371274059 0.33997832530324984 42
1701371279606 0.34407578448153225 43
1701371285016 0.34076730667287575 44
1701371290354 0.34121313869486886 45
1701371304030 0.3385871153416406 46
1701371309635 0.3376887273560362 47
1701371315066 0.34646806404632846 48
1701371320434 0.34015250544662307 49
1701371325803 0.3400142576183336 50
1701371339473 0.34254324813678255 51
1701371344932 0.3401990446792163 52
1701371350335 0.34062460966116054 53
1701371355689 0.3440705476283736 54
1701371360970 0.3390353554208864 55
1701371374797 0.3454288586835886 56
1701371380247 0.34119729966279994 57
1701371385575 0.33708111169179483 58
1701371390883 0.3411973173330292 59
1701371395987 0.338296554324601 60
1701371409355 0.34327709348251667 61
1701371414815 0.34100747536719594 62
1701371420171 0.34159149927633453 63
1701371425343 0.3418198956407667 64
1701371430488 0.34291197226693076 65
