1701370950126 1.0733683222259571 0
1701370968679 1.0494815485150206 1
1701370975109 1.045267617390826 2
1701370980924 1.0438261522966272 3
1701370986534 1.0435862182791715 4
1701370992051 1.0428639299729292 5
1701371009968 1.0426663982322792 6
1701371015730 1.0424011357469496 7
1701371021384 1.0429576315910987 8
1701371026887 1.0436729438164656 9
1701371032277 1.0429611525504419 10
1701371050199 1.0426202541083291 11
1701371055819 1.042690775363274 12
1701371061338 1.0426648672110115 13
1701371066747 1.0428966665579602 14
1701371072114 1.0422435363912894 15
1701371089762 1.0434042121849807 16
1701371095473 1.0420828040908365 17
1701371101359 1.04263778566535 18
1701371106806 1.0436571318339678 19
1701371112178 1.0436152367810019 20
1701371125943 1.042434887948379 21
1701371131472 1.0428759186875587 22
1701371137008 1.0429299423118044 23
1701371142445 1.0426770133130692 24
1701371147783 1.0422350292891458 25
1701371161785 1.0426066591848735 26
1701371167386 1.0430323571161506 27
1701371172930 1.0427276090858808 28
1701371178383 1.043140647458095 29
1701371183762 1.0423298906656653 30
1701371197242 1.042413179001777 31
1701371202665 1.0428887757600522 32
1701371208070 1.043064519860386 33
1701371213490 1.0443009169273128 34
1701371218832 1.0431154463805405 35
1701371233075 1.0428370249037648 36
1701371238680 1.0422247184647455 37
1701371244166 1.042560336246989 38
1701371249563 1.0424914332776287 39
1701371254866 1.0427371688138425 40
1701371268624 1.04268396679872 41
1701371274175 1.0429242241616343 42
1701371279724 1.0426509127118229 43
1701371285137 1.042552288451226 44
1701371290484 1.0431403509931627 45
1701371304147 1.042676467131945 46
1701371309752 1.0428060978845832 47
1701371315186 1.042791244640849 48
1701371320556 1.0423049299545537 49
1701371325920 1.0430547832663541 50
1701371339589 1.0423410437465492 51
1701371345047 1.042893062619602 52
1701371350451 1.042841148532294 53
1701371355805 1.043142879710478 54
1701371361450 1.042380904839709 55
1701371374915 1.0429986465990153 56
1701371380364 1.0423819878522087 57
1701371385689 1.0431759750920964 58
1701371390999 1.0419739839298274 59
1701371396101 1.0432367881918265 60
1701371409472 1.042517427915062 61
1701371414932 1.0423830887850594 62
1701371420288 1.0424954045831767 63
1701371425459 1.0425510371432585 64
1701371430605 1.0430414197491664 65
