1701391795944 0.4434576590189139 0
1701391837043 0.37568315533339386 1
1701391860474 0.36815451169848323 2
1701391883968 0.3600972444754668 3
1701391907448 0.3693182450444576 4
1701391930896 0.37078908301929886 5
1701391970627 0.38022045526250386 6
1701391994163 0.3834632034632035 7
1701392017740 0.3887703731753998 8
1701392043555 0.3943507437279346 9
1701392066960 0.37420570394435115 10
1701392104122 0.41511812374051366 11
1701392127490 0.4033975655266487 12
1701392150544 0.4236939267418247 13
1701392173814 0.41711483468328203 14
1701392197112 0.6696791021604004 15
1701392234963 0.629301336362301 16
1701392258553 0.6449029046826272 17
1701392282159 0.6757860345002175 18
1701392305475 0.6644045078814899 19
1701392328918 0.6632540508708337 20
1701392366004 0.6729737668006598 21
1701392389718 0.6988995163922459 22
1701392412781 0.6993188791494257 23
1701392436215 0.7106686347732992 24
1701392459599 0.7082797187506032 25
1701392496541 0.7076798099633065 26
1701392519879 0.7121028864883309 27
1701392543032 0.750441475527379 28
1701392566996 0.7440164121404255 29
1701392590511 0.7502507036879855 30
1701392627421 0.7345410685715175 31
1701392650517 0.7672174385056648 32
1701392673632 0.7734513261769677 33
1701392696677 0.7927122005010135 34
1701392720002 0.7534378527566616 35
1701392757312 0.7814114751822895 36
1701392780635 0.7913439476065091 37
1701392803918 0.798668153982501 38
1701392828455 0.820977964716553 39
1701392852477 0.8073578120075426 40
1701392889904 0.8252160065832953 41
1701392913235 0.850408568390128 42
1701392936565 0.7988060500307039 43
1701392959917 0.7638291678111567 44
1701392983630 0.8476995178236599 45
1701393020637 0.8170680583490731 46
1701393043461 0.8193240410150412 47
1701393066914 0.8677208239922652 48
1701393090259 0.8693363875123894 49
1701393113881 0.8416418690458837 50
1701393151387 0.8493990317212164 51
1701393174787 0.8450946939156591 52
1701393198226 0.8875849471770407 53
1701393221617 0.8264343288188956 54
1701393244974 0.8564233123050768 55
