1701391795944 0.3313578727471384 0
1701391837043 0.3919491797733807 1
1701391860474 0.40280720446473867 2
1701391883968 0.4174153559952647 3
1701391907448 0.4282193472010824 4
1701391930896 0.44446473871131403 5
1701391970627 0.45279071537290716 6
1701391994163 0.4636046000338238 7
1701392017740 0.4675383899881617 8
1701392043555 0.47273448334178925 9
1701392066960 0.457393877896161 10
1701392104122 0.49558506680196174 11
1701392127490 0.4838767123287671 12
1701392150544 0.5024380179266025 13
1701392173814 0.4938031456113648 14
1701392197112 0.4962757835450886 15
1701392234963 0.512743274614729 16
1701392258553 0.530801370895371 17
1701392282159 0.5695031732785395 18
1701392305475 0.6056413630269316 19
1701392328918 0.6179592259235045 20
1701392366004 0.6455636417284815 21
1701392389718 0.6653285547392425 22
1701392412781 0.6727761132424597 23
1701392436215 0.6870021357594855 24
1701392459599 0.6891568135673518 25
1701392496541 0.6941769338350965 26
1701392519879 0.7001816686947794 27
1701392543032 0.7381329385223739 28
1701392566996 0.7410068999944253 29
1701392590511 0.737625612164397 30
1701392627421 0.7311620504342189 31
1701392650517 0.7633252472542581 32
1701392673632 0.7667206188775348 33
1701392696677 0.7904038210921102 34
1701392720002 0.7259158895362706 35
1701392757312 0.7848621029718187 36
1701392780635 0.791566630778174 37
1701392803918 0.8006859299840285 38
1701392828455 0.8205280971046508 39
1701392852477 0.8087964677614533 40
1701392889904 0.8285236648194979 41
1701392913235 0.8519681957942516 42
1701392936565 0.8015991695530437 43
1701392959917 0.7667253234234543 44
1701392983630 0.8486169945151797 45
1701393020637 0.7926963507859899 46
1701393043461 0.8162163313101009 47
1701393066914 0.8694158813712632 48
1701393090259 0.870665451488312 49
1701393113881 0.803945000509609 50
1701393151387 0.8524111225796619 51
1701393174787 0.8451478684731794 52
1701393198226 0.8899035049092342 53
1701393221617 0.781903755021245 54
1701393244974 0.8631510954342968 55
