1701391796039 1.0814766119687984 0
1701391837165 1.0385211767294469 1
1701391860566 1.0370987072969093 2
1701391884060 1.0233678741332812 3
1701391907537 1.01150536384338 4
1701391930986 0.9883766052050468 5
1701391970735 0.9635888169973325 6
1701391994256 0.9316051434247922 7
1701392017831 0.9190919735492804 8
1701392043646 0.9083342613318027 9
1701392067062 0.9885612863760728 10
1701392104213 0.8876194846935761 11
1701392127583 0.8949733376502991 12
1701392150636 0.8467067235555404 13
1701392173905 0.8588810807619339 14
1701392197203 0.8371642705721732 15
1701392235056 0.8183848888446124 16
1701392258646 0.8254751150424664 17
1701392282250 0.7791275045810602 18
1701392305562 0.7500758400330176 19
1701392329011 0.745997795691857 20
1701392366094 0.73361096626673 21
1701392389805 0.6745083821125519 22
1701392412872 0.68969298631717 23
1701392436309 0.6593201878743294 24
1701392459691 0.6959068996784015 25
1701392496631 0.6634144630187597 26
1701392519969 0.6572437744874221 27
1701392543126 0.5851036799259675 28
1701392567087 0.5982105663189521 29
1701392590603 0.5926394210411952 30
1701392627513 0.5993270866381817 31
1701392650607 0.5439713987020346 32
1701392673723 0.5509032492454236 33
1701392696768 0.49831842764829976 34
1701392720094 0.6673026084899902 35
1701392757407 0.5099890117461865 36
1701392780729 0.5229731102784475 37
1701392804010 0.4819039144577124 38
1701392828556 0.4491407695489052 39
1701392852573 0.45973684237553525 40
1701392889991 0.4246134070249704 41
1701392913327 0.38018278242685855 42
1701392936654 0.49006909132003784 43
1701392960010 0.5661272972058027 44
1701392983726 0.3800839139864995 45
1701393020725 0.5786256667895194 46
1701393043553 0.5065487588827426 47
1701393067009 0.34190521599390566 48
1701393090351 0.3758033483456343 49
1701393113980 0.5047161028935359 50
1701393151475 0.40051641448950154 51
1701393174880 0.4178598259504025 52
1701393198316 0.29788518257630175 53
1701393221710 0.552990511059761 54
1701393245070 0.34348489611576766 55
