1701391795944 0.2521340311950849 0
1701391837043 0.32622492292262956 1
1701391860474 0.347029454319078 2
1701391883968 0.3715762418142437 3
1701391907448 0.3826303030471457 4
1701391930896 0.4005642685718631 5
1701391970627 0.4081769195488403 6
1701391994163 0.4179528100990871 7
1701392017740 0.4216043985945869 8
1701392043555 0.42660142344153007 9
1701392066960 0.4114072331432264 10
1701392104122 0.44788382345657723 11
1701392127490 0.4369876880900167 12
1701392150544 0.4547101938466434 13
1701392173814 0.4464533905740565 14
1701392197112 0.4505520446481695 15
1701392234963 0.48275775866039633 16
1701392258553 0.517942250028844 17
1701392282159 0.5721825888144373 18
1701392305475 0.6165478615978047 19
1701392328918 0.6291580082919127 20
1701392366004 0.6545800498736525 21
1701392389718 0.6758573533478813 22
1701392412781 0.6816314569380365 23
1701392436215 0.6948407654545526 24
1701392459599 0.696388908823533 25
1701392496541 0.6993408665446689 26
1701392519879 0.7041278956002223 27
1701392543032 0.7426602516867553 28
1701392566996 0.7414593819320036 29
1701392590511 0.7417247522580066 30
1701392627421 0.7316055617332332 31
1701392650517 0.7639928285421033 32
1701392673632 0.7682307362645235 33
1701392696677 0.7900327147510241 34
1701392720002 0.7357423368955187 35
1701392757312 0.7817703280325827 36
1701392780635 0.7900681529234762 37
1701392803918 0.7983169458513754 38
1701392828455 0.819729006705178 39
1701392852477 0.8069153149653375 40
1701392889904 0.8258287240881886 41
1701392913235 0.850002004709439 42
1701392936565 0.7985714134530508 43
1701392959917 0.7646664952044127 44
1701392983630 0.8472397974489612 45
1701393020637 0.8017879897922119 46
1701393043461 0.8172360840403544 47
1701393066914 0.8676803102594421 48
1701393090259 0.8689317843598657 49
1701393113881 0.8173752463945245 50
1701393151387 0.8485008841119527 51
1701393174787 0.8443241947215281 52
1701393198226 0.8881952133802055 53
1701393221617 0.796352379393192 54
1701393244974 0.8587859829122687 55
