1701391795944 0.3768472906403941 0
1701391837043 0.48111658456486045 1
1701391860474 0.49404761904761907 2
1701391883968 0.5112889983579638 3
1701391907448 0.5244252873563219 4
1701391930896 0.5437192118226601 5
1701391970627 0.5539819376026273 6
1701391994163 0.5669129720853858 7
1701392017740 0.5718390804597702 8
1701392043555 0.5782019704433498 9
1701392066960 0.5591133004926109 10
1701392104122 0.6061165845648604 11
1701392127490 0.5917487684729064 12
1701392150544 0.6145320197044335 13
1701392173814 0.604064039408867 14
1701392197112 0.6063218390804598 15
1701392234963 0.6165845648604269 16
1701392258553 0.624384236453202 17
1701392282159 0.6510673234811166 18
1701392305475 0.666256157635468 19
1701392328918 0.6670771756978654 20
1701392366004 0.6814449917898193 21
1701392389718 0.7058702791461412 22
1701392412781 0.7046387520525451 23
1701392436215 0.7185960591133005 24
1701392459599 0.7171592775041051 25
1701392496541 0.7198275862068966 26
1701392519879 0.7183908045977011 27
1701392543032 0.7563628899835796 28
1701392566996 0.7536945812807881 29
1701392590511 0.7516420361247947 30
1701392627421 0.7473316912972086 31
1701392650517 0.7760673234811166 32
1701392673632 0.7772988505747126 33
1701392696677 0.7963875205254516 34
1701392720002 0.7606732348111659 35
1701392757312 0.7937192118226601 36
1701392780635 0.7953612479474549 37
1701392803918 0.805008210180624 38
1701392828455 0.8230706075533661 39
1701392852477 0.8109605911330049 40
1701392889904 0.8335385878489326 41
1701392913235 0.8550903119868637 42
1701392936565 0.8043924466338259 43
1701392959917 0.7725779967159278 44
1701392983630 0.8497536945812808 45
1701393020637 0.8179392446633826 46
1701393043461 0.8212233169129721 47
1701393066914 0.8704844006568144 48
1701393090259 0.8713054187192119 49
1701393113881 0.8378489326765188 50
1701393151387 0.8503694581280788 51
1701393174787 0.8524220032840722 52
1701393198226 0.8908045977011494 53
1701393221617 0.8247126436781609 54
1701393244974 0.8669950738916257 55
