1701320622162 1.055447783225622 0
1701320681178 1.0426260508023775 1
1701320714792 1.0433927453481233 2
1701320749972 1.042479048936795 3
1701320784275 1.0430913063196035 4
1701320817425 1.0335122514993718 5
1701320873527 1.0317241855156727 6
1701320909093 1.0233841248047657 7
1701320944581 1.0145813257266314 8
1701320980434 0.9919364559344757 9
1701321015087 0.9588249111786867 10
1701321071387 0.9337039421766232 11
1701321102199 0.9103634311602666 12
1701321131583 0.894272084419544 13
1701321160619 0.8891693735734011 14
1701321181921 0.879082244176131 15
1701321216011 0.8591698346993862 16
1701321237788 0.8395892458084302 17
1701321259994 0.8322322307488857 18
1701321282531 0.8340589281840202 19
1701321304145 0.8139543884839767 20
1701321342750 0.7986819744110107 21
1701321364404 0.8080160342730008 22
1701321385632 0.7635129980551891 23
1701321406920 0.7827348984204806 24
1701321428372 0.7753947866268647 25
1701321466325 0.7434509075604953 26
1701321489772 0.8017981954109974 27
1701321512152 0.7561826140452654 28
1701321535211 0.7423220017017462 29
1701321557900 0.7038063254111853 30
1701321593464 0.7019007274737725 31
1701321614651 0.7288515460796845 32
1701321635845 0.6750198342861273 33
1701321656966 0.6440691183774899 34
1701321677935 0.6550752321879069 35
1701321714424 0.6534790664147108 36
1701321737851 0.6287042720195575 37
1701321760134 0.6385969374424372 38
1701321782883 0.606635488760777 39
1701321804514 0.6127132528867477 40
1701321840156 0.6226539825781797 41
1701321862063 0.5854546366593777 42
1701321884357 0.5818864878935691 43
1701321904317 0.5802741585633694 44
1701321923823 0.5360122926724262 45
1701321959052 0.48552908041538334 46
1701321980602 0.5280827440512486 47
1701322002129 0.5060953176938571 48
1701322023869 0.4813167483378679 49
1701322045543 0.5470230999665383 50
1701322081346 0.5333408461167262 51
1701322102876 0.49474131220426315 52
1701322124400 0.4325937303977135 53
1701322146431 0.485869077535776 54
1701322169531 0.4011825430087554 55
1701322205215 0.42198042571544647 56
1701322226964 0.597176808768358 57
1701322248377 0.3755881644976445 58
1701322270075 0.38115660502360416 59
1701322291838 0.3627912325736804 60
1701322327372 0.3271290510892868 61
1701322349514 0.5509584588118088 62
1701322371555 0.3698829664633824 63
1701322392938 0.6156278516237552 64
1701322414569 0.32616068919499713 65
1701322451185 0.2996250488437139 66
1701322474171 0.44072946256551987 67
1701322497854 0.36285960865326417 68
1701322523423 0.40856129007461744 69
1701322548072 0.4561516848894266 70
1701322585135 0.35122504180822617 71
1701322608458 0.24695747976119703 72
1701322631518 0.257021145369762 73
1701322654481 0.2572381383715532 74
1701322677222 0.39023776046740705 75
