1701320622013 0.30660595950123554 0
1701320680987 0.26913987387921695 1
1701320714645 0.3139115048369306 2
1701320749821 0.27159180561834606 3
1701320784133 0.35147121826522487 4
1701320817276 0.3163710032475715 5
1701320873231 0.3710086835086835 6
1701320908942 0.37052609895236693 7
1701320944430 0.37431854326329334 8
1701320980289 0.3816049970209358 9
1701321014949 0.40253331570251777 10
1701321071104 0.4072222509914085 11
1701321102061 0.4163303273471894 12
1701321131447 0.41889247064440066 13
1701321160544 0.42632701618630686 14
1701321181840 0.42839166110318533 15
1701321215935 0.4539241183714599 16
1701321237707 0.4826457010798515 17
1701321259900 0.4953577509242019 18
1701321282444 0.5174630461214484 19
1701321304064 0.5193427108571708 20
1701321342654 0.5537438420257096 21
1701321364316 0.5696157294573739 22
1701321385541 0.6078630045933265 23
1701321406831 0.5768035239315629 24
1701321428285 0.6290045419974796 25
1701321466214 0.6341404873613367 26
1701321489677 0.6155516219785079 27
1701321512064 0.6361439149110568 28
1701321535123 0.6323904221487702 29
1701321557807 0.6544317745997718 30
1701321593373 0.6688673084620943 31
1701321614562 0.6582998350348953 32
1701321635755 0.697556800646543 33
1701321656874 0.710642009000574 34
1701321677846 0.6968445172418077 35
1701321714318 0.7100074769435984 36
1701321737747 0.7291889649903925 37
1701321760038 0.7309830322533643 38
1701321782778 0.7398796921767374 39
1701321804419 0.73201911805295 40
1701321840060 0.7373300177834207 41
1701321861966 0.7493943616161117 42
1701321884262 0.7634812288010147 43
1701321904222 0.7547595400894753 44
1701321923727 0.7779186434481677 45
1701321958957 0.7981830520265945 46
1701321980505 0.7758608780005991 47
1701322002034 0.7977750319592282 48
1701322023774 0.8116726839347964 49
1701322045446 0.7949213941687893 50
1701322081250 0.7843020767088937 51
1701322102779 0.7937426408120322 52
1701322124296 0.8274234139967828 53
1701322146327 0.8058980004620189 54
1701322169429 0.8447631512806296 55
1701322205112 0.8399128055059585 56
1701322226863 0.781352589766738 57
1701322248280 0.8563412496403103 58
1701322269973 0.861604721874697 59
1701322291737 0.854983247946822 60
1701322327271 0.8755740007228535 61
1701322349405 0.7923501339312078 62
1701322371452 0.8591583669266263 63
1701322392835 0.7954953880335406 64
1701322414466 0.8890818015714007 65
1701322451085 0.8886115639493336 66
1701322474068 0.860902931227319 67
1701322497739 0.8757151766365386 68
1701322523296 0.852430825966784 69
1701322547967 0.8506485422119031 70
1701322585029 0.8698052312496753 71
1701322608354 0.9147704394177444 72
1701322631416 0.9046109643062201 73
1701322654376 0.9223794158421276 74
1701322677117 0.8627547935542622 75
