1701320622013 0.4191297208538588 0
1701320680987 0.42508210180623973 1
1701320714645 0.4283661740558292 2
1701320749821 0.4406814449917898 3
1701320784133 0.48891625615763545 4
1701320817276 0.46839080459770116 5
1701320873231 0.5080049261083743 6
1701320908942 0.5088259441707718 7
1701320944430 0.5080049261083743 8
1701320980289 0.5211412151067324 9
1701321014949 0.5455665024630542 10
1701321071104 0.5515188834154351 11
1701321102061 0.5638341543513957 12
1701321131447 0.5671182266009852 13
1701321160544 0.5740968801313628 14
1701321181840 0.5775862068965517 15
1701321215935 0.5868226600985221 16
1701321237707 0.6028325123152709 17
1701321259900 0.6087848932676518 18
1701321282444 0.6018062397372742 19
1701321304064 0.6091954022988506 20
1701321342654 0.6276683087027914 21
1701321364316 0.6266420361247947 22
1701321385541 0.6496305418719212 23
1701321406831 0.6291050903119869 24
1701321428285 0.666871921182266 25
1701321466214 0.6685139573070608 26
1701321489677 0.6420361247947455 27
1701321512064 0.6625615763546798 28
1701321535123 0.6564039408866995 29
1701321557807 0.6769293924466339 30
1701321593373 0.6857553366174056 31
1701321614562 0.68123973727422 32
1701321635755 0.7097701149425287 33
1701321656874 0.7237274220032841 34
1701321677846 0.7099753694581281 35
1701321714318 0.7227011494252874 36
1701321737747 0.7329638752052545 37
1701321760038 0.7358374384236454 38
1701321782778 0.7450738916256158 39
1701321804419 0.7380952380952381 40
1701321840060 0.7401477832512315 41
1701321861966 0.7555418719211823 42
1701321884262 0.7645730706075534 43
1701321904222 0.7582101806239737 44
1701321923727 0.7789408866995073 45
1701321958957 0.7974137931034483 46
1701321980505 0.7789408866995073 47
1701322002034 0.7986453201970444 48
1701322023774 0.812192118226601 49
1701322045446 0.7965927750410509 50
1701322081250 0.7799671592775042 51
1701322102779 0.7898193760262726 52
1701322124296 0.8214285714285714 53
1701322146327 0.8058292282430214 54
1701322169429 0.8407224958949097 55
1701322205112 0.8366174055829229 56
1701322226863 0.7809934318555009 57
1701322248280 0.8505747126436781 58
1701322269973 0.860632183908046 59
1701322291737 0.8489326765188834 60
1701322327271 0.8702791461412152 61
1701322349405 0.7848932676518884 62
1701322371452 0.8511904761904762 63
1701322392835 0.7850985221674877 64
1701322414466 0.8852627257799671 65
1701322451085 0.8799261083743842 66
1701322474068 0.8528325123152709 67
1701322497739 0.8735632183908046 68
1701322523296 0.8450328407224958 69
1701322547967 0.8507799671592775 70
1701322585029 0.8655582922824302 71
1701322608354 0.9076354679802956 72
1701322631416 0.8996305418719212 73
1701322654376 0.9144088669950738 74
1701322677117 0.8641215106732348 75
