1701320622013 0.3425109081684424 0
1701320680987 0.3459538305428716 1
1701320714645 0.35013106714019954 2
1701320749821 0.3585297649247421 3
1701320784133 0.398944613563335 4
1701320817276 0.38156434973786574 5
1701320873231 0.4148516827329613 6
1701320908942 0.4154153559952647 7
1701320944430 0.41544757314392017 8
1701320980289 0.4256164383561644 9
1701321014949 0.4459868087265348 10
1701321071104 0.4509599188229325 11
1701321102061 0.46092803991205816 12
1701321131447 0.46367562996786743 13
1701321160544 0.4699178434131759 14
1701321181840 0.47252581409347866 15
1701321215935 0.48572291239998094 16
1701321237707 0.5050985508894884 17
1701321259900 0.5131968275473463 18
1701321282444 0.5203155270474789 19
1701321304064 0.5240032890902548 20
1701321342654 0.5503339698285142 21
1701321364316 0.560669470455155 22
1701321385541 0.5938165066606752 23
1701321406831 0.5653782428453419 24
1701321428285 0.6131266374828651 25
1701321466214 0.6169043869177434 26
1701321489677 0.5986565852286944 27
1701321512064 0.6241018606268885 28
1701321535123 0.6174338317178819 29
1701321557807 0.6415367400935466 30
1701321593373 0.6568130422573861 31
1701321614562 0.6480640596454735 32
1701321635755 0.6862155281361465 33
1701321656874 0.6995476986597938 34
1701321677846 0.6895198644308437 35
1701321714318 0.7028243581130987 36
1701321737747 0.7243275728736304 37
1701321760038 0.7236262299832964 38
1701321782778 0.7351896305155798 39
1701321804419 0.726691580263056 40
1701321840060 0.7345082808191962 41
1701321861966 0.7454042516789414 42
1701321884262 0.7585423392239639 43
1701321904222 0.7532729210999373 44
1701321923727 0.7760336198406304 45
1701321958957 0.7961870502793653 46
1701321980505 0.7748408384768187 47
1701322002034 0.7971919547271922 48
1701322023774 0.8118585788795095 49
1701322045446 0.7929585027103133 50
1701322081250 0.7855693010171723 51
1701322102779 0.7948454579940397 52
1701322124296 0.8276960292536263 53
1701322146327 0.8053130037786153 54
1701322169429 0.844161395075055 55
1701322205112 0.8401715915739375 56
1701322226863 0.7856750496892323 57
1701322248280 0.8578290666945967 58
1701322269973 0.8604751951765266 59
1701322291737 0.8551021115835553 60
1701322327271 0.8770084241291549 61
1701322349405 0.7937258860581652 62
1701322371452 0.8599112677666341 63
1701322392835 0.7952643464343224 64
1701322414466 0.8899443632636229 65
1701322451085 0.8910190077620127 66
1701322474068 0.864360200712777 67
1701322497739 0.8755285565974855 68
1701322523296 0.8579116128555134 69
1701322547967 0.8531485889647014 70
1701322585029 0.8747499351961188 71
1701322608354 0.9172469375121654 72
1701322631416 0.9068966385133455 73
1701322654376 0.9263083579832093 74
1701322677117 0.8636540501346476 75
