1701320622013 0.2794148914499497 0
1701320680987 0.2953300766078051 1
1701320714645 0.285887368705581 2
1701320749821 0.3486517708387756 3
1701320784133 0.34959035093786767 4
1701320817276 0.3581035721803116 5
1701320873231 0.3557427911323909 6
1701320908942 0.36156648451730417 7
1701320944430 0.3427018134409858 8
1701320980289 0.366952034638033 9
1701321014949 0.37400498264998444 10
1701321071104 0.376234242803333 11
1701321102061 0.3874792407563013 12
1701321131447 0.38838801750510427 13
1701321160544 0.646433849120765 14
1701321181840 0.6231169312228348 15
1701321215935 0.5417016879752428 16
1701321237707 0.6219898668546308 17
1701321259900 0.6677567323912177 18
1701321282444 0.6019051246632212 19
1701321304064 0.6428473785557719 20
1701321342654 0.6324312262523636 21
1701321364316 0.6313279684981965 22
1701321385541 0.6637432566107928 23
1701321406831 0.6494859908304997 24
1701321428285 0.6887437828180722 25
1701321466214 0.6957073205599976 26
1701321489677 0.6790436407013402 27
1701321512064 0.6699904078780726 28
1701321535123 0.6752652906362969 29
1701321557807 0.6876954823558504 30
1701321593373 0.6980572934853875 31
1701321614562 0.6858092411274642 32
1701321635755 0.7305251593644879 33
1701321656874 0.7383218997552614 34
1701321677846 0.7176899836670242 35
1701321714318 0.7280129989110509 36
1701321737747 0.7432430342555586 37
1701321760038 0.7486661871387801 38
1701321782778 0.755471603288583 39
1701321804419 0.7468475520103816 40
1701321840060 0.7546365304059872 41
1701321861966 0.7631075725395456 42
1701321884262 0.7812071248222295 43
1701321904222 0.7631217645966609 44
1701321923727 0.7887134486919357 45
1701321958957 0.8082534332338072 46
1701321980505 0.7843525570193686 47
1701322002034 0.8070603812088232 48
1701322023774 0.8214924103798502 49
1701322045446 0.8031081124821967 50
1701322081250 0.7900561556339324 51
1701322102779 0.7989889936274146 52
1701322124296 0.8355669732526082 53
1701322146327 0.8141580630371243 54
1701322169429 0.8513961703545202 55
1701322205112 0.8469318581186013 56
1701322226863 0.7903294480108459 57
1701322248280 0.8620254628705594 58
1701322269973 0.8679060514053082 59
1701322291737 0.8605029596630173 60
1701322327271 0.8796986469571761 61
1701322349405 0.7943361288314795 62
1701322371452 0.8661300610284225 63
1701322392835 0.7959862803566597 64
1701322414466 0.891881780610877 65
1701322451085 0.8901636415236439 66
1701322474068 0.8629014364207173 67
1701322497739 0.8795182691716209 68
1701322523296 0.8544532132266728 69
1701322547967 0.8571609891767332 70
1701322585029 0.8716710185532514 71
1701322608354 0.9176612171593134 72
1701322631416 0.9068374229441879 73
1701322654376 0.921561891923954 74
1701322677117 0.8638571612890716 75
