1701401817464 0.3585501828644497 0
1701401858164 0.3531518598547157 1
1701401881551 0.3771869658119658 2
1701401904602 0.3975357313041445 3
1701401927471 0.40383653797283686 4
1701401950679 0.4460024065771213 5
1701401991671 0.4498388901640011 6
1701402014925 0.47097751651618935 7
1701402037924 0.5224869971055134 8
1701402066921 0.5481954981597296 9
1701402090180 0.566764727425837 10
1701402127130 0.5987324285506642 11
1701402150255 0.6179069060495053 12
1701402173275 0.6279386846741614 13
1701402196056 0.6456020568223367 14
1701402218966 0.6306564100386229 15
1701402259011 0.6755327182313339 16
1701402282136 0.6694925306440783 17
1701402305201 0.6790091261389266 18
1701402330022 0.6966622373120078 19
1701402353143 0.71311682834994 20
1701402390292 0.719198688221231 21
1701402413517 0.7201928951987648 22
1701402436502 0.6967729018914809 23
1701402459634 0.752074370885377 24
1701402483010 0.7542315653288453 25
1701402520062 0.7490032407533658 26
1701402543042 0.7659907986826614 27
1701402565974 0.76792407880787 28
1701402589077 0.7749159382684754 29
1701402612123 0.7823997313894481 30
1701402648770 0.7774794821374588 31
1701402672007 0.7830429183767545 32
1701402695168 0.7804012277841473 33
1701402718100 0.7857277845704057 34
1701402741225 0.791003864830809 35
1701402778369 0.7841707913809571 36
1701402801585 0.7918748123610991 37
1701402824596 0.7903317790741663 38
1701402847724 0.7919632998352536 39
1701402870945 0.7936749013329253 40
1701402907965 0.7918985240023547 41
1701402931015 0.800774923830315 42
1701402953978 0.7963150011497869 43
1701402977006 0.8013846379501747 44
1701403000178 0.8042491809786867 45
1701403037255 0.7993291575269007 46
1701403060239 0.8022352525363322 47
1701403083215 0.8063678620047607 48
1701403106262 0.8024486966881724 49
1701403129190 0.8038847393082685 50
1701403166013 0.8030591590820023 51
1701403189534 0.7994858830544994 52
1701403212722 0.8059690863950736 53
1701403236040 0.809749794715923 54
1701403259443 0.8035434576687713 55
1701403296401 0.8083884165132368 56
1701403319374 0.8100832535848136 57
1701403342138 0.8029899649632904 58
1701403365192 0.8013235088946365 59
1701403388329 0.8038721843100235 60
1701403425266 0.8058184579109143 61
1701403448364 0.7988892558940691 62
1701403471274 0.8023852570031395 63
1701403494389 0.8035702949607236 64
1701403517504 0.8037536026368365 65
