1701401817563 1.0633959892468574 0
1701401858288 1.0282214818856654 1
1701401881640 0.9914777859663352 2
1701401904692 0.952319860458374 3
1701401927564 0.933916124013754 4
1701401950768 0.8831310929396213 5
1701401991798 0.8906951974599789 6
1701402015010 0.8599021052702879 7
1701402038024 0.8300466950123127 8
1701402067023 0.8037251142355112 9
1701402090287 0.8084352123431671 10
1701402127225 0.767829240896763 11
1701402150343 0.7605417065131359 12
1701402173361 0.7381668656300275 13
1701402196156 0.7134079444102752 14
1701402219058 0.7476249451820667 15
1701402259133 0.6895973804669503 16
1701402282234 0.6916123903714694 17
1701402305287 0.6863583502097007 18
1701402330122 0.658862673319303 19
1701402353233 0.644303274460328 20
1701402390382 0.6255016815968049 21
1701402413605 0.6353923174051138 22
1701402436591 0.6515295092876141 23
1701402459732 0.6078250545721787 24
1701402483104 0.5971593535863436 25
1701402520154 0.5905746252108843 26
1701402543132 0.5761493803598942 27
1701402566065 0.5767766008010278 28
1701402589165 0.5680122291430448 29
1701402612212 0.5626045098671546 30
1701402648861 0.5625381301610898 31
1701402672109 0.5456320482950944 32
1701402695256 0.5523574428680615 33
1701402718193 0.5381220731979761 34
1701402741315 0.5328229199617337 35
1701402778456 0.5405595180315849 36
1701402801683 0.5282110579502888 37
1701402824684 0.5430304667888544 38
1701402847826 0.5275256572625576 39
1701402871032 0.5210797236515925 40
1701402908055 0.5187422682841619 41
1701402931106 0.516514676503646 42
1701402954069 0.5301997325359247 43
1701402977094 0.5226562435810382 44
1701403000278 0.5166460252725161 45
1701403037344 0.5156166912653507 46
1701403060329 0.5195066837164072 47
1701403083317 0.511941576615358 48
1701403106356 0.5389898663912064 49
1701403129280 0.5189482470353445 50
1701403166100 0.5137905340928298 51
1701403189640 0.5145587783593398 52
1701403212813 0.5120040973027548 53
1701403236141 0.5126614540051191 54
1701403259535 0.5130659364736997 55
1701403296492 0.5080391405484616 56
1701403319461 0.5083829592435788 57
1701403342243 0.508512998238588 58
1701403365281 0.510899448241943 59
1701403388420 0.5086728303860395 60
1701403425357 0.5080496424283737 61
1701403448456 0.5164284178843865 62
1701403471367 0.5128281781306634 63
1701403494478 0.5191000539522904 64
1701403517598 0.5084854127504886 65
