1701401817464 0.3617893371200453 0
1701401858164 0.35009239735760445 1
1701401881551 0.3478596445392727 2
1701401904602 0.36647345045592367 3
1701401927471 0.3722747952321557 4
1701401950679 0.6052181178711299 5
1701401991671 0.5408186268313765 6
1701402014925 0.5377177526095348 7
1701402037924 0.6381990683445498 8
1701402066921 0.6333172801030359 9
1701402090180 0.6440026742952641 10
1701402127130 0.6836148211421076 11
1701402150255 0.6754730226716888 12
1701402173275 0.6804381028975178 13
1701402196056 0.6887324955390497 14
1701402218966 0.6752682770363111 15
1701402259011 0.7263810663319278 16
1701402282136 0.7180286816914464 17
1701402305201 0.7124116404236168 18
1701402330022 0.7467442736259673 19
1701402353143 0.7524595605864626 20
1701402390292 0.7552151185785201 21
1701402413517 0.7468516595787785 22
1701402436502 0.7217573297086606 23
1701402459634 0.789104820619651 24
1701402483010 0.7909137358470254 25
1701402520062 0.7794741952730134 26
1701402543042 0.7990107786317076 27
1701402565974 0.8000419253785149 28
1701402589077 0.8049037997326743 29
1701402612123 0.8110305890435372 30
1701402648770 0.8076397020890029 31
1701402672007 0.813353185108971 32
1701402695168 0.8106468915333482 33
1701402718100 0.8177410032023208 34
1701402741225 0.821267529380504 35
1701402778369 0.813119446467477 36
1701402801585 0.8193798725989329 37
1701402824596 0.816227539759064 38
1701402847724 0.8199693101413902 39
1701402870945 0.819484094085698 40
1701402907965 0.8207502381856301 41
1701402931015 0.829170622779625 42
1701402953978 0.8232014905065862 43
1701402977006 0.8289105868347737 44
1701403000178 0.8281156271092961 45
1701403037255 0.8262136049959136 46
1701403060239 0.8286110096557313 47
1701403083215 0.8313362244793087 48
1701403106262 0.8298919069811047 49
1701403129190 0.8271857845204128 50
1701403166013 0.8295900935189341 51
1701403189534 0.8285969366931841 52
1701403212722 0.8332006838738026 53
1701403236040 0.8381276982298315 54
1701403259443 0.8319321981248331 55
1701403296401 0.8337134085491708 56
1701403319374 0.8360124377659108 57
1701403342138 0.8303734480466446 58
1701403365192 0.8276099325128755 59
1701403388329 0.832805918920419 60
1701403425266 0.8313659186366357 61
1701403448364 0.8279669971650355 62
1701403471274 0.8262935714404742 63
1701403494389 0.828830333094558 64
1701403517504 0.8296618137947491 65
