1701401817464 0.3661981545956885 0
1701401858164 0.40079511246406224 1
1701401881551 0.4188127008286826 2
1701401904602 0.44055792322002363 3
1701401927471 0.4474501099272789 4
1701401950679 0.4790319654411835 5
1701401991671 0.47414187366837646 6
1701402014925 0.49152713335221604 7
1701402037924 0.5284817757971535 8
1701402066921 0.5472038988192273 9
1701402090180 0.5584099037411313 10
1701402127130 0.5857891993093342 11
1701402150255 0.6027860745515863 12
1701402173275 0.6122951385545459 13
1701402196056 0.6293816140549248 14
1701402218966 0.6152455065711416 15
1701402259011 0.6566074366700434 16
1701402282136 0.6515550498881957 17
1701402305201 0.6634350781485067 18
1701402330022 0.6767773302978276 19
1701402353143 0.6949321532926659 20
1701402390292 0.7016637826358633 21
1701402413517 0.705611153437759 22
1701402436502 0.6837768879796636 23
1701402459634 0.7340877935390577 24
1701402483010 0.7357710807823317 25
1701402520062 0.7327314575964884 26
1701402543042 0.7490517849175605 27
1701402565974 0.7513081667155629 28
1701402589077 0.758449535936638 29
1701402612123 0.7667192263214314 30
1701402648770 0.7615561018602515 31
1701402672007 0.7668370058973878 32
1701402695168 0.7644488335582933 33
1701402718100 0.769257099661706 34
1701402741225 0.7748187503484205 35
1701402778369 0.7687784672985819 36
1701402801585 0.7772947305857238 37
1701402824596 0.7759573525704665 38
1701402847724 0.7762768323262219 39
1701402870945 0.7799510433659501 40
1701402907965 0.7758970641260917 41
1701402931015 0.7851124179815613 42
1701402953978 0.7814250860563634 43
1701402977006 0.7862205460494222 44
1701403000178 0.7907723878404832 45
1701403037255 0.784374249218177 46
1701403060239 0.7877296525667311 47
1701403083215 0.7923146206377978 48
1701403106262 0.7875856009060719 49
1701403129190 0.7912210485258595 50
1701403166013 0.7880209104903079 51
1701403189534 0.7834105301004408 52
1701403212722 0.7907664359254323 53
1701403236040 0.7944940934148182 54
1701403259443 0.788249815348825 55
1701403296401 0.7943798135299992 56
1701403319374 0.7959861917522913 57
1701403342138 0.7880905053538987 58
1701403365192 0.7868921171639155 59
1701403388329 0.7879709759323735 60
1701403425266 0.791409785207747 61
1701403448364 0.7834445464601126 62
1701403471274 0.7885747020288448 63
1701403494389 0.7899029735267934 64
1701403517504 0.7896386900662642 65
