1701401817464 0.42754515599343185 0
1701401858164 0.49117405582922824 1
1701401881551 0.5123152709359606 2
1701401904602 0.5387931034482759 3
1701401927471 0.5472085385878489 4
1701401950679 0.5786124794745484 5
1701401991671 0.5677339901477833 6
1701402014925 0.5851806239737274 7
1701402037924 0.6151477832512315 8
1701402066921 0.6276683087027914 9
1701402090180 0.6284893267651889 10
1701402127130 0.6520935960591133 11
1701402150255 0.6584564860426929 12
1701402173275 0.6644088669950738 13
1701402196056 0.673440065681445 14
1701402218966 0.6625615763546798 15
1701402259011 0.6986863711001642 16
1701402282136 0.6951970443349754 17
1701402305201 0.6968390804597702 18
1701402330022 0.715927750410509 19
1701402353143 0.7257799671592775 20
1701402390292 0.7317323481116584 21
1701402413517 0.7300903119868637 22
1701402436502 0.7105911330049262 23
1701402459634 0.7584154351395731 24
1701402483010 0.7594417077175698 25
1701402520062 0.7549261083743842 26
1701402543042 0.7692939244663383 27
1701402565974 0.770320197044335 28
1701402589077 0.777504105090312 29
1701402612123 0.7834564860426929 30
1701402648770 0.7791461412151067 31
1701402672007 0.7838669950738916 32
1701402695168 0.7836617405582923 33
1701402718100 0.7885878489326765 34
1701402741225 0.7916666666666666 35
1701402778369 0.7867405582922824 36
1701402801585 0.791256157635468 37
1701402824596 0.7910509031198686 38
1701402847724 0.7928981937602627 39
1701402870945 0.7935139573070608 40
1701402907965 0.7926929392446633 41
1701402931015 0.799055829228243 42
1701402953978 0.7970032840722496 43
1701402977006 0.8009031198686372 44
1701403000178 0.8027504105090312 45
1701403037255 0.7974137931034483 46
1701403060239 0.8015188834154351 47
1701403083215 0.805623973727422 48
1701403106262 0.8023399014778325 49
1701403129190 0.8035714285714286 50
1701403166013 0.8011083743842364 51
1701403189534 0.7996715927750411 52
1701403212722 0.8052134646962233 53
1701403236040 0.8093185550082101 54
1701403259443 0.8031609195402298 55
1701403296401 0.8064449917898193 56
1701403319374 0.8101395730706076 57
1701403342138 0.8029556650246306 58
1701403365192 0.8017241379310345 59
1701403388329 0.8037766830870279 60
1701403425266 0.8037766830870279 61
1701403448364 0.7992610837438424 62
1701403471274 0.8015188834154351 63
1701403494389 0.8029556650246306 64
1701403517504 0.8033661740558292 65
