1698428148675 0.0 0
1698428165421 0.0 1
1698428176921 0.0 2
1698428189166 0.0 3
1698428202146 0.0 4
1698428214086 0.0 5
1698428232557 0.0 6
1698428244672 0.0 7
1698428257740 0.8082237415307659 8
1698428270547 0.7651093951968861 9
1698428282617 0.7435587714926315 10
1698428299568 0.7610115077366141 11
1698428311247 0.7554275710239013 12
1698428322862 0.7656378046696957 13
1698428334317 0.7729249738658048 14
1698428345810 0.7811598511726714 15
1698428362792 0.7883270266682246 16
1698428374816 0.7922556579442088 17
1698428386385 0.7887188507543305 18
1698428397647 0.8117212095164271 19
1698428409353 0.0 20
1698428427213 0.8108450426395193 21
1698428439749 0.8061707527854237 22
1698428451480 0.82030501741292 23
1698428463068 0.8095439731054482 24
1698428474513 0.8253495752135878 25
1698428491791 0.817174993907233 26
1698428503217 0.8245892380164187 27
1698428514636 0.0 28
1698428526171 0.0 29
1698428537520 0.0 30
