1698428148678 0.9054484367370605 0
1698428165424 0.8978458046913147 1
1698428176923 0.9188390374183655 2
1698428189170 0.8798523545265198 3
1698428202148 0.8881432414054871 4
1698428214088 0.9343270063400269 5
1698428232560 0.8940808773040771 6
1698428244675 0.8766993880271912 7
1698428257745 0.8679574131965637 8
1698428270549 0.9043904542922974 9
1698428282619 0.8354400396347046 10
1698428299569 0.8597112894058228 11
1698428311249 0.8613011240959167 12
1698428322865 0.8431084156036377 13
1698428334319 0.9273641109466553 14
1698428345814 0.8635689616203308 15
1698428362794 0.8538243174552917 16
1698428374819 0.8876306414604187 17
1698428386387 0.8966079950332642 18
1698428397653 0.7965083718299866 19
1698428409356 0.809370756149292 20
1698428427217 0.8815699219703674 21
1698428439752 0.8269760012626648 22
1698428451482 0.8067173361778259 23
1698428463070 0.8848198056221008 24
1698428474516 0.8754890561103821 25
1698428491793 0.8096473813056946 26
1698428503221 0.7409798502922058 27
1698428514638 0.8353098630905151 28
1698428526173 0.8391953706741333 29
1698428537524 0.8042093515396118 30
