1699516933014 0.0 0
1699516952449 0.0 1
1699516965019 0.0 2
1699516978452 0.0 3
1699516991781 0.0 4
1699517003876 0.0 5
1699517023621 0.5840229835427473 6
1699517035405 0.6218003090552476 7
1699517047704 0.6374059508158394 8
1699517063610 0.0 9
1699517076427 0.0 10
1699517095741 0.0 11
1699517108120 0.0 12
1699517121396 0.0 13
1699517133970 0.0 14
1699517146493 0.0 15
1699517165237 0.0 16
1699517178135 0.0 17
1699517190601 0.0 18
1699517202171 0.0 19
1699517213922 0.0 20
1699517232925 0.0 21
1699517245122 0.0 22
1699517257486 0.0 23
1699517270021 0.0 24
1699517282252 0.0 25
1699517302392 0.0 26
1699517314312 0.0 27
1699517326596 0.0 28
1699517338555 0.0 29
1699517351643 0.0 30
1699517370136 0.0 31
1699517382974 0.0 32
1699517394865 0.0 33
1699517406939 0.0 34
1699517418795 0.0 35
1699517437478 0.0 36
1699517450266 0.0 37
1699517461980 0.0 38
1699517473707 0.0 39
1699517485017 0.0 40
1699517503025 0.0 41
1699517514437 0.0 42
1699517525856 0.0 43
1699517537331 0.0 44
1699517548800 0.0 45
1699517566582 0.0 46
1699517577949 0.0 47
1699517589447 0.0 48
1699517600997 0.0 49
1699517612322 0.0 50
1699517630254 0.0 51
1699517641664 0.0 52
1699517652984 0.0 53
1699517664389 0.0 54
1699517675548 0.0 55
1699517693603 0.0 56
1699517704665 0.0 57
1699517715897 0.0 58
1699517726972 0.0 59
1699517738218 0.0 60
1699517756636 0.0 61
1699517768657 0.0 62
1699517780130 0.0 63
1699517791480 0.0 64
1699517803044 0.0 65
1699517820890 0.0 66
1699517832422 0.0 67
1699517843735 0.0 68
1699517855115 0.0 69
1699517866176 0.0 70
1699517884081 0.0 71
1699517895566 0.0 72
1699517906962 0.0 73
1699517918022 0.0 74
1699517929509 0.0 75
1699517947292 0.0 76
1699517958790 0.0 77
1699517970034 0.0 78
1699517981141 0.0 79
1699517992425 0.0 80
1699518010449 0.0 81
1699518021965 0.0 82
1699518033260 0.0 83
1699518044443 0.0 84
1699518055550 0.0 85
1699518073632 0.0 86
1699518085080 0.0 87
1699518096449 0.0 88
1699518107563 0.0 89
1699518118655 0.0 90
1699518136634 0.0 91
1699518148296 0.0 92
1699518159572 0.0 93
1699518170904 0.0 94
1699518181969 0.0 95
1699518200036 0.0 96
1699518211404 0.0 97
1699518222599 0.0 98
1699518234062 0.0 99
1699518245318 0.0 100
1699518263423 0.0 101
1699518274553 0.0 102
1699518286048 0.0 103
1699518297629 0.0 104
1699518308983 0.0 105
1699518326949 0.0 106
1699518338455 0.0 107
1699518349890 0.0 108
1699518361383 0.0 109
1699518372737 0.0 110
1699518390886 0.0 111
1699518402283 0.0 112
1699518413638 0.0 113
1699518424995 0.0 114
1699518436270 0.0 115
1699518454280 0.0 116
1699518465490 0.0 117
1699518476876 0.0 118
1699518488053 0.0 119
1699518499570 0.0 120
1699518517249 0.0 121
1699518528788 0.0 122
1699518540166 0.0 123
1699518551409 0.0 124
1699518562979 0.0 125
1699518580846 0.0 126
1699518592210 0.0 127
1699518603510 0.0 128
1699518614981 0.0 129
1699518626457 0.0 130
1699518644616 0.0 131
1699518656139 0.0 132
1699518667711 0.0 133
1699518679273 0.0 134
1699518690877 0.0 135
1699518708815 0.0 136
1699518720742 0.0 137
1699518732425 0.0 138
1699518744198 0.0 139
1699518756687 0.0 140
1699518774925 0.0 141
1699518786540 0.0 142
1699518798709 0.0 143
1699518810650 0.0 144
1699518822082 0.0 145
1699518840350 0.0 146
1699518851813 0.0 147
1699518863312 0.0 148
1699518874822 0.0 149
1699518886174 0.0 150
1699518904127 0.0 151
1699518915364 0.0 152
1699518926972 0.0 153
1699518938453 0.0 154
1699518949660 0.0 155
1699518968046 0.0 156
1699518979723 0.0 157
1699518991393 0.0 158
1699519002798 0.0 159
1699519014061 0.0 160
1699519032375 0.0 161
1699519044030 0.0 162
1699519056162 0.0 163
1699519067209 0.0 164
1699519078184 0.0 165
1699519096147 0.0 166
1699519107773 0.0 167
1699519119262 0.0 168
1699519130779 0.0 169
1699519142513 0.0 170
1699519160684 0.0 171
1699519172333 0.0 172
1699519183874 0.0 173
1699519195280 0.0 174
1699519207818 0.0 175
1699519226140 0.0 176
1699519237720 0.0 177
1699519249236 0.0 178
1699519260718 0.0 179
1699519272267 0.0 180
1699519290470 0.0 181
1699519302109 0.0 182
1699519313390 0.0 183
1699519324717 0.0 184
1699519336269 0.0 185
1699519354407 0.0 186
1699519366168 0.0 187
1699519377729 0.0 188
1699519389438 0.0 189
1699519400976 0.0 190
1699519419949 0.0 191
1699519431775 0.0 192
1699519443471 0.0 193
1699519454814 0.0 194
1699519466647 0.0 195
1699519485095 0.0 196
1699519496719 0.0 197
1699519508398 0.0 198
1699519521594 0.0 199
1699519536532 0.0 200
1699519556011 0.0 201
1699519568373 0.0 202
1699519581383 0.0 203
1699519593684 0.0 204
1699519605657 0.0 205
1699519624264 0.0 206
1699519636265 0.0 207
1699519648459 0.0 208
1699519660394 0.0 209
1699519672240 0.0 210
1699519691252 0.0 211
1699519704192 0.0 212
1699519716324 0.0 213
1699519728952 0.0 214
1699519741216 0.0 215
1699519759754 0.0 216
1699519771900 0.0 217
1699519784633 0.0 218
1699519796587 0.0 219
1699519808459 0.0 220
1699519827182 0.0 221
1699519839302 0.0 222
1699519851210 0.0 223
1699519863321 0.0 224
1699519875224 0.0 225
1699519893946 0.0 226
1699519906147 0.0 227
1699519918874 0.0 228
1699519930979 0.0 229
1699519943090 0.0 230
1699519961669 0.0 231
1699519974058 0.0 232
1699519986196 0.0 233
1699519998481 0.0 234
1699520010456 0.0 235
1699520029421 0.0 236
1699520042249 0.0 237
1699520054584 0.0 238
1699520066666 0.0 239
1699520078794 0.0 240
1699520097400 0.0 241
1699520109698 0.0 242
1699520122084 0.0 243
1699520134240 0.0 244
1699520146504 0.0 245
1699520165219 0.0 246
1699520177335 0.0 247
1699520189497 0.0 248
1699520201684 0.0 249
1699520213669 0.0 250
1699520232596 0.0 251
1699520244922 0.0 252
1699520257552 0.0 253
1699520270084 0.0 254
1699520282691 0.0 255
1699520301653 0.0 256
1699520314103 0.0 257
1699520326355 0.0 258
1699520338179 0.0 259
1699520350451 0.0 260
1699520369727 0.0 261
1699520381961 0.0 262
1699520393988 0.0 263
1699520406146 0.0 264
1699520418330 0.0 265
1699520437904 0.0 266
1699520450610 0.0 267
1699520463664 0.0 268
1699520476412 0.0 269
