1699516933019 1.0416221618652344 0
1699516952451 1.0497956275939941 1
1699516965021 1.0350209474563599 2
1699516978457 1.0497502088546753 3
1699516991785 1.0371479988098145 4
1699517003880 1.0320029258728027 5
1699517023624 1.02289879322052 6
1699517035407 1.0217640399932861 7
1699517047707 1.013969898223877 8
1699517063615 1.0084233283996582 9
1699517076431 0.9492979049682617 10
1699517095745 1.0076334476470947 11
1699517108123 0.9538751840591431 12
1699517121399 0.9348055720329285 13
1699517133974 0.9246035814285278 14
1699517146496 1.0280345678329468 15
1699517165240 0.8840133547782898 16
1699517178139 0.9750344753265381 17
1699517190605 0.9247390031814575 18
1699517202174 0.9514849781990051 19
1699517213925 0.9931963682174683 20
1699517232929 0.9095588326454163 21
1699517245127 0.9257494807243347 22
1699517257489 0.9289635419845581 23
1699517270025 0.9448603391647339 24
1699517282256 0.8765825033187866 25
1699517302397 0.9423458576202393 26
1699517314315 0.8619384169578552 27
1699517326598 0.8898919224739075 28
1699517338559 0.947109043598175 29
1699517351648 0.8756927251815796 30
1699517370140 0.8871966600418091 31
1699517382980 0.8635215163230896 32
1699517394868 0.9046577215194702 33
1699517406942 0.9206883907318115 34
1699517418798 0.9019680619239807 35
1699517437481 0.8858708143234253 36
1699517450269 0.8701301217079163 37
1699517461982 0.8706865310668945 38
1699517473711 0.8101089000701904 39
1699517485021 0.9738034605979919 40
1699517503028 0.8558465838432312 41
1699517514440 0.8772801160812378 42
1699517525860 0.850289523601532 43
1699517537334 0.8168951272964478 44
1699517548804 0.8653467297554016 45
1699517566586 0.8484534025192261 46
1699517577952 0.9049049615859985 47
1699517589450 0.7468852996826172 48
1699517601001 0.8536711931228638 49
1699517612326 0.8269543051719666 50
1699517630257 0.7689257860183716 51
1699517641667 0.8500836491584778 52
1699517652987 0.8059971332550049 53
1699517664391 0.8161797523498535 54
1699517675552 0.8654584884643555 55
1699517693607 0.7842627167701721 56
1699517704668 0.8312197923660278 57
1699517715901 0.7999916672706604 58
1699517726975 0.8363816142082214 59
1699517738222 0.8003917336463928 60
1699517756643 0.8450003862380981 61
1699517768660 0.8200168013572693 62
1699517780132 0.855414092540741 63
1699517791484 0.8416590094566345 64
1699517803047 0.8890275359153748 65
1699517820893 0.7497295141220093 66
1699517832427 0.8125715255737305 67
1699517843739 0.8250609040260315 68
1699517855117 0.8245092034339905 69
1699517866181 0.8104920983314514 70
1699517884084 0.8344573974609375 71
1699517895569 0.8246822953224182 72
1699517906967 0.7774967551231384 73
1699517918025 0.8129183650016785 74
1699517929511 0.8896583318710327 75
1699517947296 0.6830883622169495 76
1699517958793 0.746062695980072 77
1699517970037 0.7841561436653137 78
1699517981146 0.6895994544029236 79
1699517992430 0.7929916977882385 80
1699518010451 0.7763516306877136 81
1699518021970 0.8242000341415405 82
1699518033265 0.7401935458183289 83
1699518044445 0.8078371286392212 84
1699518055554 0.7771307826042175 85
1699518073639 0.8261632323265076 86
1699518085082 0.7766324877738953 87
1699518096454 0.767926037311554 88
1699518107566 0.7700609564781189 89
1699518118658 0.8351452946662903 90
1699518136639 0.7539858818054199 91
1699518148299 0.7723811268806458 92
1699518159574 0.8363010287284851 93
1699518170908 0.7927040457725525 94
1699518181972 0.8337239027023315 95
1699518200038 0.7861177325248718 96
1699518211409 0.7587171792984009 97
1699518222602 0.7565144896507263 98
1699518234064 0.8337081074714661 99
1699518245323 0.7863523960113525 100
1699518263426 0.8057237863540649 101
1699518274555 0.7903237342834473 102
1699518286052 0.8151500821113586 103
1699518297633 0.8529160022735596 104
1699518308986 0.7493650913238525 105
1699518326953 0.7807825803756714 106
1699518338458 0.7592910528182983 107
1699518349892 0.8506178855895996 108
1699518361388 0.7638482451438904 109
1699518372739 0.8240178227424622 110
1699518390889 0.8130977153778076 111
1699518402288 0.7344649434089661 112
1699518413640 0.7865502238273621 113
1699518424998 0.8148003220558167 114
1699518436273 0.7317399382591248 115
1699518454284 0.8820131421089172 116
1699518465492 0.7907789349555969 117
1699518476880 0.9141552448272705 118
1699518488057 0.7918944358825684 119
1699518499573 0.8375852704048157 120
1699518517252 0.7723155617713928 121
1699518528790 0.7369065284729004 122
1699518540170 0.8502651453018188 123
1699518551412 0.7718727588653564 124
1699518562982 0.7590202689170837 125
1699518580851 0.8048477172851562 126
1699518592214 0.7827672958374023 127
1699518603512 0.7765312790870667 128
1699518614984 0.808591902256012 129
1699518626461 0.8552517294883728 130
1699518644619 0.8557494878768921 131
1699518656142 0.7628206610679626 132
1699518667714 0.7832401990890503 133
1699518679276 0.8220135569572449 134
1699518690879 0.8593484163284302 135
1699518708817 0.8298757076263428 136
1699518720744 0.7938942313194275 137
1699518732429 0.8518795371055603 138
1699518744201 0.7777885794639587 139
1699518756689 0.8264257311820984 140
1699518774929 0.769636869430542 141
1699518786544 0.7727698087692261 142
1699518798711 0.8428668975830078 143
1699518810654 0.7548588514328003 144
1699518822086 0.7738624215126038 145
1699518840352 0.798965334892273 146
1699518851818 0.7701497077941895 147
1699518863314 0.7415033578872681 148
1699518874824 0.8181347846984863 149
1699518886180 0.7863272428512573 150
1699518904130 0.8100031614303589 151
1699518915367 0.7240797281265259 152
1699518926977 0.7477535605430603 153
1699518938456 0.7698553204536438 154
1699518949662 0.802442193031311 155
1699518968050 0.7760893702507019 156
1699518979725 0.7628961801528931 157
1699518991396 0.7340385913848877 158
1699519002804 0.764146089553833 159
1699519014064 0.7849374413490295 160
1699519032378 0.7512381076812744 161
1699519044035 0.8698863387107849 162
1699519056164 0.7922758460044861 163
1699519067212 0.7288654446601868 164
1699519078189 0.8048771619796753 165
1699519096150 0.8610736131668091 166
1699519107777 0.9062561392784119 167
1699519119266 0.778693437576294 168
1699519130782 0.7672120928764343 169
1699519142516 0.7830063104629517 170
1699519160689 0.7787526845932007 171
1699519172335 0.7346790432929993 172
1699519183877 0.6898991465568542 173
1699519195285 0.7866673469543457 174
1699519207820 0.7754590511322021 175
1699519226145 0.7561958432197571 176
1699519237723 0.777177631855011 177
1699519249238 0.8012133836746216 178
1699519260724 0.7771782875061035 179
1699519272269 0.7393689155578613 180
1699519290473 0.895018994808197 181
1699519302115 0.8053045272827148 182
1699519313392 0.7772337794303894 183
1699519324720 0.7485105991363525 184
1699519336274 0.8085885643959045 185
1699519354408 0.7892507314682007 186
1699519366173 0.7518575191497803 187
1699519377732 0.8198223114013672 188
1699519389441 0.6668083071708679 189
1699519400981 0.7765469551086426 190
1699519419952 0.7807093262672424 191
1699519431780 0.81953364610672 192
1699519443473 0.8099469542503357 193
1699519454818 0.749305784702301 194
1699519466652 0.8026763200759888 195
1699519485098 0.845605731010437 196
1699519496726 0.7861807942390442 197
1699519508400 0.7285919189453125 198
1699519521601 0.752007246017456 199
1699519536537 0.8377180099487305 200
1699519556014 0.8241152167320251 201
1699519568375 0.7385556101799011 202
1699519581388 0.7695116400718689 203
1699519593688 0.7839102745056152 204
1699519605659 0.8034928441047668 205
1699519624270 0.7289791703224182 206
1699519636267 0.6959524154663086 207
1699519648462 0.7630886435508728 208
1699519660398 0.8290456533432007 209
1699519672243 0.7482722997665405 210
1699519691270 0.8098039031028748 211
1699519704194 0.7971790432929993 212
1699519716326 0.7272327542304993 213
1699519728956 0.7826669216156006 214
1699519741221 0.7715338468551636 215
1699519759759 0.7844009399414062 216
1699519771903 0.7758633494377136 217
1699519784636 0.7844073176383972 218
1699519796592 0.7380302548408508 219
1699519808461 0.7989697456359863 220
1699519827187 0.7288721203804016 221
1699519839304 0.7749993801116943 222
1699519851213 0.838699221611023 223
1699519863326 0.8054513931274414 224
1699519875227 0.7605201601982117 225
1699519893948 0.7477240562438965 226
1699519906152 0.825563371181488 227
1699519918876 0.8498125076293945 228
1699519930981 0.7921018004417419 229
1699519943095 0.7700265049934387 230
1699519961670 0.7696958184242249 231
1699519974061 0.7627562880516052 232
1699519986201 0.8356413245201111 233
1699519998483 0.7730501294136047 234
1699520010459 0.7579020857810974 235
1699520029427 0.8369449973106384 236
1699520042251 0.83267742395401 237
1699520054587 0.7751398682594299 238
1699520066671 0.8964909911155701 239
1699520078796 0.8132411241531372 240
1699520097405 0.7931513786315918 241
1699520109701 0.9066998362541199 242
1699520122087 0.7272903323173523 243
1699520134245 0.7887703776359558 244
1699520146506 0.7729380130767822 245
1699520165224 0.7408294081687927 246
1699520177338 0.7901904582977295 247
1699520189500 0.8752270936965942 248
1699520201688 0.7503105998039246 249
1699520213672 0.7031432390213013 250
1699520232601 0.8363202810287476 251
1699520244925 0.7942860126495361 252
1699520257555 0.7751396298408508 253
1699520270089 0.7824245691299438 254
1699520282694 0.8612686395645142 255
1699520301658 0.7834975719451904 256
1699520314106 0.733221709728241 257
1699520326358 0.8129937052726746 258
1699520338183 0.84261554479599 259
1699520350454 0.7843180894851685 260
1699520369733 0.7839410305023193 261
1699520381964 0.7945259213447571 262
1699520393991 0.9049282073974609 263
1699520406151 0.8237953186035156 264
1699520418333 0.7266685962677002 265
1699520437909 0.8482036590576172 266
1699520450612 0.7795681953430176 267
1699520463667 0.8224722146987915 268
1699520476418 0.8649166822433472 269
