1701336875359 0.06164477285166941 0
1701336892191 0.19003153072652854 1
1701336897154 0.44272976680384085 2
1701336901925 0.47039473684210525 3
1701336908172 0.47039473684210525 4
1701336914513 0.47025398781406175 5
1701336933791 0.47025398781406175 6
1701336939471 0.47033840252089326 7
1701336944862 0.4703102527224163 8
1701336950374 0.47036656389174375 9
1701336955415 0.47033840252089326 10
1701336973007 0.47036656389174375 11
1701336978768 0.47036656389174375 12
1701336984197 0.47036656389174375 13
1701336989505 0.47036656389174375 14
1701336994883 0.47036656389174375 15
1701337012715 0.47036656389174375 16
1701337018361 0.47036656389174375 17
1701337023537 0.47036656389174375 18
1701337028743 0.47036656389174375 19
1701337033681 0.47036656389174375 20
1701337052291 0.47036656389174375 21
1701337057638 0.47036656389174375 22
1701337062876 0.47036656389174375 23
1701337067894 0.47036656389174375 24
1701337073244 0.47036656389174375 25
1701337090760 0.47036656389174375 26
1701337096558 0.47036656389174375 27
1701337101701 0.47036656389174375 28
1701337106760 0.47036656389174375 29
1701337111610 0.47036656389174375 30
1701337129783 0.47036656389174375 31
1701337135220 0.47036656389174375 32
1701337140700 0.47036656389174375 33
1701337145803 0.47036656389174375 34
1701337150740 0.47036656389174375 35
1701337165406 0.47036656389174375 36
1701337170571 0.47036656389174375 37
1701337175619 0.47036656389174375 38
1701337180565 0.47036656389174375 39
1701337185374 0.47036656389174375 40
1701337198811 0.47036656389174375 41
1701337203986 0.47036656389174375 42
1701337208928 0.47036656389174375 43
1701337213630 0.47036656389174375 44
1701337219364 0.47036656389174375 45
1701337232721 0.47036656389174375 46
1701337237889 0.47036656389174375 47
1701337242999 0.47036656389174375 48
1701337247985 0.47036656389174375 49
1701337253015 0.47036656389174375 50
1701337270132 0.47036656389174375 51
1701337275452 0.47036656389174375 52
1701337280559 0.47036656389174375 53
1701337285455 0.47036656389174375 54
1701337290184 0.47036656389174375 55
1701337303739 0.47036656389174375 56
1701337308823 0.47036656389174375 57
1701337313752 0.47036656389174375 58
1701337318531 0.47036656389174375 59
1701337323221 0.47036656389174375 60
1701337336609 0.47036656389174375 61
1701337341890 0.47036656389174375 62
1701337346972 0.47036656389174375 63
1701337352140 0.47036656389174375 64
1701337357144 0.47036656389174375 65
1701337370864 0.47036656389174375 66
1701337376273 0.47036656389174375 67
1701337381509 0.47036656389174375 68
1701337386663 0.47036656389174375 69
1701337391713 0.47036656389174375 70
1701337404835 0.47036656389174375 71
1701337410381 0.47036656389174375 72
1701337415400 0.47036656389174375 73
1701337420333 0.47036656389174375 74
1701337425106 0.47036656389174375 75
1701337438569 0.47036656389174375 76
1701337443684 0.47036656389174375 77
1701337448653 0.47036656389174375 78
1701337453447 0.47036656389174375 79
1701337458190 0.47036656389174375 80
1701337471263 0.47036656389174375 81
1701337476308 0.47036656389174375 82
1701337481124 0.47036656389174375 83
1701337485668 0.47036656389174375 84
1701337489964 0.47036656389174375 85
1701337503979 0.47036656389174375 86
1701337509613 0.47036656389174375 87
1701337514576 0.47036656389174375 88
1701337519421 0.47036656389174375 89
1701337524121 0.47036656389174375 90
1701337537482 0.47036656389174375 91
1701337542719 0.47036656389174375 92
1701337547790 0.47036656389174375 93
1701337552676 0.47036656389174375 94
1701337557375 0.47036656389174375 95
1701337570448 0.47036656389174375 96
1701337575567 0.47036656389174375 97
1701337580525 0.47036656389174375 98
1701337585427 0.47036656389174375 99
1701337590174 0.47036656389174375 100
