1701336875359 0.10404757780472314 0
1701336892191 0.19535009995916283 1
1701336897154 0.1980615601906781 2
1701336901925 0.19694515803661838 3
1701336908172 0.19694515803661838 4
1701336914513 0.19512196920720568 5
1701336933791 0.19512196920720568 6
1701336939471 0.1962168786073342 7
1701336944862 0.1958522413616571 8
1701336950374 0.1965811839926003 9
1701336955415 0.1962168786073342 10
1701336973007 0.1965811839926003 11
1701336978768 0.1965811839926003 12
1701336984197 0.1965811839926003 13
1701336989505 0.1965811839926003 14
1701336994883 0.1965811839926003 15
1701337012715 0.1965811839926003 16
1701337018361 0.1965811839926003 17
1701337023537 0.1965811839926003 18
1701337028743 0.1965811839926003 19
1701337033681 0.1965811839926003 20
1701337052291 0.1965811839926003 21
1701337057638 0.1965811839926003 22
1701337062876 0.1965811839926003 23
1701337067894 0.1965811839926003 24
1701337073244 0.1965811839926003 25
1701337090760 0.1965811839926003 26
1701337096558 0.1965811839926003 27
1701337101701 0.1965811839926003 28
1701337106760 0.1965811839926003 29
1701337111610 0.1965811839926003 30
1701337129783 0.1965811839926003 31
1701337135220 0.1965811839926003 32
1701337140700 0.1965811839926003 33
1701337145803 0.1965811839926003 34
1701337150740 0.1965811839926003 35
1701337165406 0.1965811839926003 36
1701337170571 0.1965811839926003 37
1701337175619 0.1965811839926003 38
1701337180565 0.1965811839926003 39
1701337185374 0.1965811839926003 40
1701337198811 0.1965811839926003 41
1701337203986 0.1965811839926003 42
1701337208928 0.1965811839926003 43
1701337213630 0.1965811839926003 44
1701337219364 0.1965811839926003 45
1701337232721 0.1965811839926003 46
1701337237889 0.1965811839926003 47
1701337242999 0.1965811839926003 48
1701337247985 0.1965811839926003 49
1701337253015 0.1965811839926003 50
1701337270132 0.1965811839926003 51
1701337275452 0.1965811839926003 52
1701337280559 0.1965811839926003 53
1701337285455 0.1965811839926003 54
1701337290184 0.1965811839926003 55
1701337303739 0.1965811839926003 56
1701337308823 0.1965811839926003 57
1701337313752 0.1965811839926003 58
1701337318531 0.1965811839926003 59
1701337323221 0.1965811839926003 60
1701337336609 0.1965811839926003 61
1701337341890 0.1965811839926003 62
1701337346972 0.1965811839926003 63
1701337352140 0.1965811839926003 64
1701337357144 0.1965811839926003 65
1701337370864 0.1965811839926003 66
1701337376273 0.1965811839926003 67
1701337381509 0.1965811839926003 68
1701337386663 0.1965811839926003 69
1701337391713 0.1965811839926003 70
1701337404835 0.1965811839926003 71
1701337410381 0.1965811839926003 72
1701337415400 0.1965811839926003 73
1701337420333 0.1965811839926003 74
1701337425106 0.1965811839926003 75
1701337438569 0.1965811839926003 76
1701337443684 0.1965811839926003 77
1701337448653 0.1965811839926003 78
1701337453447 0.1965811839926003 79
1701337458190 0.1965811839926003 80
1701337471263 0.1965811839926003 81
1701337476308 0.1965811839926003 82
1701337481124 0.1965811839926003 83
1701337485668 0.1965811839926003 84
1701337489964 0.1965811839926003 85
1701337503979 0.1965811839926003 86
1701337509613 0.1965811839926003 87
1701337514576 0.1965811839926003 88
1701337519421 0.1965811839926003 89
1701337524121 0.1965811839926003 90
1701337537482 0.1965811839926003 91
1701337542719 0.1965811839926003 92
1701337547790 0.1965811839926003 93
1701337552676 0.1965811839926003 94
1701337557375 0.1965811839926003 95
1701337570448 0.1965811839926003 96
1701337575567 0.1965811839926003 97
1701337580525 0.1965811839926003 98
1701337585427 0.1965811839926003 99
1701337590174 0.1965811839926003 100
