1701336875359 0.3333333333333333 0
1701336892191 0.3215101738808731 1
1701336897154 0.3351936411297142 2
1701336901925 0.33468628445797394 3
1701336908172 0.33468628445797394 4
1701336914513 0.3338406900050736 5
1701336933791 0.3338406900050736 6
1701336939471 0.33434804667681384 7
1701336944862 0.3341789277862337 8
1701336950374 0.3345171655673939 9
1701336955415 0.33434804667681384 10
1701336973007 0.3345171655673939 11
1701336978768 0.3345171655673939 12
1701336984197 0.3345171655673939 13
1701336989505 0.3345171655673939 14
1701336994883 0.3345171655673939 15
1701337012715 0.3345171655673939 16
1701337018361 0.3345171655673939 17
1701337023537 0.3345171655673939 18
1701337028743 0.3345171655673939 19
1701337033681 0.3345171655673939 20
1701337052291 0.3345171655673939 21
1701337057638 0.3345171655673939 22
1701337062876 0.3345171655673939 23
1701337067894 0.3345171655673939 24
1701337073244 0.3345171655673939 25
1701337090760 0.3345171655673939 26
1701337096558 0.3345171655673939 27
1701337101701 0.3345171655673939 28
1701337106760 0.3345171655673939 29
1701337111610 0.3345171655673939 30
1701337129783 0.3345171655673939 31
1701337135220 0.3345171655673939 32
1701337140700 0.3345171655673939 33
1701337145803 0.3345171655673939 34
1701337150740 0.3345171655673939 35
1701337165406 0.3345171655673939 36
1701337170571 0.3345171655673939 37
1701337175619 0.3345171655673939 38
1701337180565 0.3345171655673939 39
1701337185374 0.3345171655673939 40
1701337198811 0.3345171655673939 41
1701337203986 0.3345171655673939 42
1701337208928 0.3345171655673939 43
1701337213630 0.3345171655673939 44
1701337219364 0.3345171655673939 45
1701337232721 0.3345171655673939 46
1701337237889 0.3345171655673939 47
1701337242999 0.3345171655673939 48
1701337247985 0.3345171655673939 49
1701337253015 0.3345171655673939 50
1701337270132 0.3345171655673939 51
1701337275452 0.3345171655673939 52
1701337280559 0.3345171655673939 53
1701337285455 0.3345171655673939 54
1701337290184 0.3345171655673939 55
1701337303739 0.3345171655673939 56
1701337308823 0.3345171655673939 57
1701337313752 0.3345171655673939 58
1701337318531 0.3345171655673939 59
1701337323221 0.3345171655673939 60
1701337336609 0.3345171655673939 61
1701337341890 0.3345171655673939 62
1701337346972 0.3345171655673939 63
1701337352140 0.3345171655673939 64
1701337357144 0.3345171655673939 65
1701337370864 0.3345171655673939 66
1701337376273 0.3345171655673939 67
1701337381509 0.3345171655673939 68
1701337386663 0.3345171655673939 69
1701337391713 0.3345171655673939 70
1701337404835 0.3345171655673939 71
1701337410381 0.3345171655673939 72
1701337415400 0.3345171655673939 73
1701337420333 0.3345171655673939 74
1701337425106 0.3345171655673939 75
1701337438569 0.3345171655673939 76
1701337443684 0.3345171655673939 77
1701337448653 0.3345171655673939 78
1701337453447 0.3345171655673939 79
1701337458190 0.3345171655673939 80
1701337471263 0.3345171655673939 81
1701337476308 0.3345171655673939 82
1701337481124 0.3345171655673939 83
1701337485668 0.3345171655673939 84
1701337489964 0.3345171655673939 85
1701337503979 0.3345171655673939 86
1701337509613 0.3345171655673939 87
1701337514576 0.3345171655673939 88
1701337519421 0.3345171655673939 89
1701337524121 0.3345171655673939 90
1701337537482 0.3345171655673939 91
1701337542719 0.3345171655673939 92
1701337547790 0.3345171655673939 93
1701337552676 0.3345171655673939 94
1701337557375 0.3345171655673939 95
1701337570448 0.3345171655673939 96
1701337575567 0.3345171655673939 97
1701337580525 0.3345171655673939 98
1701337585427 0.3345171655673939 99
1701337590174 0.3345171655673939 100
