1701336875359 0.18493431855500822 0
1701336892191 0.23296387520525452 1
1701336897154 0.41276683087027916 2
1701336901925 0.4121510673234811 3
1701336908172 0.4121510673234811 4
1701336914513 0.4111247947454844 5
1701336933791 0.4111247947454844 6
1701336939471 0.41174055829228245 7
1701336944862 0.41153530377668307 8
1701336950374 0.4119458128078818 9
1701336955415 0.41174055829228245 10
1701336973007 0.4119458128078818 11
1701336978768 0.4119458128078818 12
1701336984197 0.4119458128078818 13
1701336989505 0.4119458128078818 14
1701336994883 0.4119458128078818 15
1701337012715 0.4119458128078818 16
1701337018361 0.4119458128078818 17
1701337023537 0.4119458128078818 18
1701337028743 0.4119458128078818 19
1701337033681 0.4119458128078818 20
1701337052291 0.4119458128078818 21
1701337057638 0.4119458128078818 22
1701337062876 0.4119458128078818 23
1701337067894 0.4119458128078818 24
1701337073244 0.4119458128078818 25
1701337090760 0.4119458128078818 26
1701337096558 0.4119458128078818 27
1701337101701 0.4119458128078818 28
1701337106760 0.4119458128078818 29
1701337111610 0.4119458128078818 30
1701337129783 0.4119458128078818 31
1701337135220 0.4119458128078818 32
1701337140700 0.4119458128078818 33
1701337145803 0.4119458128078818 34
1701337150740 0.4119458128078818 35
1701337165406 0.4119458128078818 36
1701337170571 0.4119458128078818 37
1701337175619 0.4119458128078818 38
1701337180565 0.4119458128078818 39
1701337185374 0.4119458128078818 40
1701337198811 0.4119458128078818 41
1701337203986 0.4119458128078818 42
1701337208928 0.4119458128078818 43
1701337213630 0.4119458128078818 44
1701337219364 0.4119458128078818 45
1701337232721 0.4119458128078818 46
1701337237889 0.4119458128078818 47
1701337242999 0.4119458128078818 48
1701337247985 0.4119458128078818 49
1701337253015 0.4119458128078818 50
1701337270132 0.4119458128078818 51
1701337275452 0.4119458128078818 52
1701337280559 0.4119458128078818 53
1701337285455 0.4119458128078818 54
1701337290184 0.4119458128078818 55
1701337303739 0.4119458128078818 56
1701337308823 0.4119458128078818 57
1701337313752 0.4119458128078818 58
1701337318531 0.4119458128078818 59
1701337323221 0.4119458128078818 60
1701337336609 0.4119458128078818 61
1701337341890 0.4119458128078818 62
1701337346972 0.4119458128078818 63
1701337352140 0.4119458128078818 64
1701337357144 0.4119458128078818 65
1701337370864 0.4119458128078818 66
1701337376273 0.4119458128078818 67
1701337381509 0.4119458128078818 68
1701337386663 0.4119458128078818 69
1701337391713 0.4119458128078818 70
1701337404835 0.4119458128078818 71
1701337410381 0.4119458128078818 72
1701337415400 0.4119458128078818 73
1701337420333 0.4119458128078818 74
1701337425106 0.4119458128078818 75
1701337438569 0.4119458128078818 76
1701337443684 0.4119458128078818 77
1701337448653 0.4119458128078818 78
1701337453447 0.4119458128078818 79
1701337458190 0.4119458128078818 80
1701337471263 0.4119458128078818 81
1701337476308 0.4119458128078818 82
1701337481124 0.4119458128078818 83
1701337485668 0.4119458128078818 84
1701337489964 0.4119458128078818 85
1701337503979 0.4119458128078818 86
1701337509613 0.4119458128078818 87
1701337514576 0.4119458128078818 88
1701337519421 0.4119458128078818 89
1701337524121 0.4119458128078818 90
1701337537482 0.4119458128078818 91
1701337542719 0.4119458128078818 92
1701337547790 0.4119458128078818 93
1701337552676 0.4119458128078818 94
1701337557375 0.4119458128078818 95
1701337570448 0.4119458128078818 96
1701337575567 0.4119458128078818 97
1701337580525 0.4119458128078818 98
1701337585427 0.4119458128078818 99
1701337590174 0.4119458128078818 100
