1701336875526 1.1490116641412373 0
1701336892348 1.1074427841535581 1
1701336897268 1.0867493511025423 2
1701336902041 1.0754084665011736 3
1701336908293 1.0685736704495996 4
1701336914678 1.0642061560761695 5
1701336934012 1.061284133811402 6
1701336939588 1.0590335972168867 7
1701336944981 1.0575421277214498 8
1701336950492 1.0564422326929428 9
1701336955532 1.05567848331788 10
1701336973179 1.0550731311436572 11
1701336978883 1.0555990361699872 12
1701336984315 1.0547550102464514 13
1701336989622 1.054739057238585 14
1701336994999 1.0540170124153685 15
1701337012917 1.0538456860710592 16
1701337018477 1.0531697787490546 17
1701337023655 1.0538623827734803 18
1701337028858 1.0537946473539266 19
1701337033800 1.0537044355292726 20
1701337052431 1.0534002445881663 21
1701337057753 1.0531073563239153 22
1701337062991 1.0528006253678814 23
1701337068010 1.053576441761715 24
1701337073360 1.053845475312152 25
1701337090920 1.0532938241958618 26
1701337096673 1.053235637985803 27
1701337101818 1.0527126972192253 28
1701337106876 1.0535050022835826 29
1701337111727 1.0526811383128944 30
1701337129938 1.0532395641009014 31
1701337135339 1.0540334855029785 32
1701337140818 1.0526599358109867 33
1701337145919 1.053501088634815 34
1701337150856 1.0526677377862868 35
1701337165526 1.0529306819236357 36
1701337170686 1.0529137195325364 37
1701337175735 1.0532078478071425 38
1701337180680 1.053205767877741 39
1701337185489 1.0532119426072812 40
1701337198928 1.052647280926798 41
1701337204101 1.0532188805100184 42
1701337209045 1.0526623842762965 43
1701337213746 1.0534848944813597 44
1701337219483 1.052916373302734 45
1701337232836 1.0529382583362605 46
1701337238005 1.053743529553507 47
1701337243114 1.0526470970484167 48
1701337248100 1.0526507091678046 49
1701337253129 1.052925376331105 50
1701337270286 1.0529066191779242 51
1701337275566 1.052938305864147 52
1701337280675 1.0532026540220174 53
1701337285571 1.0526606444439857 54
1701337290301 1.0534929305899376 55
1701337303855 1.0526566926170797 56
1701337308939 1.0529159669782602 57
1701337313867 1.0531958879209031 58
1701337318646 1.0531854275005315 59
1701337323339 1.0534720825993158 60
1701337336725 1.0529343341690263 61
1701337342006 1.0529477179440019 62
1701337347088 1.0529280819144904 63
1701337352255 1.0529380238134098 64
1701337357258 1.0526509697920357 65
1701337370981 1.052646138699226 66
1701337376387 1.0529274987239463 67
1701337381625 1.0531963281382144 68
1701337386780 1.053191157337887 69
1701337391828 1.0526626507441204 70
1701337404952 1.0534661583651126 71
1701337410498 1.053489487545163 72
1701337415515 1.0526644151195201 73
1701337420450 1.0529264866137038 74
1701337425222 1.0532250665371714 75
1701337438685 1.0529408341918896 76
1701337443799 1.0532300203454261 77
1701337448769 1.0532065119618683 78
1701337453564 1.0534796220025207 79
1701337458309 1.0532228584383048 80
1701337471378 1.052918840857113 81
1701337476423 1.0531995869150348 82
1701337481239 1.0534861329334233 83
1701337485783 1.0532125865711885 84
1701337490079 1.052930739969989 85
1701337504094 1.053214679356494 86
1701337509728 1.0529393736833061 87
1701337514692 1.0531856390385845 88
1701337519537 1.0526589825262431 89
1701337524236 1.0529459356482511 90
1701337537599 1.0531784580423942 91
1701337542835 1.052921311138502 92
1701337547906 1.0529483774908228 93
1701337552791 1.0526555819449082 94
1701337557491 1.0529634111067827 95
1701337570565 1.0534858356893453 96
1701337575683 1.052958770515093 97
1701337580640 1.053214945045172 98
1701337585543 1.0526456805615643 99
1701337590290 1.0526345929289176 100
