1701303152189 0.18493431855500822 0
1701303174161 0.2614942528735632 1
1701303184661 0.43267651888341546 2
1701303194298 0.43452380952380953 3
1701303204129 0.43226600985221675 4
1701303213717 0.43267651888341546 5
1701303236602 0.43226600985221675 6
1701303246082 0.4324712643678161 7
1701303255256 0.4328817733990148 8
1701303264571 0.43329228243021345 9
1701303273625 0.43329228243021345 10
1701303298145 0.43329228243021345 11
1701303307486 0.4330870279146141 12
1701303316086 0.4330870279146141 13
1701303325558 0.4330870279146141 14
1701303334638 0.4330870279146141 15
1701303351969 0.4330870279146141 16
1701303360637 0.4330870279146141 17
1701303369435 0.4330870279146141 18
1701303378242 0.4330870279146141 19
1701303386958 0.4330870279146141 20
1701303403900 0.4330870279146141 21
1701303412338 0.4330870279146141 22
1701303420870 0.4330870279146141 23
1701303429646 0.4330870279146141 24
1701303438556 0.4330870279146141 25
1701303455442 0.4330870279146141 26
1701303463773 0.4330870279146141 27
1701303472440 0.4330870279146141 28
1701303480993 0.4330870279146141 29
1701303489695 0.4330870279146141 30
1701303506441 0.4330870279146141 31
1701303514906 0.4330870279146141 32
1701303523427 0.4330870279146141 33
1701303531998 0.4330870279146141 34
1701303540717 0.4330870279146141 35
1701303557402 0.4330870279146141 36
1701303565732 0.4330870279146141 37
1701303574281 0.4330870279146141 38
1701303583431 0.4330870279146141 39
1701303592619 0.4330870279146141 40
1701303609825 0.4330870279146141 41
1701303618339 0.4330870279146141 42
1701303626801 0.4330870279146141 43
1701303635338 0.4330870279146141 44
1701303643891 0.4330870279146141 45
1701303660502 0.4330870279146141 46
1701303668746 0.4330870279146141 47
1701303677143 0.4330870279146141 48
1701303685633 0.4330870279146141 49
1701303694192 0.4330870279146141 50
1701303710687 0.4330870279146141 51
1701303719000 0.4330870279146141 52
1701303727458 0.4330870279146141 53
1701303735865 0.4330870279146141 54
1701303744305 0.4330870279146141 55
1701303761005 0.4330870279146141 56
1701303769478 0.4330870279146141 57
1701303777900 0.4330870279146141 58
1701303786446 0.4330870279146141 59
1701303795242 0.4330870279146141 60
