1701303152189 0.06164477285166941 0
1701303174161 0.3468294826430088 1
1701303184661 0.33545228962475965 2
1701303194298 0.6265323116647082 3
1701303204129 0.29300763105507627 4
1701303213717 0.294064192171043 5
1701303236602 0.29398795511244175 6
1701303246082 0.29433709910310357 7
1701303255256 0.29466057595229805 8
1701303264571 0.2949839485211048 9
1701303273625 0.2949839485211048 10
1701303298145 0.2949839485211048 11
1701303307486 0.29482247577766446 12
1701303316086 0.29482247577766446 13
1701303325558 0.29482247577766446 14
1701303334638 0.29482247577766446 15
1701303351969 0.29482247577766446 16
1701303360637 0.29482247577766446 17
1701303369435 0.29482247577766446 18
1701303378242 0.29482247577766446 19
1701303386958 0.29482247577766446 20
1701303403900 0.29482247577766446 21
1701303412338 0.29482247577766446 22
1701303420870 0.29482247577766446 23
1701303429646 0.29482247577766446 24
1701303438556 0.29482247577766446 25
1701303455442 0.29482247577766446 26
1701303463773 0.29482247577766446 27
1701303472440 0.29482247577766446 28
1701303480993 0.29482247577766446 29
1701303489695 0.29482247577766446 30
1701303506441 0.29482247577766446 31
1701303514906 0.29482247577766446 32
1701303523427 0.29482247577766446 33
1701303531998 0.29482247577766446 34
1701303540717 0.29482247577766446 35
1701303557402 0.29482247577766446 36
1701303565732 0.29482247577766446 37
1701303574281 0.29482247577766446 38
1701303583431 0.29482247577766446 39
1701303592619 0.29482247577766446 40
1701303609825 0.29482247577766446 41
1701303618339 0.29482247577766446 42
1701303626801 0.29482247577766446 43
1701303635338 0.29482247577766446 44
1701303643891 0.29482247577766446 45
1701303660502 0.29482247577766446 46
1701303668746 0.29482247577766446 47
1701303677143 0.29482247577766446 48
1701303685633 0.29482247577766446 49
1701303694192 0.29482247577766446 50
1701303710687 0.29482247577766446 51
1701303719000 0.29482247577766446 52
1701303727458 0.29482247577766446 53
1701303735865 0.29482247577766446 54
1701303744305 0.29482247577766446 55
1701303761005 0.29482247577766446 56
1701303769478 0.29482247577766446 57
1701303777900 0.29482247577766446 58
1701303786446 0.29482247577766446 59
1701303795242 0.29482247577766446 60
