1701303152330 1.1061084285959022 0
1701303174514 1.0995966288950536 1
1701303184777 1.096594305781575 2
1701303194418 1.0952365042327286 3
1701303204263 1.0945143885426707 4
1701303213837 1.0940368996038066 5
1701303236740 1.093951338297361 6
1701303246210 1.0939156188593282 7
1701303255387 1.0937681801907428 8
1701303264688 1.0936978776733597 9
1701303273742 1.0937593633478337 10
1701303298332 1.0937492259137043 11
1701303307601 1.0937486747642615 12
1701303316203 1.0937418333895794 13
1701303325697 1.0936684778758459 14
1701303334756 1.0936709348257485 15
1701303352087 1.0937425950904944 16
1701303360768 1.0937731947217668 17
1701303369553 1.0937269415174211 18
1701303378359 1.0937310704937229 19
1701303387079 1.0938756682656028 20
1701303404017 1.093666596846147 21
1701303412468 1.0936893162789283 22
1701303421002 1.0936794110706873 23
1701303429763 1.0937707702834885 24
1701303438674 1.093729508387578 25
1701303455559 1.0937202007739575 26
1701303463905 1.09372130152467 27
1701303472563 1.0937443816816652 28
1701303481123 1.0937283704807232 29
1701303489812 1.0937804215914244 30
1701303506697 1.0937564899395038 31
1701303515039 1.0937427421668908 32
1701303523558 1.093780229618023 33
1701303532128 1.0937282172116367 34
1701303540833 1.093832497472887 35
1701303557518 1.093776806608423 36
1701303565875 1.0938352238048206 37
1701303574412 1.0937682483103368 38
1701303583550 1.0936894664516696 39
1701303592750 1.0936645362284276 40
1701303609941 1.0936942007634547 41
1701303618470 1.09366487218188 42
1701303626934 1.0938272661977 43
1701303635469 1.0937930655169796 44
1701303644020 1.0937289835570694 45
1701303660619 1.093785081590925 46
1701303668877 1.0937376037820594 47
1701303677273 1.0937423272566362 48
1701303685752 1.0936818664724177 49
1701303694309 1.0937308491050424 50
1701303710804 1.0936932316074124 51
1701303719130 1.0937724794660295 52
1701303727589 1.093720665225735 53
1701303735997 1.0937453818011593 54
1701303744436 1.093706621752157 55
1701303761121 1.0937252091122913 56
1701303769612 1.0938718613092002 57
1701303778033 1.0937222505544688 58
1701303786560 1.0937221267006614 59
1701303795358 1.0938500583945931 60
