1701303152189 0.3333333333333333 0
1701303174161 0.3338493496055363 1
1701303184661 0.3553255866182472 2
1701303194298 0.35495426507143063 3
1701303204129 0.35278767123287674 4
1701303213717 0.3530523422966345 5
1701303236602 0.35269939117199395 6
1701303246082 0.35285624894300693 7
1701303255256 0.35318958227634023 8
1701303264571 0.353525367833587 9
1701303273625 0.353525367833587 10
1701303298145 0.353525367833587 11
1701303307486 0.35335624894300693 12
1701303316086 0.35335624894300693 13
1701303325558 0.35335624894300693 14
1701303334638 0.35335624894300693 15
1701303351969 0.35335624894300693 16
1701303360637 0.35335624894300693 17
1701303369435 0.35335624894300693 18
1701303378242 0.35335624894300693 19
1701303386958 0.35335624894300693 20
1701303403900 0.35335624894300693 21
1701303412338 0.35335624894300693 22
1701303420870 0.35335624894300693 23
1701303429646 0.35335624894300693 24
1701303438556 0.35335624894300693 25
1701303455442 0.35335624894300693 26
1701303463773 0.35335624894300693 27
1701303472440 0.35335624894300693 28
1701303480993 0.35335624894300693 29
1701303489695 0.35335624894300693 30
1701303506441 0.35335624894300693 31
1701303514906 0.35335624894300693 32
1701303523427 0.35335624894300693 33
1701303531998 0.35335624894300693 34
1701303540717 0.35335624894300693 35
1701303557402 0.35335624894300693 36
1701303565732 0.35335624894300693 37
1701303574281 0.35335624894300693 38
1701303583431 0.35335624894300693 39
1701303592619 0.35335624894300693 40
1701303609825 0.35335624894300693 41
1701303618339 0.35335624894300693 42
1701303626801 0.35335624894300693 43
1701303635338 0.35335624894300693 44
1701303643891 0.35335624894300693 45
1701303660502 0.35335624894300693 46
1701303668746 0.35335624894300693 47
1701303677143 0.35335624894300693 48
1701303685633 0.35335624894300693 49
1701303694192 0.35335624894300693 50
1701303710687 0.35335624894300693 51
1701303719000 0.35335624894300693 52
1701303727458 0.35335624894300693 53
1701303735865 0.35335624894300693 54
1701303744305 0.35335624894300693 55
1701303761005 0.35335624894300693 56
1701303769478 0.35335624894300693 57
1701303777900 0.35335624894300693 58
1701303786446 0.35335624894300693 59
1701303795242 0.35335624894300693 60
