1701303152189 0.10404757780472314 0
1701303174161 0.25744705213672137 1
1701303184661 0.3217017504920458 2
1701303194298 0.3146955469058245 3
1701303204129 0.3103094659032153 4
1701303213717 0.30916966261748224 5
1701303236602 0.3084854911405367 6
1701303246082 0.3084049735804371 7
1701303255256 0.30866426949798814 8
1701303264571 0.3089810571515305 9
1701303273625 0.3089810571515305 10
1701303298145 0.3089810571515305 11
1701303307486 0.30879390024709363 12
1701303316086 0.30879390024709363 13
1701303325558 0.30879390024709363 14
1701303334638 0.30879390024709363 15
1701303351969 0.30879390024709363 16
1701303360637 0.30879390024709363 17
1701303369435 0.30879390024709363 18
1701303378242 0.30879390024709363 19
1701303386958 0.30879390024709363 20
1701303403900 0.30879390024709363 21
1701303412338 0.30879390024709363 22
1701303420870 0.30879390024709363 23
1701303429646 0.30879390024709363 24
1701303438556 0.30879390024709363 25
1701303455442 0.30879390024709363 26
1701303463773 0.30879390024709363 27
1701303472440 0.30879390024709363 28
1701303480993 0.30879390024709363 29
1701303489695 0.30879390024709363 30
1701303506441 0.30879390024709363 31
1701303514906 0.30879390024709363 32
1701303523427 0.30879390024709363 33
1701303531998 0.30879390024709363 34
1701303540717 0.30879390024709363 35
1701303557402 0.30879390024709363 36
1701303565732 0.30879390024709363 37
1701303574281 0.30879390024709363 38
1701303583431 0.30879390024709363 39
1701303592619 0.30879390024709363 40
1701303609825 0.30879390024709363 41
1701303618339 0.30879390024709363 42
1701303626801 0.30879390024709363 43
1701303635338 0.30879390024709363 44
1701303643891 0.30879390024709363 45
1701303660502 0.30879390024709363 46
1701303668746 0.30879390024709363 47
1701303677143 0.30879390024709363 48
1701303685633 0.30879390024709363 49
1701303694192 0.30879390024709363 50
1701303710687 0.30879390024709363 51
1701303719000 0.30879390024709363 52
1701303727458 0.30879390024709363 53
1701303735865 0.30879390024709363 54
1701303744305 0.30879390024709363 55
1701303761005 0.30879390024709363 56
1701303769478 0.30879390024709363 57
1701303777900 0.30879390024709363 58
1701303786446 0.30879390024709363 59
1701303795242 0.30879390024709363 60
