1701318922504 1.075252238441916 0
1701318942755 1.0513828463024564 1
1701318950291 1.0458054694474912 2
1701318957193 1.0431612523552638 3
1701318964065 1.0437736051534516 4
1701318970834 1.0425538701169632 5
1701318990402 1.0420459567331801 6
1701318997710 1.0414589616208294 7
1701319004574 1.040942186234044 8
1701319011275 1.0395188717281116 9
1701319017847 1.040449658250497 10
1701319037374 1.0386242769122902 11
1701319044737 1.0391112460809595 12
1701319051417 1.0392080962268355 13
1701319057927 1.0373414770450466 14
1701319064254 1.0375346681650948 15
1701319083559 1.0366675873207891 16
1701319090258 1.0372542154555227 17
1701319097668 1.0374652381036795 18
1701319104063 1.03586658621146 19
1701319110376 1.0369713244095347 20
1701319129435 1.0367576421475877 21
1701319136255 1.0351014133372338 22
1701319142729 1.0367369971244165 23
1701319149062 1.0351429640078078 24
1701319155255 1.0354169190319535 25
1701319174189 1.0357436479306688 26
1701319180669 1.0347199260798934 27
1701319186981 1.035099003829208 28
1701319193193 1.0348186415005354 29
1701319199290 1.0352658422943812 30
1701319218025 1.0356597725082846 31
1701319224385 1.0341209469277874 32
1701319230565 1.0340997050790226 33
1701319236666 1.0344025169322693 34
1701319242688 1.0342958530569388 35
1701319257671 1.0338092454118666 36
1701319264079 1.0356599891107845 37
1701319270413 1.0338698481422623 38
1701319276658 1.0332015616441863 39
1701319282878 1.033170026112226 40
1701319301977 1.0345601408310185 41
1701319308427 1.0340521125232471 42
1701319314742 1.033605613350089 43
1701319320913 1.0335576183655684 44
1701319327008 1.034012831114476 45
1701319345683 1.0330157225428065 46
1701319352000 1.0330242802894194 47
1701319358204 1.033929587579241 48
1701319364335 1.0348149604267545 49
1701319370353 1.0334240716267256 50
1701319385037 1.0333837539541955 51
1701319391288 1.0329075031031192 52
1701319397432 1.0342915638599521 53
1701319403493 1.0328218551243054 54
1701319409450 1.0337536342782911 55
1701319428705 1.0338449731371762 56
1701319435498 1.0327737424887864 57
1701319441765 1.0347315162615058 58
1701319447900 1.0342277670218274 59
1701319455830 1.0337158577894074 60
1701319470923 1.0332541859227848 61
1701319477215 1.0327429171481164 62
1701319483527 1.0337352776059918 63
1701319489793 1.033232178563386 64
1701319496812 1.0343361563152738 65
1701319511727 1.0337640717138652 66
1701319518014 1.03328549316506 67
1701319524189 1.0342760588608535 68
1701319530377 1.0338410887063718 69
1701319536450 1.0327501717735739 70
1701319551088 1.0327831339212805 71
1701319557283 1.033343299541598 72
1701319563361 1.0333592798195632 73
1701319569362 1.0342513657862844 74
1701319575269 1.0336812921598846 75
1701319589887 1.0332341774616367 76
1701319595996 1.0333125104312024 77
1701319602000 1.0332739267473907 78
1701319608837 1.033215253181707 79
1701319614668 1.0333525717648027 80
1701319629817 1.032776146932365 81
1701319635860 1.0337125581074385 82
1701319641776 1.0338180302794462 83
1701319647621 1.0337417047787336 84
1701319653406 1.0331995284635258 85
1701319668752 1.0347857810313406 86
1701319674966 1.032765072155622 87
1701319681352 1.0328046808055802 88
1701319687664 1.0341967484530281 89
1701319694044 1.0333134009947185 90
1701319708886 1.0328324694259494 91
1701319715215 1.0338582322488423 92
1701319721472 1.0333154633933423 93
1701319727722 1.0338112559973025 94
1701319733833 1.033214674276464 95
1701319748532 1.0332619134896721 96
1701319754841 1.0332106757008173 97
1701319761023 1.0336423672102635 98
1701319767032 1.0336350342806648 99
1701319773045 1.0332377338721082 100
1701319787384 1.0332469484385323 101
1701319793330 1.0332394573423598 102
1701319799237 1.0346865568285675 103
1701319806067 1.0332963973088982 104
1701319815450 1.0337599870426204 105
