1701318922386 0.40455665024630544 0
1701318942600 0.42610837438423643 1
1701318950174 0.4454022988505747 2
1701318957076 0.4583333333333333 3
1701318963948 0.46079638752052543 4
1701318970719 0.46798029556650245 5
1701318990260 0.4468390804597701 6
1701318997595 0.49835796387520526 7
1701319004455 0.4782430213464696 8
1701319011158 0.4839901477832512 9
1701319017729 0.4800903119868637 10
1701319037236 0.49137931034482757 11
1701319044620 0.48788998357963875 12
1701319051297 0.4944581280788177 13
1701319057807 0.4977422003284072 14
1701319064137 0.49486863711001644 15
1701319083407 0.48912151067323484 16
1701319090139 0.5038998357963875 17
1701319097549 0.49610016420361247 18
1701319103947 0.5073891625615764 19
1701319110259 0.5094417077175698 20
1701319129298 0.5092364532019704 21
1701319135809 0.5049261083743842 22
1701319142610 0.5069786535303776 23
1701319148945 0.513752052545156 24
1701319155140 0.5139573070607554 25
1701319174040 0.5116995073891626 26
1701319180551 0.5116995073891626 27
1701319186862 0.507183908045977 28
1701319193076 0.5112889983579638 29
1701319199174 0.5110837438423645 30
1701319217880 0.5139573070607554 31
1701319224268 0.5160098522167488 32
1701319230447 0.5151888341543513 33
1701319236549 0.5147783251231527 34
1701319242571 0.5145730706075534 35
1701319257553 0.5151888341543513 36
1701319263960 0.5129310344827587 37
1701319270294 0.5158045977011494 38
1701319276540 0.5155993431855501 39
1701319282761 0.5149835796387521 40
1701319301825 0.5160098522167488 41
1701319308309 0.5158045977011494 42
1701319314624 0.5162151067323482 43
1701319320795 0.5164203612479474 44
1701319326892 0.5174466338259441 45
1701319345533 0.5170361247947455 46
1701319351882 0.5176518883415435 47
1701319358087 0.5178571428571429 48
1701319364218 0.5180623973727422 49
1701319370236 0.5176518883415435 50
1701319384919 0.5180623973727422 51
1701319391169 0.5178571428571429 52
1701319397315 0.5176518883415435 53
1701319403377 0.5178571428571429 54
1701319409331 0.5182676518883416 55
1701319428543 0.5178571428571429 56
1701319435381 0.5180623973727422 57
1701319441646 0.5182676518883416 58
1701319447783 0.5182676518883416 59
1701319455711 0.5180623973727422 60
1701319470806 0.5184729064039408 61
1701319477098 0.5180623973727422 62
1701319483410 0.5180623973727422 63
1701319489676 0.5182676518883416 64
1701319496694 0.5182676518883416 65
1701319511602 0.5182676518883416 66
1701319517897 0.5182676518883416 67
1701319524072 0.5182676518883416 68
1701319530260 0.5182676518883416 69
1701319536333 0.5184729064039408 70
1701319550970 0.5182676518883416 71
1701319557166 0.5184729064039408 72
1701319563243 0.5184729064039408 73
1701319569245 0.5184729064039408 74
1701319575151 0.5184729064039408 75
1701319589770 0.5184729064039408 76
1701319595878 0.5184729064039408 77
1701319601883 0.5184729064039408 78
1701319608718 0.5184729064039408 79
1701319614551 0.5184729064039408 80
1701319629699 0.5184729064039408 81
1701319635743 0.5184729064039408 82
1701319641657 0.5184729064039408 83
1701319647502 0.5184729064039408 84
1701319653289 0.5184729064039408 85
1701319668636 0.5184729064039408 86
1701319674847 0.5184729064039408 87
1701319681233 0.5184729064039408 88
1701319687545 0.5184729064039408 89
1701319693927 0.5184729064039408 90
1701319708768 0.5184729064039408 91
1701319715089 0.5184729064039408 92
1701319721354 0.5184729064039408 93
1701319727604 0.5184729064039408 94
1701319733716 0.5184729064039408 95
1701319748415 0.5184729064039408 96
1701319754723 0.5184729064039408 97
1701319760896 0.5184729064039408 98
1701319766916 0.5184729064039408 99
1701319772929 0.5184729064039408 100
1701319787267 0.5184729064039408 101
1701319793214 0.5184729064039408 102
1701319799121 0.5184729064039408 103
1701319805927 0.5184729064039408 104
1701319815322 0.5184729064039408 105
