1701318922386 0.1348522167487685 0
1701318942600 0.28871844039629274 1
1701318950174 0.3529296003362008 2
1701318957076 0.3444839415702545 3
1701318963948 0.34319062805356015 4
1701318970719 0.35986284609458785 5
1701318990260 0.3820864181397885 6
1701318997595 0.3537719776615958 7
1701319004455 0.3596921987682504 8
1701319011158 0.3582837976294475 9
1701319017729 0.36312538892030655 10
1701319037236 0.3633221111489933 11
1701319044620 0.3622459206424562 12
1701319051297 0.35908929899325887 13
1701319057807 0.36418554351320087 14
1701319064137 0.36287633357007487 15
1701319083407 0.36052447294707357 16
1701319090139 0.3638367022763552 17
1701319097549 0.36202266013255385 18
1701319103947 0.36515691861916477 19
1701319110259 0.36496397307606543 20
1701319129298 0.3657599655232186 21
1701319135809 0.3649282316974219 22
1701319142610 0.3656996008843713 23
1701319148945 0.36580799194504965 24
1701319155140 0.3663195358364124 25
1701319174040 0.367316896076156 26
1701319180551 0.36605638372506305 27
1701319186862 0.3659496091915928 28
1701319193076 0.36637894876634197 29
1701319199174 0.36632080938108363 30
1701319217880 0.36775522722359516 31
1701319224268 0.36796279502911916 32
1701319230447 0.36773330021663836 33
1701319236549 0.36769091861042513 34
1701319242571 0.36785243676823837 35
1701319257553 0.36824248167531753 36
1701319263960 0.3670625647579311 37
1701319270294 0.36900153609831027 38
1701319276540 0.3682824456480816 39
1701319282761 0.36789342110290546 40
1701319301825 0.36832305506309826 41
1701319308309 0.36819380745632807 42
1701319314624 0.36859764224590497 43
1701319320795 0.3686539483302556 44
1701319326892 0.369193424371759 45
1701319345533 0.3688633462241316 46
1701319351882 0.3692493828764454 47
1701319358087 0.36930533576502483 48
1701319364218 0.36943369835798356 49
1701319370236 0.3692493828764454 50
1701319384919 0.36943369835798356 51
1701319391169 0.3693778809776153 52
1701319397315 0.3692493828764454 53
1701319403377 0.36930533576502483 54
1701319409331 0.36963460760589567 55
1701319428543 0.36930533576502483 56
1701319435381 0.36943369835798356 57
1701319441646 0.3697074206143953 58
1701319447783 0.3695619715584891 59
1701319455711 0.36943369835798356 60
1701319470806 0.36983569474971256 61
1701319477098 0.36943369835798356 62
1701319483410 0.36943369835798356 63
1701319489676 0.3695619715584891 64
1701319496694 0.36963460760589567 65
1701319511602 0.3695619715584891 66
1701319517897 0.36963460760589567 67
1701319524072 0.36963460760589567 68
1701319530260 0.36963460760589567 69
1701319536333 0.3697628366641697 70
1701319550970 0.36963460760589567 71
1701319557166 0.3697628366641697 72
1701319563243 0.3697628366641697 73
1701319569245 0.3697628366641697 74
1701319575151 0.3697628366641697 75
1701319589770 0.3697628366641697 76
1701319595878 0.3697628366641697 77
1701319601883 0.3697628366641697 78
1701319608718 0.3697628366641697 79
1701319614551 0.3697628366641697 80
1701319629699 0.3697628366641697 81
1701319635743 0.3697628366641697 82
1701319641657 0.3697628366641697 83
1701319647502 0.3697628366641697 84
1701319653289 0.3697628366641697 85
1701319668636 0.3697628366641697 86
1701319674847 0.3697628366641697 87
1701319681233 0.3697628366641697 88
1701319687545 0.3697628366641697 89
1701319693927 0.3697628366641697 90
1701319708768 0.3697628366641697 91
1701319715089 0.3697628366641697 92
1701319721354 0.3697628366641697 93
1701319727604 0.3697628366641697 94
1701319733716 0.3697628366641697 95
1701319748415 0.3697628366641697 96
1701319754723 0.3697628366641697 97
1701319760896 0.3697628366641697 98
1701319766916 0.3697628366641697 99
1701319772929 0.3697628366641697 100
1701319787267 0.3697628366641697 101
1701319793214 0.3697628366641697 102
1701319799121 0.3697628366641697 103
1701319805927 0.3697628366641697 104
1701319815322 0.3697628366641697 105
