1701318922386 0.19202104340201667 0
1701318942600 0.26819766752481494 1
1701318950174 0.2771443079527182 2
1701318957076 0.3081111586859821 3
1701318963948 0.31157903967876166 4
1701318970719 0.31121700643430944 5
1701318990260 0.2682305335515473 6
1701318997595 0.36005899413765646 7
1701319004455 0.3280698778370128 8
1701319011158 0.33714996845787687 9
1701319017729 0.32850919735663525 10
1701319037236 0.3456294372835515 11
1701319044620 0.3408547091960195 12
1701319051297 0.3525475490544039 13
1701319057807 0.3541775468603509 14
1701319064137 0.3507179477378566 15
1701319083407 0.3441118538991836 16
1701319090139 0.36224836596128746 17
1701319097549 0.3528606760657991 18
1701319103947 0.3661100766054653 19
1701319110259 0.36867502412801784 20
1701319129298 0.3681663022498262 21
1701319135809 0.36311856997583164 22
1701319142610 0.36529838050510816 23
1701319148945 0.373485659947624 24
1701319155140 0.3735196492706949 25
1701319174040 0.370312173094358 26
1701319180551 0.3710755266069221 27
1701319186862 0.36531496141947856 28
1701319193076 0.3703561949642577 29
1701319199174 0.37012809469517816 30
1701319217880 0.3728400305074316 31
1701319224268 0.37526612681892174 32
1701319230447 0.3743864722761619 33
1701319236549 0.37390257570186874 34
1701319242571 0.3735543814968345 35
1701319257553 0.37409660232662745 36
1701319263960 0.3720353075211636 37
1701319270294 0.3744283890285389 38
1701319276540 0.3745821697949383 39
1701319282761 0.374041362454014 40
1701319301825 0.3750648456848434 41
1701319308309 0.3748851160556317 42
1701319314624 0.3751631983126251 43
1701319320795 0.3753836173566219 44
1701319326892 0.3762642069504634 45
1701319345533 0.37594564704441397 46
1701319351882 0.3764833004903401 47
1701319358087 0.3767019673706539 48
1701319364218 0.37688086662247766 49
1701319370236 0.3764833004903401 50
1701319384919 0.37688086662247766 51
1701319391169 0.3766623766623767 52
1701319397315 0.3764833004903401 53
1701319403377 0.3767019673706539 54
1701319409331 0.3770203170298923 55
1701319428543 0.3767019673706539 56
1701319435381 0.37688086662247766 57
1701319441646 0.37698079623545455 58
1701319447783 0.37705969538996226 59
1701319455711 0.37688086662247766 60
1701319470806 0.37715976674358953 61
1701319477098 0.37688086662247766 62
1701319483410 0.37688086662247766 63
1701319489676 0.37705969538996226 64
1701319496694 0.3770203170298923 65
1701319511602 0.37705969538996226 66
1701319517897 0.3770203170298923 67
1701319524072 0.3770203170298923 68
1701319530260 0.3770203170298923 69
1701319536333 0.3771991813878697 70
1701319550970 0.3770203170298923 71
1701319557166 0.3771991813878697 72
1701319563243 0.3771991813878697 73
1701319569245 0.3771991813878697 74
1701319575151 0.3771991813878697 75
1701319589770 0.3771991813878697 76
1701319595878 0.3771991813878697 77
1701319601883 0.3771991813878697 78
1701319608718 0.3771991813878697 79
1701319614551 0.3771991813878697 80
1701319629699 0.3771991813878697 81
1701319635743 0.3771991813878697 82
1701319641657 0.3771991813878697 83
1701319647502 0.3771991813878697 84
1701319653289 0.3771991813878697 85
1701319668636 0.3771991813878697 86
1701319674847 0.3771991813878697 87
1701319681233 0.3771991813878697 88
1701319687545 0.3771991813878697 89
1701319693927 0.3771991813878697 90
1701319708768 0.3771991813878697 91
1701319715089 0.3771991813878697 92
1701319721354 0.3771991813878697 93
1701319727604 0.3771991813878697 94
1701319733716 0.3771991813878697 95
1701319748415 0.3771991813878697 96
1701319754723 0.3771991813878697 97
1701319760896 0.3771991813878697 98
1701319766916 0.3771991813878697 99
1701319772929 0.3771991813878697 100
1701319787267 0.3771991813878697 101
1701319793214 0.3771991813878697 102
1701319799121 0.3771991813878697 103
1701319805927 0.3771991813878697 104
1701319815322 0.3771991813878697 105
