1701318922386 0.3333333333333333 0
1701318942600 0.350330627431084 1
1701318950174 0.36240969051243027 2
1701318957076 0.37334618636901745 3
1701318963948 0.37539523084728565 4
1701318970719 0.38112802300016907 5
1701318990260 0.36343903263994587 6
1701318997595 0.4067387958734991 7
1701319004455 0.3897114831726704 8
1701319011158 0.3945350921697954 9
1701319017729 0.3911943176052765 10
1701319037236 0.4006527989176391 11
1701319044620 0.3977385421951632 12
1701319051297 0.4033342634872315 13
1701319057807 0.4059788601386775 14
1701319064137 0.40358667343142224 15
1701319083407 0.3988170133603923 16
1701319090139 0.41115296803652973 17
1701319097549 0.4046381701336039 18
1701319103947 0.4140598680872653 19
1701319110259 0.41579029257568073 20
1701319129298 0.41560155589379333 21
1701319135809 0.41199365804160326 22
1701319142610 0.41369956029088445 23
1701319148945 0.41940064265178423 24
1701319155140 0.41955995264671064 25
1701319174040 0.41762853035684083 26
1701319180551 0.41767021816336886 27
1701319186862 0.4138613225097243 28
1701319193076 0.41731236259090143 29
1701319199174 0.41714079147640787 30
1701319217880 0.4195182648401827 31
1701319224268 0.4212462371046846 32
1701319230447 0.4205599526467106 33
1701319236549 0.42021435819381026 34
1701319242571 0.42003543040757646 35
1701319257553 0.42054278707931675 36
1701319263960 0.41867757483510903 37
1701319270294 0.42103788263148995 38
1701319276540 0.42088838153221714 39
1701319282761 0.4203810248604769 40
1701319301825 0.4212339759851175 41
1701319308309 0.42106485709453745 42
1701319314624 0.42139819042787074 43
1701319320795 0.4215697615423643 44
1701319326892 0.42241535599526464 45
1701319345533 0.42207957043801797 46
1701319351882 0.42258692710975815 47
1701319358087 0.42275849822425166 48
1701319364218 0.42292761711483173 49
1701319370236 0.42258692710975815 50
1701319384919 0.42292761711483173 51
1701319391169 0.42275604600033817 52
1701319397315 0.42258692710975815 53
1701319403377 0.42275849822425166 54
1701319409331 0.4230942837814984 55
1701319428543 0.42275849822425166 56
1701319435381 0.42292761711483173 57
1701319441646 0.42309183155758495 58
1701319447783 0.4230967360054118 59
1701319455711 0.42292761711483173 60
1701319470806 0.42326095044816503 61
1701319477098 0.42292761711483173 62
1701319483410 0.42292761711483173 63
1701319489676 0.4230967360054118 64
1701319496694 0.4230942837814984 65
1701319511602 0.4230967360054118 66
1701319517897 0.4230942837814984 67
1701319524072 0.4230942837814984 68
1701319530260 0.4230942837814984 69
1701319536333 0.42326340267207846 70
1701319550970 0.4230942837814984 71
1701319557166 0.42326340267207846 72
1701319563243 0.42326340267207846 73
1701319569245 0.42326340267207846 74
1701319575151 0.42326340267207846 75
1701319589770 0.42326340267207846 76
1701319595878 0.42326340267207846 77
1701319601883 0.42326340267207846 78
1701319608718 0.42326340267207846 79
1701319614551 0.42326340267207846 80
1701319629699 0.42326340267207846 81
1701319635743 0.42326340267207846 82
1701319641657 0.42326340267207846 83
1701319647502 0.42326340267207846 84
1701319653289 0.42326340267207846 85
1701319668636 0.42326340267207846 86
1701319674847 0.42326340267207846 87
1701319681233 0.42326340267207846 88
1701319687545 0.42326340267207846 89
1701319693927 0.42326340267207846 90
1701319708768 0.42326340267207846 91
1701319715089 0.42326340267207846 92
1701319721354 0.42326340267207846 93
1701319727604 0.42326340267207846 94
1701319733716 0.42326340267207846 95
1701319748415 0.42326340267207846 96
1701319754723 0.42326340267207846 97
1701319760896 0.42326340267207846 98
1701319766916 0.42326340267207846 99
1701319772929 0.42326340267207846 100
1701319787267 0.42326340267207846 101
1701319793214 0.42326340267207846 102
1701319799121 0.42326340267207846 103
1701319805927 0.42326340267207846 104
1701319815322 0.42326340267207846 105
