1700105716520 0.32448956050294153 0
1700105741516 0.3108201638020533 1
1700105762419 0.3156073364863306 2
1700105782504 0.3270273387934018 3
1700105803364 0.32535471219287115 4
1700105824164 0.3307186526704349 5
1700105852070 0.3250086515168993 6
1700105872750 0.3378128965278579 7
1700105893041 0.3346983504441112 8
1700105913293 0.33175683469835043 9
1700105933573 0.33106471334640675 10
1700105959150 0.3344676433267966 11
1700105979364 0.3376975429692006 12
1700105999581 0.33475602722343983 13
1700106021658 0.3413888568462337 14
1700106041987 0.33925481601107393 15
1700106067408 0.3444457261506517 16
1700106089656 0.34392663513669397 17
1700106110388 0.33412158265082476 18
1700106132279 0.3387934017764448 19
1700106152611 0.34727188833775524 20
1700106178140 0.335217441458069 21
1700106198610 0.3498673434075441 22
1700106218909 0.34254239243280654 23
1700106239267 0.34311916022609296 24
1700106259993 0.34819471680701347 25
1700106285269 0.3442150190333372 26
1700106307007 0.34185027108086286 27
1700106327649 0.3477333025723844 28
1700106348011 0.3462337063098397 29
1700106368303 0.34842542392432807 30
1700106394537 0.3487138078209713 31
1700106415088 0.3506748183181451 32
1700106435430 0.34975198984888684 33
1700106455698 0.34640673664782556 34
1700106476498 0.35361633406390586 35
1700106501773 0.3416772407428769 36
1700106522084 0.3543661321951782 37
1700106542636 0.3477333025723844 38
1700106565085 0.35148229322874613 39
1700106585633 0.34732956511708385 40
1700106611183 0.34427269581266584 41
1700106631579 0.35384704118122046 42
1700106651876 0.35303956627061944 43
1700106672248 0.35148229322874613 44
1700106692887 0.3535009805052486 45
1700106718206 0.34992502018687277 46
1700106738611 0.3475025954550698 47
1700106759155 0.3489445149382858 48
1700106779757 0.3529818894912908 49
1700106800215 0.3528088591533049 50
1700106825401 0.35269350559464757 51
1700106846052 0.34963663629022956 52
1700106866348 0.35396239473987773 53
1700106887925 0.35823047641019723 54
1700106908545 0.3495789595109009 55
1700106933730 0.35119390933210287 56
1700106954097 0.3476756257930557 57
1700106975736 0.3603068404660284 58
1700106997793 0.3549428999884646 59
1700107018262 0.3552889606644365 60
1700107043435 0.35592340523705157 61
1700107064029 0.35453916253316414 62
1700107084700 0.34842542392432807 63
1700107104631 0.35211673780136116 64
1700107124769 0.35234744491867576 65
1700107149591 0.3492328988349291 66
1700107169468 0.35396239473987773 67
1700107189253 0.3515976467874034 68
1700107209381 0.35869189064482637 69
1700107230538 0.35125158611143154 70
1700107255428 0.351655323566732 71
1700107275507 0.35476986965047874 72
1700107295513 0.35055946475948785 73
1700107315318 0.3480793632483562 74
1700107335137 0.3552889606644365 75
1700107361649 0.3581727996308686 76
1700107381583 0.34611835275118236 77
1700107401456 0.35442380897450687 78
1700107422975 0.35811512285153996 79
1700107442959 0.3529818894912908 80
1700107467887 0.35327027338793404 81
1700107487961 0.35263582881531896 82
1700107508016 0.3578844157342254 83
1700107527902 0.3566732033683239 84
1700107547653 0.35673088014765253 85
1700107574135 0.35373168762256313 86
1700107594256 0.35413542507786366 87
1700107614254 0.35592340523705157 88
1700107634459 0.35523128388510783 89
1700107654380 0.35292421271196217 90
1700107680958 0.3555773445610797 91
1700107701495 0.34756027223439845 92
1700107722216 0.35523128388510783 93
1700107742255 0.35004037374553004 94
1700107762210 0.35563502134040836 95
1700107788597 0.3528665359326335 96
1700107810080 0.35332795016726265 97
1700107831522 0.35511593032645056 98
1700107851777 0.3480793632483562 99
1700107873327 0.3562117891336948 100
1700107898500 0.34611835275118236 101
1700107919276 0.36105663859730075 102
1700107939480 0.3519437074633752 103
1700107959519 0.3510785557734456 104
1700107979476 0.35061714153881646 105
1700108004643 0.3570192640442958 106
1700108024933 0.351020878994117 107
1700108044976 0.35269350559464757 108
1700108064968 0.35505825354712195 109
1700108085629 0.3562117891336948 110
1700108110632 0.35903795132079824 111
1700108130525 0.35805744607221135 112
1700108150579 0.3533856269465913 113
1700108170554 0.3561541123543661 114
1700108190461 0.3563848194716807 115
1700108215514 0.3520013842427039 116
1700108235509 0.35592340523705157 117
1700108255327 0.3513092628907602 118
1700108275308 0.3593840119967701 119
1700108295412 0.3515976467874034 120
1700108321676 0.3528665359326335 121
1700108341570 0.3594993655554274 122
1700108361678 0.3504441112008305 123
1700108381636 0.3506748183181451 124
1700108401648 0.35373168762256313 125
1700108426544 0.34975198984888684 126
1700108446646 0.35004037374553004 127
1700108466564 0.3507901718768024 128
1700108486512 0.3600761333487138 129
1700108506651 0.35148229322874613 130
1700108531538 0.3555773445610797 131
1700108551431 0.35413542507786366 132
1700108571418 0.3530972430499481 133
1700108591549 0.3543084554158496 134
1700108611866 0.35719229438228167 135
1700108636810 0.35476986965047874 136
1700108658586 0.3543661321951782 137
1700108679867 0.35811512285153996 138
1700108700445 0.356500173030338 139
1700108720688 0.34998269696620143 140
1700108745559 0.3501557273041873 141
1700108766906 0.35569269811973697 142
1700108786865 0.3567885569269812 143
1700108806862 0.3528088591533049 144
1700108826806 0.3558080516783943 145
1700108852922 0.35696158726496713 146
1700108873133 0.35742300149959627 147
1700108893137 0.35540431422309376 148
1700108913204 0.35113623255277426 149
1700108933203 0.3543661321951782 150
1700108958494 0.3549428999884646 151
1700108978383 0.3574806782789249 152
1700108998271 0.3427154227707925 153
1700109018442 0.3575960318375822 154
1700109038375 0.35603875879570884 155
1700109063369 0.35303956627061944 156
1700109084982 0.3501557273041873 157
1700109104909 0.35540431422309376 158
1700109126188 0.35442380897450687 159
1700109146250 0.36290229553581727 160
1700109171475 0.36076825470065754 161
1700109192699 0.3549428999884646 162
1700109212533 0.3513669396700888 163
1700109233349 0.3519437074633752 164
1700109253316 0.357307647940939 165
1700109278151 0.3570192640442958 166
1700109298370 0.3590956281001269 167
1700109318677 0.3605952243626716 168
1700109338724 0.35113623255277426 169
1700109358685 0.35263582881531896 170
1700109383880 0.3495212827315723 171
1700109403772 0.3581727996308686 172
1700109423504 0.35384704118122046 173
1700109444903 0.35724997116161034 174
1700109465016 0.3545968393124928 175
1700109489837 0.35811512285153996 176
1700109509529 0.35125158611143154 177
1700109529788 0.35534663744376516 178
1700109549645 0.35782673895489675 179
1700109569472 0.3528665359326335 180
1700109594473 0.3555773445610797 181
1700109614504 0.3559810820163802 182
1700109634599 0.3550005767677933 183
1700109654351 0.35355865728457725 184
1700109674469 0.34882916137962855 185
1700109700477 0.34784865613104166 186
1700109720046 0.35413542507786366 187
1700109740980 0.3579997692928827 188
1700109760994 0.34940592917291496 189
1700109780757 0.35696158726496713 190
1700109805923 0.35996077979005653 191
1700109825943 0.36105663859730075 192
1700109845699 0.3519437074633752 193
1700109865509 0.3544814857538355 194
1700109885362 0.35563502134040836 195
1700109910187 0.3474449186757411 196
1700109930035 0.3532125966086054 197
1700109950194 0.35511593032645056 198
1700109970157 0.35361633406390586 199
1700109989973 0.3562117891336948 200
1700110014718 0.35390471796054906 201
1700110034646 0.3460029991925251 202
1700110054440 0.3476756257930557 203
1700110074214 0.3531549198292767 204
1700110094600 0.3528088591533049 205
1700110120843 0.3525781520359903 206
1700110140703 0.35084784865613106 207
1700110160700 0.35032875764217325 208
1700110182281 0.3575960318375822 209
1700110202509 0.35742300149959627 210
1700110227292 0.3517130003460607 211
1700110247348 0.354077748298535 212
1700110267198 0.3473872418964125 213
1700110286937 0.3545968393124928 214
1700110306987 0.35540431422309376 215
1700110333212 0.35090552543545966 216
1700110354329 0.3528665359326335 217
1700110375648 0.3518860306840466 218
1700110395888 0.35523128388510783 219
1700110415766 0.35303956627061944 220
1700110440544 0.35361633406390586 221
1700110460361 0.357307647940939 222
1700110480226 0.3492328988349291 223
1700110500035 0.3564424962510093 224
1700110519819 0.3507901718768024 225
1700110544815 0.35719229438228167 226
1700110564611 0.3522897681393471 227
1700110585825 0.3615180528319299 228
1700110605673 0.3519437074633752 229
1700110625510 0.35684623370630986 230
1700110650424 0.35955704233475605 231
1700110670559 0.35361633406390586 232
1700110691762 0.3531549198292767 233
1700110711585 0.35834582996885456 234
1700110731442 0.3552889606644365 235
1700110757305 0.3597877494520706 236
1700110778368 0.35903795132079824 237
1700110798065 0.35396239473987773 238
1700110818085 0.35361633406390586 239
1700110837967 0.34640673664782556 240
1700110862694 0.35673088014765253 241
1700110882658 0.34548390817856733 242
1700110902479 0.35534663744376516 243
1700110922285 0.35119390933210287 244
1700110942040 0.35223209136001843 245
1700110967074 0.3535009805052486 246
1700110986929 0.3589802745414696 247
1700111008059 0.34848310070365673 248
1700111028233 0.36024916368669974 249
1700111048084 0.3543084554158496 250
1700111072859 0.356500173030338 251
1700111092755 0.3540200715192064 252
1700111112652 0.35903795132079824 253
1700111132801 0.3504441112008305 254
1700111152671 0.35690391048563846 255
1700111179646 0.35655784980966665 256
1700111199689 0.3590956281001269 257
1700111219871 0.351655323566732 258
1700111239840 0.3522897681393471 259
1700111260091 0.3570192640442958 260
1700111285173 0.3536740108432345 261
1700111305315 0.3525204752566617 262
1700111325544 0.35482754642980735 263
1700111345432 0.3507324950974738 264
1700111365329 0.34784865613104166 265
1700111391532 0.35724997116161034 266
1700111411740 0.35113623255277426 267
1700111431776 0.35482754642980735 268
1700111451764 0.3491752220556004 269
1700111473183 0.35603875879570884 270
1700111498237 0.35569269811973697 271
1700111518126 0.35142461644941747 272
1700111540903 0.35655784980966665 273
1700111562495 0.3536740108432345 274
1700111582591 0.3576537086169108 275
1700111607842 0.36261391163917406 276
1700111627982 0.35113623255277426 277
1700111647883 0.347790979351713 278
1700111667780 0.35632714269235205 279
1700111688999 0.3577113853962395 280
1700111714045 0.35753835505825354 281
1700111733974 0.35626946591302344 282
1700111754012 0.3558657284577229 283
1700111774027 0.35505825354712195 284
1700111793900 0.3545968393124928 285
1700111818800 0.35632714269235205 286
1700111838819 0.35413542507786366 287
1700111860014 0.3558080516783943 288
1700111880260 0.36203714384588764 289
1700111900361 0.357942092513554 290
1700111925305 0.35205906102203255 291
1700111945135 0.35361633406390586 292
1700111965142 0.35234744491867576 293
1700111985277 0.36324835621178914 294
1700112006659 0.35182835390471795 295
1700112031577 0.35961471911408466 296
1700112052912 0.3567885569269812 297
1700112072884 0.3563848194716807 298
1700112092690 0.35246279847733303 299
1700112112704 0.35476986965047874 300
1700112137670 0.36076825470065754 301
1700112157687 0.35303956627061944 302
1700112177657 0.3513669396700888 303
1700112197813 0.3518860306840466 304
1700112217839 0.3551736071057792 305
1700112244053 0.35575037489906564 306
1700112264261 0.3559810820163802 307
1700112284175 0.35713461760295306 308
1700112304012 0.3561541123543661 309
1700112323954 0.35084784865613106 310
1700112350340 0.3510785557734456 311
1700112370106 0.3591533048794555 312
1700112389957 0.35119390933210287 313
1700112410167 0.35234744491867576 314
1700112430120 0.35811512285153996 315
1700112455078 0.3530972430499481 316
1700112474927 0.35569269811973697 317
1700112495044 0.3534433037259199 318
1700112515149 0.3543084554158496 319
1700112537229 0.3555773445610797 320
1700112562607 0.35603875879570884 321
1700112583966 0.35373168762256313 322
1700112603883 0.3510785557734456 323
1700112623969 0.3513092628907602 324
1700112643962 0.3520013842427039 325
1700112669078 0.34911754527627176 326
1700112689172 0.36232552774253085 327
1700112709516 0.35027108086284464 328
1700112729505 0.35027108086284464 329
1700112749451 0.3528088591533049 330
1700112774637 0.35004037374553004 331
1700112794678 0.35442380897450687 332
1700112817238 0.3606529011420002 333
1700112837566 0.3546545160918214 334
1700112857679 0.357307647940939 335
1700112882688 0.35973007267274193 336
1700112902632 0.35540431422309376 337
1700112922991 0.35476986965047874 338
1700112943040 0.3615180528319299 339
1700112963163 0.3588072442034837 340
1700112988374 0.36146037605260123 341
1700113008216 0.357942092513554 342
1700113027852 0.35626946591302344 343
1700113047600 0.35211673780136116 344
1700113067603 0.3547121928711501 345
1700113092409 0.35592340523705157 346
1700113112134 0.3563848194716807 347
1700113132021 0.35505825354712195 348
1700113153023 0.35205906102203255 349
1700113172896 0.3585765370861691 350
1700113197959 0.3564424962510093 351
1700113217798 0.35396239473987773 352
1700113237594 0.3594993655554274 353
1700113257356 0.3592109816587842 354
1700113277223 0.35119390933210287 355
1700113302089 0.3505017879801592 356
1700113321896 0.3529818894912908 357
1700113341579 0.3543661321951782 358
1700113362715 0.35523128388510783 359
1700113384137 0.3561541123543661 360
1700113410292 0.3585188603068405 361
1700113430445 0.35390471796054906 362
1700113450237 0.3525204752566617 363
1700113470092 0.3558080516783943 364
1700113490168 0.3498673434075441 365
1700113514909 0.3544814857538355 366
1700113534662 0.3573653247202676 367
1700113554457 0.35373168762256313 368
1700113574296 0.351655323566732 369
1700113594172 0.3483677471449994 370
1700113618981 0.3563848194716807 371
1700113638804 0.3492328988349291 372
1700113658521 0.35153997000807474 373
1700113678398 0.3486561310416426 374
1700113698237 0.35563502134040836 375
1700113724359 0.3507324950974738 376
1700113744203 0.3563848194716807 377
1700113764141 0.35603875879570884 378
1700113785896 0.35263582881531896 379
1700113805659 0.3558080516783943 380
1700113830427 0.35390471796054906 381
1700113849989 0.3533856269465913 382
1700113869639 0.35396239473987773 383
1700113889347 0.3555196677817511 384
1700113910416 0.3558657284577229 385
1700113935383 0.3592109816587842 386
1700113956460 0.3505017879801592 387
1700113976362 0.34756027223439845 388
1700113996130 0.35413542507786366 389
1700114016017 0.35125158611143154 390
1700114040822 0.35355865728457725 391
1700114062099 0.3522897681393471 392
1700114082057 0.35419310185719227 393
1700114101966 0.3535009805052486 394
1700114121721 0.35961471911408466 395
1700114148011 0.3566732033683239 396
1700114169287 0.3525204752566617 397
1700114189098 0.35996077979005653 398
1700114208917 0.3570769408236244 399
1700114228647 0.35719229438228167 400
1700114253444 0.35511593032645056 401
1700114273081 0.35505825354712195 402
1700114293129 0.35177067712538934 403
1700114313001 0.35182835390471795 404
1700114332931 0.35482754642980735 405
1700114357910 0.3531549198292767 406
1700114377781 0.3603068404660284 407
1700114397545 0.3528088591533049 408
1700114417607 0.3521744145806898 409
1700114437558 0.3552889606644365 410
1700114462321 0.3573653247202676 411
1700114482134 0.35984542623139926 412
1700114502126 0.3558080516783943 413
1700114521931 0.3564424962510093 414
1700114541689 0.3563848194716807 415
1700114566702 0.3624408813011881 416
1700114586504 0.35373168762256313 417
1700114606286 0.36342138654977507 418
1700114627302 0.35840350674818316 419
1700114647267 0.3561541123543661 420
1700114672018 0.35719229438228167 421
1700114691858 0.3570192640442958 422
1700114712018 0.3504441112008305 423
1700114732119 0.3591533048794555 424
1700114752213 0.3515976467874034 425
1700114777886 0.35113623255277426 426
1700114797894 0.35263582881531896 427
1700114820365 0.35823047641019723 428
1700114840364 0.3487138078209713 429
1700114860359 0.35724997116161034 430
1700114885230 0.34848310070365673 431
1700114904977 0.354077748298535 432
1700114924960 0.3528665359326335 433
1700114944764 0.3544814857538355 434
1700114964532 0.3536740108432345 435
1700114989416 0.35275118237397624 436
1700115009372 0.35569269811973697 437
1700115029122 0.35390471796054906 438
1700115048986 0.35211673780136116 439
1700115069281 0.3476756257930557 440
1700115094208 0.35373168762256313 441
1700115113788 0.35148229322874613 442
1700115133575 0.3547121928711501 443
1700115154663 0.35419310185719227 444
1700115174448 0.3555773445610797 445
1700115199338 0.35724997116161034 446
1700115219246 0.3564424962510093 447
1700115238946 0.35234744491867576 448
1700115258639 0.35419310185719227 449
1700115278512 0.35327027338793404 450
1700115305988 0.3495212827315723 451
1700115326863 0.35269350559464757 452
1700115346530 0.35292421271196217 453
1700115367705 0.35511593032645056 454
1700115388236 0.356500173030338 455
1700115413123 0.3563848194716807 456
1700115433090 0.3519437074633752 457
1700115452895 0.357307647940939 458
1700115472802 0.35482754642980735 459
1700115494647 0.351655323566732 460
1700115519650 0.35753835505825354 461
1700115539328 0.35153997000807474 462
1700115559115 0.35523128388510783 463
1700115579036 0.3465220902064829 464
1700115598860 0.35442380897450687 465
1700115623667 0.3555773445610797 466
1700115643560 0.35004037374553004 467
1700115663350 0.3588649209828123 468
1700115683011 0.3560964355750375 469
1700115703439 0.35990310301072787 470
1700115728508 0.3500980505248587 471
1700115748337 0.3558080516783943 472
1700115768166 0.3518860306840466 473
1700115788131 0.3591533048794555 474
1700115807969 0.3483100703656708 475
1700115832839 0.34698350444111203 476
1700115852682 0.3550005767677933 477
1700115872642 0.3558657284577229 478
1700115892337 0.3555773445610797 479
1700115912043 0.35413542507786366 480
1700115937048 0.356500173030338 481
1700115956805 0.35655784980966665 482
1700115976566 0.351020878994117 483
1700115996543 0.35327027338793404 484
1700116016303 0.35361633406390586 485
1700116041168 0.34969431306955817 486
1700116061093 0.34992502018687277 487
1700116081270 0.3555196677817511 488
1700116101141 0.3515976467874034 489
1700116122200 0.3558080516783943 490
1700116147335 0.3498096666282155 491
1700116167213 0.35626946591302344 492
1700116186971 0.35655784980966665 493
1700116208248 0.35419310185719227 494
1700116228169 0.35724997116161034 495
1700116252856 0.35263582881531896 496
1700116272430 0.3543084554158496 497
1700116292072 0.35332795016726265 498
1700116311841 0.3532125966086054 499
