1700105716517 0.31450782021607465 0
1700105741513 0.31080172854008464 1
1700105762417 0.31231279835340625 2
1700105782502 0.31200458491910593 3
1700105803362 0.32290967343650884 4
1700105824161 0.31719841859781894 5
1700105852067 0.31762013861942334 6
1700105872749 0.3362509287448312 7
1700105893039 0.3327211139840964 8
1700105913291 0.32599931480002203 9
1700105933571 0.3213896105074903 10
1700105959148 0.3218901206845653 11
1700105979362 0.336746689702277 12
1700105999578 0.32139933863435033 13
1700106021657 0.3407993775733342 14
1700106041986 0.33826190182324006 15
1700106067406 0.343285574497618 16
1700106089654 0.3418566028767127 17
1700106110386 0.3290734813933444 18
1700106132278 0.33494804908626535 19
1700106152609 0.34390099803970137 20
1700106178138 0.3309330952239966 21
1700106198609 0.3472017203062263 22
1700106218908 0.3415858478858808 23
1700106239265 0.33955679860580834 24
1700106259992 0.34796960055626225 25
1700106285268 0.3420941898606447 26
1700106307006 0.3399796495332297 27
1700106327647 0.34614182335005167 28
1700106348009 0.3414690305708032 29
1700106368302 0.34354661969849754 30
1700106394535 0.3469204414847447 31
1700106415086 0.3473110998152735 32
1700106435428 0.3476050195834061 33
1700106455695 0.3447216683387027 34
1700106476497 0.35223015109901784 35
1700106501772 0.33948029505248245 36
1700106522082 0.35333183815268754 37
1700106542634 0.345029710962619 38
1700106565084 0.34948677876675127 39
1700106585631 0.3466701349310129 40
1700106611182 0.3432939265949158 41
1700106631578 0.35303442790567124 42
1700106651875 0.3509072406704054 43
1700106672247 0.3498173146741926 44
1700106692885 0.3518141305295773 45
1700106718204 0.3476884358818056 46
1700106738610 0.34509782285319 47
1700106759153 0.3474945376289161 48
1700106779756 0.3519808566592535 49
1700106800214 0.35157701886250514 50
1700106825400 0.3503387775556408 51
1700106846049 0.3482619098275101 52
1700106866346 0.3530776021507225 53
1700106887924 0.35697711760340384 54
1700106908544 0.3482954130452088 55
1700106933728 0.34960464986455936 56
1700106954096 0.34556318525959845 57
1700106975734 0.3593988398095688 58
1700106997790 0.35359488549100604 59
1700107018261 0.3538910919580835 60
1700107043434 0.3546050888560696 61
1700107064027 0.3533232113683098 62
1700107084697 0.3471963785573026 63
1700107104629 0.3507858325275115 64
1700107124766 0.3508346906474326 65
1700107149590 0.34803130221444095 66
1700107169466 0.3530521077994189 67
1700107189252 0.3506093569941684 68
1700107209379 0.3572903315971283 69
1700107230536 0.34988523672752386 70
1700107255425 0.3505076919752288 71
1700107275506 0.35344690401435214 72
1700107295510 0.34939600600557835 73
1700107315316 0.3471909058287894 74
1700107335134 0.3540989179904664 75
1700107361647 0.3572887518432535 76
1700107381580 0.34479044505589335 77
1700107401454 0.3532828195280218 78
1700107422973 0.35708620218744747 79
1700107442957 0.35132914084569206 80
1700107467884 0.35205405330347617 81
1700107487959 0.35143887271087454 82
1700107508013 0.356466273454231 83
1700107527900 0.3555894354781071 84
1700107547651 0.3556329606089356 85
1700107574133 0.3528175835560979 86
1700107594253 0.3533190533389045 87
1700107614252 0.35499496496280436 88
1700107634455 0.3540650921558939 89
1700107654378 0.3520590082095205 90
1700107680956 0.3543227917519964 91
1700107701492 0.34655327220568233 92
1700107722215 0.35439440499279495 93
1700107742253 0.3487606546490183 94
1700107762208 0.3546534221776296 95
1700107788596 0.35166512844344716 96
1700107810079 0.352170927751773 97
1700107831519 0.35407228903083326 98
1700107851775 0.3471613866663734 99
1700107873324 0.3551786990116586 100
1700107898499 0.34509543246470753 101
1700107919273 0.3598633924667957 102
1700107939478 0.35131708019923075 103
1700107959516 0.35020735629050953 104
1700107979473 0.3490695608956069 105
1700108004641 0.3559880400371816 106
1700108024931 0.3493899364272898 107
1700108044974 0.35150886049199276 108
1700108064967 0.354134510891402 109
1700108085626 0.35513462263543233 110
1700108110630 0.3580400432745228 111
1700108130522 0.35717850666154494 112
1700108150577 0.35217139043691814 113
1700108170551 0.35527869648206994 114
1700108190459 0.35546465725353743 115
1700108215511 0.3509000017424464 116
1700108235507 0.35456616601835383 117
1700108255324 0.349993426330135 118
1700108275306 0.3583146485240955 119
1700108295410 0.3504475271717104 120
1700108321674 0.35188472408861565 121
1700108341567 0.35816766768414987 122
1700108361676 0.34929039503288006 123
1700108381633 0.3496891515763025 124
1700108401647 0.35269338566072284 125
1700108426541 0.3483294145284102 126
1700108446645 0.34906001651565854 127
1700108466561 0.3499846795205049 128
1700108486510 0.3592753200626572 129
1700108506648 0.3501350904495453 130
1700108531536 0.35470113049499136 131
1700108551428 0.3531921034133318 132
1700108571416 0.3518102738773878 133
1700108591546 0.35347097467760064 134
1700108611864 0.3561409308006947 135
1700108636808 0.3540521870915281 136
1700108658582 0.35278889781680184 137
1700108679865 0.35698042840174143 138
1700108700443 0.3556190967078103 139
1700108720686 0.34908859597396713 140
1700108745556 0.3493060536593338 141
1700108766904 0.3546231690740891 142
1700108786863 0.3557573510988927 143
1700108806859 0.352056177634075 144
1700108826803 0.35510173424124486 145
1700108852919 0.3558763249366274 146
1700108873130 0.3568117140306229 147
1700108893134 0.35427238888109014 148
1700108913203 0.349735602901398 149
1700108933200 0.35346180409397904 150
1700108958492 0.35344891724626654 151
1700108978380 0.35655321438235754 152
1700108998269 0.3417976186409863 153
1700109018440 0.35662404009590914 154
1700109038373 0.3549050868401997 155
1700109063365 0.35211633809502074 156
1700109084980 0.3489663443317592 157
1700109104906 0.35445847905778227 158
1700109126186 0.35359038350177746 159
1700109146247 0.36178590866297505 160
1700109171474 0.3601057742527057 161
1700109192696 0.35419312728063196 162
1700109212531 0.35088182509872207 163
1700109233347 0.3508847535895725 164
1700109253313 0.3565199630617148 165
1700109278149 0.3561421147665828 166
1700109298368 0.3583437601581532 167
1700109318674 0.35938326249603075 168
1700109338722 0.35010692623752865 169
1700109358681 0.3517107474200407 170
1700109383878 0.3487801714889478 171
1700109403769 0.3573738333196443 172
1700109423502 0.3526963016302491 173
1700109444900 0.356406963390518 174
1700109465014 0.35372856727184426 175
1700109489834 0.3574539287597817 176
1700109509527 0.35028691486969915 177
1700109529785 0.35423655450155644 178
1700109549644 0.35683720051599194 179
1700109569470 0.3517446866769615 180
1700109594471 0.3545047892945523 181
1700109614502 0.35490460602102925 182
1700109634596 0.35370375207829813 183
1700109654348 0.3526586308589998 184
1700109674468 0.3477011891245004 185
1700109700475 0.34728784779470395 186
1700109720044 0.3531892027261536 187
1700109740979 0.3572256504258477 188
1700109760991 0.34853452707958404 189
1700109780755 0.35544498160728005 190
1700109805920 0.3583577155769082 191
1700109825941 0.3602241924409249 192
1700109845696 0.3507011945963847 193
1700109865507 0.35357751276852944 194
1700109885359 0.35460901485734125 195
1700109910185 0.3465756587621322 196
1700109930032 0.35158873072506824 197
1700109950191 0.3538284881418951 198
1700109970154 0.3526173078287276 199
1700109989970 0.35540267410335064 200
1700110014715 0.35285022665670457 201
1700110034644 0.34528846610054686 202
1700110054438 0.34685026551462034 203
1700110074213 0.35206582891221316 204
1700110094597 0.3521774175388675 205
1700110120842 0.3515920779235944 206
1700110140700 0.3497042561006802 207
1700110160699 0.34935036705189937 208
1700110182278 0.3568407476187511 209
1700110202507 0.3563041089493028 210
1700110227289 0.350745063013465 211
1700110247346 0.35355172769466 212
1700110267195 0.34602155968193665 213
1700110286934 0.35423833230809754 214
1700110306984 0.35442500518212966 215
1700110333210 0.3498152906853587 216
1700110354326 0.35196853791497035 217
1700110375646 0.3507655314599844 218
1700110395883 0.35435856869523646 219
1700110415765 0.35214397913943357 220
1700110440541 0.352581962675937 221
1700110460359 0.35643200695119387 222
1700110480223 0.3481341268651646 223
1700110500033 0.3554500679027335 224
1700110519816 0.3497004772697793 225
1700110544812 0.35605565535842043 226
1700110564608 0.3514168274400922 227
1700110585823 0.36042176350996113 228
1700110605670 0.3511146894587271 229
1700110625508 0.3557615897068545 230
1700110650421 0.35875323814198445 231
1700110670557 0.35281186197863 232
1700110691760 0.35170035210223904 233
1700110711583 0.3574541249987586 234
1700110731439 0.3546905661330982 235
1700110757303 0.3588910697620456 236
1700110778365 0.3581658740096671 237
1700110798063 0.3526507495723097 238
1700110818082 0.3528492575840842 239
1700110837964 0.34557061982355 240
1700110862691 0.3557726242252868 241
1700110882656 0.3443593364950896 242
1700110902476 0.354287825002601 243
1700110922282 0.3499323431361443 244
1700110942038 0.3513920271459119 245
1700110967070 0.3525177819344805 246
1700110986926 0.3580133413448041 247
1700111008057 0.34787790604801944 248
1700111028231 0.35918422863979854 249
1700111048080 0.35323961604560045 250
1700111072856 0.3557083832822172 251
1700111092752 0.3530363804963775 252
1700111112650 0.3580305342288777 253
1700111132799 0.34949805494055636 254
1700111152669 0.35539260828736047 255
1700111179643 0.35518718838271063 256
1700111199684 0.35834016890192205 257
1700111219868 0.35059482385264357 258
1700111239837 0.3514630363881319 259
1700111260089 0.3561054641695957 260
1700111285170 0.35271447228704017 261
1700111305314 0.3515875470510133 262
1700111325542 0.35360561819047936 263
1700111345430 0.3500537634820335 264
1700111365327 0.3466809211818511 265
1700111391531 0.3562316698984039 266
1700111411737 0.3500552238201884 267
1700111431774 0.3539852521921731 268
1700111451762 0.3479209623173513 269
1700111473181 0.35496150010637045 270
1700111498234 0.3545395437875536 271
1700111518124 0.3502054464472995 272
1700111540899 0.35551785094596716 273
1700111562493 0.3525508180454038 274
1700111582588 0.3568344710565217 275
1700111607840 0.3616334212511785 276
1700111627979 0.35005841378202907 277
1700111647881 0.34661553832390884 278
1700111667777 0.3550303694847525 279
1700111688996 0.3565812352274511 280
1700111714043 0.35635991571167774 281
1700111733972 0.3554407614522002 282
1700111754009 0.3549633974899633 283
1700111774025 0.354255090449322 284
1700111793898 0.35352373654125985 285
1700111818798 0.3556004315101244 286
1700111838817 0.35321828782799436 287
1700111860011 0.3545366985454667 288
1700111880258 0.36131412333920826 289
1700111900358 0.35680870206087995 290
1700111925302 0.3511826120314878 291
1700111945134 0.35305386570959546 292
1700111965140 0.35145189386131453 293
1700111985273 0.3625239034259025 294
1700112006657 0.3509259285891145 295
1700112031575 0.35843654827280913 296
1700112052909 0.35575641235155575 297
1700112072882 0.3553848938403427 298
1700112092688 0.3511230177533163 299
1700112112702 0.35408238694227606 300
1700112137667 0.3595777003630973 301
1700112157684 0.3518895296540421 302
1700112177654 0.35017950378642126 303
1700112197811 0.3508842698741943 304
1700112217836 0.3541725541148803 305
1700112244050 0.3549849037782265 306
1700112264258 0.3547038039445955 307
1700112284173 0.35609681684931155 308
1700112304009 0.3553268486652466 309
1700112323951 0.34981094548711017 310
1700112350337 0.3497252873885633 311
1700112370103 0.35823235748208254 312
1700112389955 0.35008018613337083 313
1700112410165 0.35155825771168686 314
1700112430118 0.35695411064466004 315
1700112455075 0.3520340427974648 316
1700112474924 0.3543697998361435 317
1700112495041 0.35226191191133593 318
1700112515146 0.3531309453141415 319
1700112537227 0.3549828050648634 320
1700112562604 0.3548383703247316 321
1700112583964 0.35277159184602974 322
1700112603880 0.34995892009980395 323
1700112623967 0.3505190628242416 324
1700112643959 0.35104307117621064 325
1700112669077 0.3477482617077225 326
1700112689170 0.361288027899254 327
1700112709513 0.34905095546492787 328
1700112729503 0.3492961322188736 329
1700112749448 0.35184947422840485 330
1700112774634 0.3491394641033536 331
1700112794676 0.3532838627347397 332
1700112817236 0.3594571142507636 333
1700112837564 0.35389120690855363 334
1700112857677 0.3563836709811179 335
1700112882686 0.3591550475987048 336
1700112902630 0.3542602950946127 337
1700112922987 0.3534253985025038 338
1700112943038 0.36115468426764147 339
1700112963161 0.35820663060354807 340
1700112988372 0.3604724562014918 341
1700113008214 0.35714187560389404 342
1700113027850 0.35519074712240756 343
1700113047598 0.35108774059927494 344
1700113067601 0.3533795778208107 345
1700113092407 0.35479848904257466 346
1700113112132 0.3554783588450327 347
1700113132019 0.35451026568633076 348
1700113153021 0.35104366679226723 349
1700113172894 0.3573325605506939 350
1700113197957 0.35587487732714385 351
1700113217796 0.35295704221217145 352
1700113237591 0.3589421688082522 353
1700113257354 0.3581533335009843 354
1700113277221 0.35017072138012245 355
1700113302087 0.3496186938466161 356
1700113321893 0.35236267215432143 357
1700113341576 0.35336385263577724 358
1700113362713 0.3541271844368019 359
1700113384135 0.3549916716606197 360
1700113410290 0.35731897859239387 361
1700113430443 0.3528192701833291 362
1700113450235 0.35181736305277633 363
1700113470090 0.35455162316434197 364
1700113490165 0.34859330254388426 365
1700113514906 0.35347993159876406 366
1700113534660 0.3562339995513326 367
1700113554455 0.35238411003474673 368
1700113574294 0.35075301920949603 369
1700113594169 0.34744236648597576 370
1700113618979 0.355222918412697 371
1700113638801 0.34849042432884997 372
1700113658517 0.35029409953067775 373
1700113678396 0.3472874353670039 374
1700113698234 0.3545225043077272 375
1700113724356 0.34955155167383234 376
1700113744201 0.3553449271922871 377
1700113764139 0.355082015358325 378
1700113785893 0.35166685135005354 379
1700113805658 0.35512700928745633 380
1700113830426 0.3529032532894183 381
1700113849988 0.352796989772558 382
1700113869638 0.35309116821790504 383
1700113889345 0.35412281544960766 384
1700113910413 0.35509898121270006 385
1700113935381 0.35796409089321896 386
1700113956457 0.34973910415151915 387
1700113976360 0.3464538781049879 388
1700113996127 0.35280727394365874 389
1700114016015 0.3502466562872038 390
1700114040820 0.35282073639828626 391
1700114062097 0.35114118559366797 392
1700114082054 0.3530634818771426 393
1700114101964 0.352501099216817 394
1700114121718 0.35838914323854903 395
1700114148008 0.35578675712102764 396
1700114169284 0.351902230508218 397
1700114189096 0.3589133756554201 398
1700114208915 0.3560528692830694 399
1700114228645 0.35597415943491256 400
1700114253442 0.3541852656163172 401
1700114273079 0.35417205753572906 402
1700114293126 0.35044576791711957 403
1700114312999 0.3509464718592216 404
1700114332929 0.35398340556910896 405
1700114357908 0.3524500771266756 406
1700114377779 0.3594363622978038 407
1700114397543 0.35206568605773797 408
1700114417604 0.35153345038437034 409
1700114437556 0.35460327857947255 410
1700114462318 0.3563966958203844 411
1700114482132 0.35841297923685017 412
1700114502124 0.35489924537691725 413
1700114521929 0.3556610748373797 414
1700114541686 0.3549777970019509 415
1700114566700 0.36135725300118243 416
1700114586501 0.3526607570433778 417
1700114606284 0.36233313469991685 418
1700114627299 0.35730766750536946 419
1700114647265 0.35523049135091916 420
1700114672015 0.35614093598097485 421
1700114691856 0.3560783980472024 422
1700114712016 0.34983626747707897 423
1700114732117 0.3582186936843969 424
1700114752211 0.35053314332993085 425
1700114777885 0.3500086884783305 426
1700114797891 0.3513178266002898 427
1700114820363 0.3567616534298663 428
1700114840361 0.34723484374781527 429
1700114860357 0.35631279448398684 430
1700114885228 0.34789599358798506 431
1700114904975 0.35285808436592125 432
1700114924958 0.3518590714285971 433
1700114944762 0.35349703596272475 434
1700114964529 0.353021005817697 435
1700114989414 0.3516389517843419 436
1700115009369 0.35442034556156776 437
1700115029120 0.3530765537391849 438
1700115048983 0.35117302115864574 439
1700115069276 0.34677935914101776 440
1700115094205 0.3528645201439969 441
1700115113786 0.350576106731699 442
1700115133573 0.35400022796511993 443
1700115154661 0.353518824744062 444
1700115174446 0.3543821514445569 445
1700115199336 0.3563736394210482 446
1700115219244 0.35540242319150056 447
1700115238943 0.35098399785273277 448
1700115258637 0.35299439687429374 449
1700115278509 0.3524401910835227 450
1700115305986 0.3484141637902273 451
1700115326860 0.3519413871210488 452
1700115346528 0.3518770383074615 453
1700115367702 0.35387083754078197 454
1700115388234 0.3554080802520656 455
1700115413120 0.35512501228338805 456
1700115433088 0.351126629029163 457
1700115452893 0.3563835306596517 458
1700115472801 0.35392763548386447 459
1700115494645 0.35064499637258756 460
1700115519648 0.3559872842562897 461
1700115539326 0.3504194196822256 462
1700115559113 0.3542496460767832 463
1700115579034 0.34527994990962313 464
1700115598858 0.35310673967890094 465
1700115623664 0.3544756615667184 466
1700115643558 0.3491374160153407 467
1700115663347 0.35752405012541194 468
1700115683009 0.3545688649382161 469
1700115703437 0.3587416752725731 470
1700115728506 0.3490965287812848 471
1700115748335 0.3548500677796243 472
1700115768164 0.3506984227763541 473
1700115788128 0.3581799926975285 474
1700115807967 0.3470490289430965 475
1700115832837 0.34583830230610274 476
1700115852680 0.3540085140332711 477
1700115872639 0.3548492934666472 478
1700115892334 0.35435250922711353 479
1700115912041 0.3532286010008299 480
1700115937046 0.35567887751606175 481
1700115956803 0.35559252992584006 482
1700115976564 0.3496800333581436 483
1700115996540 0.35259452461811613 484
1700116016301 0.35227735872977095 485
1700116041166 0.34863914625407116 486
1700116061091 0.34893978279078697 487
1700116081267 0.35488549467050895 488
1700116101138 0.3506942342127444 489
1700116122197 0.35485025715843505 490
1700116147332 0.3488444036031762 491
1700116167211 0.35513543690029237 492
1700116186968 0.35564752053890264 493
1700116208245 0.3530682107894609 494
1700116228167 0.35630719790494353 495
1700116252853 0.3512688878090711 496
1700116272427 0.3533268556697087 497
1700116292070 0.35238247933393074 498
1700116311838 0.3518200750646856 499
