1700105716524 0.322004993315624 0
1700105741520 0.3112440472461325 1
1700105762423 0.3183297967909078 2
1700105782508 0.32970628586696754 3
1700105803368 0.3237238489305059 4
1700105824168 0.33161702163424206 5
1700105852074 0.32715158480748335 6
1700105872755 0.33954010398793394 7
1700105893045 0.3354013344505602 8
1700105913298 0.33390818513207393 9
1700105933578 0.3335573709153979 10
1700105959155 0.33445733156904606 11
1700105979368 0.33966478929697924 12
1700105999585 0.3372430153258055 13
1700106021662 0.34124212604166376 14
1700106041991 0.341458202180238 15
1700106067412 0.345069126584381 16
1700106089660 0.3424570392476214 17
1700106110392 0.3369813294812955 18
1700106132284 0.34098402913643894 19
1700106152615 0.3455895966055654 20
1700106178144 0.3375560202261277 21
1700106198614 0.3507436899808874 22
1700106218913 0.34344416968597785 23
1700106239271 0.34373197796818905 24
1700106259997 0.34906730452124085 25
1700106285274 0.3445678792439813 26
1700106307012 0.3429179653982605 27
1700106327653 0.34892111011372545 28
1700106348015 0.34718313979543486 29
1700106368307 0.34954537751554987 30
1700106394541 0.34964179101081944 31
1700106415093 0.35220539054951777 32
1700106435435 0.3517262907020586 33
1700106455702 0.3474897036308911 34
1700106476502 0.3552670066675679 35
1700106501777 0.3435344075614135 36
1700106522088 0.35555007283290946 37
1700106542640 0.3494458310547704 38
1700106565089 0.3525161812717475 39
1700106585638 0.3478124657619041 40
1700106611187 0.34589582454432516 41
1700106631583 0.3554641494475528 42
1700106651880 0.35456899998511 43
1700106672252 0.3536740018832997 44
1700106692892 0.3549126064481755 45
1700106718210 0.351734099277651 46
1700106738615 0.34917640500214836 47
1700106759159 0.35044007498547686 48
1700106779761 0.35429233366872154 49
1700106800219 0.354303962855491 50
1700106825406 0.3542713950390262 51
1700106846056 0.3507490266360014 52
1700106866352 0.35529463194244243 53
1700106887929 0.3592116234393356 54
1700106908550 0.3510796864323878 55
1700106933734 0.3527747409958117 56
1700106954102 0.3489939081330944 57
1700106975741 0.3613478287064116 58
1700106997797 0.35622711268941387 59
1700107018266 0.3567077742977293 60
1700107043439 0.3568463493174492 61
1700107064034 0.3560813813242289 62
1700107084704 0.34988714528112763 63
1700107104635 0.35331481814401594 64
1700107124773 0.35373130888880927 65
1700107149595 0.35043642239801137 66
1700107169472 0.3554400341052683 67
1700107189257 0.35281875245467326 68
1700107209385 0.3597762640918069 69
1700107230542 0.35242362696325474 70
1700107255432 0.35268574166635513 71
1700107275511 0.355996512614063 72
1700107295517 0.3517749492005269 73
1700107315322 0.3495139320037158 74
1700107335141 0.3564685233712796 75
1700107361652 0.3595618157790912 76
1700107381587 0.3474190636933538 77
1700107401461 0.355654351109179 78
1700107422979 0.3590113321430199 79
1700107442963 0.35458770777363374 80
1700107467891 0.3547922780353419 81
1700107487965 0.3536500150223983 82
1700107508020 0.3594276143186621 83
1700107527906 0.3580415869925246 84
1700107547657 0.35811910763826216 85
1700107574139 0.3547888622132858 86
1700107594260 0.3554058940394591 87
1700107614258 0.35710518017777176 88
1700107634463 0.356321603007568 89
1700107654384 0.35432849366249347 90
1700107680963 0.3568924889882999 91
1700107701499 0.34897185177773676 92
1700107722220 0.35655531507145216 93
1700107742259 0.35118893477603247 94
1700107762214 0.3570176393095157 95
1700107788601 0.35428629523602767 96
1700107810084 0.35469299802270565 97
1700107831526 0.35652184925743774 98
1700107851781 0.34932983517242366 99
1700107873331 0.3574676646100213 100
1700107898505 0.3475813904821501 101
1700107919280 0.3625614876700401 102
1700107939484 0.35351860486679154 103
1700107959523 0.3525609449132235 104
1700107979480 0.3521518624559079 105
1700108004647 0.35825390776372434 106
1700108024937 0.35221397217555434 107
1700108044980 0.3541578328757758 108
1700108064972 0.35621729036044947 109
1700108085633 0.35716757855433756 110
1700108110636 0.35989545324067507 111
1700108130529 0.3594384960109324 112
1700108150583 0.35463402781737746 113
1700108170559 0.3574341255533027 114
1700108190465 0.3575343464529858 115
1700108215518 0.3532328483522256 116
1700108235512 0.35716825280613246 117
1700108255331 0.3525279289347761 118
1700108275312 0.36056383607148995 119
1700108295416 0.35311586017468644 120
1700108321680 0.35433392491150584 121
1700108341574 0.3608814560937743 122
1700108361682 0.3514632621543319 123
1700108381640 0.3520209083104589 124
1700108401652 0.35517321597004486 125
1700108426548 0.35069785433066847 126
1700108446650 0.3513720625240196 127
1700108466568 0.35193538286915915 128
1700108486517 0.36115440509864144 129
1700108506655 0.35233647336345847 130
1700108531542 0.35670416910076735 131
1700108551435 0.3555023981109852 132
1700108571422 0.3544066710393648 133
1700108591553 0.35571118075333663 134
1700108611870 0.35893893106459673 135
1700108636814 0.3563247905828631 136
1700108658590 0.35587222826360554 137
1700108679871 0.35929719627113904 138
1700108700449 0.3576887416889243 139
1700108720692 0.35154409100857237 140
1700108745563 0.3512981037023822 141
1700108766910 0.3572025608956532 142
1700108786869 0.35808691875871773 143
1700108806866 0.35403996355087486 144
1700108826810 0.35708501459852054 145
1700108852926 0.35820215196996186 146
1700108873137 0.3584344100736518 147
1700108893141 0.35678882239671816 148
1700108913209 0.3523075796727624 149
1700108933207 0.35557653113092486 150
1700108958498 0.3561477614906194 151
1700108978387 0.35891673871231894 152
1700108998276 0.3436341132310005 153
1700109018446 0.3586408130453656 154
1700109038379 0.3573134137025425 155
1700109063373 0.3545258540136422 156
1700109084986 0.3513730659781736 157
1700109104913 0.3566566493829 158
1700109126192 0.3555344144658117 159
1700109146254 0.3643207948583385 160
1700109171479 0.3620001095091525 161
1700109192703 0.35603484538290564 162
1700109212537 0.35237291985720115 163
1700109233353 0.35321085221991755 164
1700109253320 0.3585999090740309 165
1700109278155 0.35822186321263966 166
1700109298376 0.3600120152778991 167
1700109318681 0.3622043764207022 168
1700109338728 0.3524090950275765 169
1700109358689 0.3539970610027717 170
1700109383884 0.35084261278201523 171
1700109403776 0.3593404111714134 172
1700109423507 0.35516069094267455 173
1700109444907 0.3587811482028603 174
1700109465020 0.355758734842053 175
1700109489841 0.3591849025237102 176
1700109509533 0.35246070649287925 177
1700109529792 0.3565529934669153 178
1700109549649 0.3588841512182443 179
1700109569476 0.354128656702751 180
1700109594477 0.35655045429121457 181
1700109614509 0.35760440974715757 182
1700109634603 0.35629405949404597 183
1700109654355 0.355022636844277 184
1700109674473 0.35003652473277175 185
1700109700481 0.34911531127294615 186
1700109720050 0.3554653896671161 187
1700109740985 0.3593236438935574 188
1700109760998 0.35067762000971947 189
1700109780761 0.3581657421911258 190
1700109805927 0.36128183179083906 191
1700109825947 0.362408537392283 192
1700109845703 0.3530796245941526 193
1700109865513 0.3561139643172972 194
1700109885366 0.3570242420363936 195
1700109910191 0.34866743720920823 196
1700109930039 0.35441857136239263 197
1700109950198 0.3562957563942404 198
1700109970161 0.35483971149085036 199
1700109989977 0.35763922573834606 200
1700110014722 0.35499893696671064 201
1700110034650 0.34733450967941665 202
1700110054444 0.3490697534169407 203
1700110074218 0.35473341778762446 204
1700110094604 0.35388200198982983 205
1700110120848 0.3539023400937989 206
1700110140708 0.3523007295048779 207
1700110160704 0.35138027588873294 208
1700110182285 0.35904504606851395 209
1700110202513 0.35876120636936387 210
1700110227296 0.3529982664870501 211
1700110247352 0.35497350366115227 212
1700110267202 0.34853499071507416 213
1700110286940 0.3558123448841242 214
1700110306991 0.35667449570167187 215
1700110333216 0.35214426244946667 216
1700110354333 0.3541207618647997 217
1700110375653 0.35325460771912426 218
1700110395892 0.3565262251607862 219
1700110415771 0.3543966356402429 220
1700110440548 0.35528653921093706 221
1700110460365 0.3587152522428858 222
1700110480230 0.35082278540713596 223
1700110500039 0.35792912972239055 224
1700110519823 0.35237888553055513 225
1700110544819 0.3586550051030877 226
1700110564615 0.3532249016227642 227
1700110585829 0.3627613071091214 228
1700110605677 0.35343431347046456 229
1700110625514 0.35839907316114084 230
1700110650428 0.36073563396522407 231
1700110670563 0.3551193433103636 232
1700110691767 0.35439858448245015 233
1700110711590 0.3596839984402335 234
1700110731446 0.3568060593748599 235
1700110757309 0.361326640478761 236
1700110778372 0.3604467272607428 237
1700110798069 0.3553157085388979 238
1700110818089 0.3551451081623387 239
1700110837971 0.3479125238093553 240
1700110862698 0.3583970769284299 241
1700110882661 0.3469100575119228 242
1700110902483 0.35680715976697 243
1700110922289 0.35273016074175967 244
1700110942044 0.3537994532106164 245
1700110967078 0.35482545519243686 246
1700110986933 0.3602551792524755 247
1700111008063 0.34981571045858756 248
1700111028237 0.3614351953763654 249
1700111048088 0.3559606824931234 250
1700111072863 0.3575274787644403 251
1700111092759 0.35534040736961187 252
1700111112656 0.36032475766975813 253
1700111132805 0.35178717489538064 254
1700111152675 0.3581642239902402 255
1700111179650 0.35789441684374895 256
1700111199693 0.36063762921347337 257
1700111219875 0.35278522407355184 258
1700111239844 0.3535038399962371 259
1700111260095 0.35849650744411665 260
1700111285177 0.35487657560625974 261
1700111305320 0.3539061325087178 262
1700111325549 0.3562502115578896 263
1700111345435 0.3519434931213257 264
1700111365333 0.34937531576808295 265
1700111391537 0.3585943960636659 266
1700111411744 0.35245469175543725 267
1700111431780 0.3561071653704495 268
1700111451768 0.35048447203921396 269
1700111473188 0.3571204055594903 270
1700111498241 0.35709183489656254 271
1700111518130 0.3530058901887432 272
1700111540908 0.35818928706463543 273
1700111562499 0.35510790799950626 274
1700111582595 0.3589127050309842 275
1700111607846 0.3636813576097298 276
1700111627986 0.35223557203738975 277
1700111647887 0.3491199779901628 278
1700111667784 0.3576815080831131 279
1700111689003 0.3591392285355033 280
1700111714049 0.3588507953618407 281
1700111733978 0.35771476082696996 282
1700111754016 0.357237198187533 283
1700111774031 0.3562929934727849 284
1700111793904 0.35600888263737646 285
1700111818804 0.3574829610774953 286
1700111838824 0.3557198789949392 287
1700111860019 0.35694182623956955 288
1700111880264 0.3635476495448382 289
1700111900365 0.35945923890402237 290
1700111925309 0.35331237825032874 291
1700111945140 0.3550050403105692 292
1700111965146 0.35368049632615123 293
1700111985281 0.3640972558640809 294
1700112006663 0.35293520453428656 295
1700112031582 0.3607860028669059 296
1700112052916 0.35828620660087956 297
1700112072888 0.35776205445502507 298
1700112092694 0.35375353111092966 299
1700112112708 0.3561056708648156 300
1700112137674 0.36174522606780574 301
1700112157691 0.35434702040765104 302
1700112177661 0.35272511058661626 303
1700112197817 0.3529849510756835 304
1700112217843 0.3566251584504023 305
1700112244057 0.3569364080102118 306
1700112264265 0.3573336892394045 307
1700112284179 0.35850942424095317 308
1700112304016 0.3575623511481452 309
1700112323958 0.3522997604215729 310
1700112350344 0.3525635291353703 311
1700112370110 0.3605280746922482 312
1700112389962 0.35268093962269154 313
1700112410171 0.35399812936809044 314
1700112430124 0.35959365793561543 315
1700112455082 0.3543538255290894 316
1700112474932 0.35679403373050905 317
1700112495048 0.35486357704807064 318
1700112515153 0.3557018753280528 319
1700112537233 0.3569937050105976 320
1700112562611 0.3573927175108334 321
1700112583970 0.3551821509770567 322
1700112603887 0.35231568992492884 323
1700112623974 0.3525422219480962 324
1700112643966 0.3531984952162588 325
1700112669082 0.3506392765652797 326
1700112689176 0.3635739848655882 327
1700112709521 0.35147424528556465 328
1700112729509 0.3516226731745647 329
1700112749455 0.35402209353685116 330
1700112774641 0.3513912483443686 331
1700112794683 0.3559702979265209 332
1700112817242 0.3617081595578359 333
1700112837570 0.35605075803607383 334
1700112857683 0.35869904475820746 335
1700112882692 0.36101681835647187 336
1700112902636 0.35652542175713503 337
1700112922995 0.35606856763993927 338
1700112943044 0.36278488185247354 339
1700112963167 0.35988086323889606 340
1700112988378 0.3629224150295487 341
1700113008220 0.3589642065386763 342
1700113027856 0.3574060390967908 343
1700113047604 0.35364768958732834 344
1700113067607 0.35598608310141727 345
1700113092413 0.35715604013093344 346
1700113112138 0.3576622490200599 347
1700113132025 0.35646589410268675 348
1700113153027 0.3534835689603815 349
1700113172901 0.35974056077866595 350
1700113197964 0.35795662818946655 351
1700113217802 0.35526221697308574 352
1700113237598 0.36082471055502685 353
1700113257360 0.3603738925264673 354
1700113277227 0.35253486770907716 355
1700113302093 0.3519043592928896 356
1700113321900 0.35423422493314516 357
1700113341583 0.3556036117892252 358
1700113362719 0.35679223371776786 359
1700113384141 0.3575989891737423 360
1700113410296 0.3598851381866464 361
1700113430449 0.3551159426649109 362
1700113450241 0.35412529961726885 363
1700113470096 0.35722605153359516 364
1700113490172 0.3508588759887368 365
1700113514913 0.35573090267161156 366
1700113534666 0.3587355621505966 367
1700113554461 0.3553599207187356 368
1700113574300 0.35259588771221057 369
1700113594176 0.350001687390389 370
1700113618985 0.35773492640622107 371
1700113638808 0.3504318526187508 372
1700113658525 0.35269030077001856 373
1700113678402 0.35026794338837725 374
1700113698241 0.3568348582845488 375
1700113724363 0.3519222506581075 376
1700113744208 0.35771841958902617 377
1700113764145 0.35745620794796973 378
1700113785900 0.35408661562439964 379
1700113805663 0.35706617550119174 380
1700113830431 0.3554441258527037 381
1700113849993 0.35485093373155013 382
1700113869643 0.35513366835047505 383
1700113889351 0.35681693020442423 384
1700113910419 0.3568409547833433 385
1700113935387 0.36039667904277173 386
1700113956464 0.3518938091470359 387
1700113976366 0.3483059043396026 388
1700113996134 0.3552362947729963 389
1700114016021 0.3524511254303307 390
1700114040826 0.35458804549464124 391
1700114062104 0.3533081528500308 392
1700114082061 0.35545099971584 393
1700114101970 0.3547920711397751 394
1700114121726 0.3609205081608579 395
1700114148015 0.35810473070664073 396
1700114169291 0.353669213862402 397
1700114189103 0.3614203792847741 398
1700114208921 0.3584219758096468 399
1700114228651 0.35855452991733405 400
1700114253449 0.35635860077584 401
1700114273085 0.3563604076336451 402
1700114293133 0.3531530816887131 403
1700114313005 0.35309053448268113 404
1700114332935 0.3561897942374312 405
1700114357914 0.3541137842186433 406
1700114377785 0.36198304739978626 407
1700114397550 0.3542323019431386 408
1700114417611 0.3530586641298987 409
1700114437562 0.35640348888105694 410
1700114462325 0.358682369917301 411
1700114482138 0.36137566987886577 412
1700114502131 0.357141161472235 413
1700114521935 0.3575626459796553 414
1700114541693 0.35768002425307643 415
1700114566706 0.36395477229724066 416
1700114586508 0.3547819127633877 417
1700114606290 0.36483904839895254 418
1700114627306 0.35938275158228133 419
1700114647271 0.3573108401559928 420
1700114672022 0.3585201767813673 421
1700114691862 0.3580100159722586 422
1700114712023 0.35200467947458636 423
1700114732123 0.36032449270809047 424
1700114752218 0.3532044457130093 425
1700114777890 0.3525273928368502 426
1700114797898 0.35365825658336986 427
1700114820369 0.35940162955146543 428
1700114840368 0.34999116927132673 429
1700114860363 0.35837827837654085 430
1700114885234 0.34971987613784994 431
1700114904981 0.35566147308379503 432
1700114924964 0.35439076523126056 433
1700114944768 0.35549691497046276 434
1700114964536 0.35481648131356963 435
1700114989420 0.35399940395850277 436
1700115009376 0.3566793603124426 437
1700115029127 0.3553846776155504 438
1700115048990 0.35343981346117487 439
1700115069285 0.34905719401872154 440
1700115094212 0.35519870518475516 441
1700115113792 0.3531396524892025 442
1700115133579 0.35593065336899504 443
1700115154667 0.35562325429020514 444
1700115174452 0.3566343752692696 445
1700115199341 0.35848205492573343 446
1700115219250 0.35795722685449965 447
1700115238950 0.3541008420529706 448
1700115258643 0.3552801320335555 449
1700115278516 0.3544429945558419 450
1700115305992 0.35094070829713125 451
1700115326867 0.35375932827720774 452
1700115346534 0.354152985115193 453
1700115367709 0.35599534731078825 454
1700115388240 0.35775613215453267 455
1700115413127 0.3577220202849816 456
1700115433094 0.35347132191433356 457
1700115452899 0.35835202247308584 458
1700115472806 0.35609393622144175 459
1700115494651 0.35299873384327823 460
1700115519654 0.35915381236269156 461
1700115539332 0.3527187446251477 462
1700115559119 0.35669212895028624 463
1700115579040 0.3477846082226265 464
1700115598864 0.355762721132884 465
1700115623671 0.3568432678692319 466
1700115643564 0.35127193406128615 467
1700115663354 0.3604133820799363 468
1700115683015 0.35756108488927235 469
1700115703444 0.3608137250797365 470
1700115728512 0.3514747019661956 471
1700115748341 0.3573655681108352 472
1700115768170 0.3533101322325538 473
1700115788135 0.36040908343693406 474
1700115807973 0.34952519694680406 475
1700115832843 0.3483357440888253 476
1700115852686 0.35643357607128606 477
1700115872645 0.35712413990830844 478
1700115892341 0.35713772028134266 479
1700115912047 0.3554078795965729 480
1700115937053 0.3578539994228877 481
1700115956809 0.3577457607079877 482
1700115976570 0.35207586618564674 483
1700115996547 0.35462711508238587 484
1700116016307 0.35505250411928463 485
1700116041172 0.3512364139484602 486
1700116061097 0.3513029514629651 487
1700116081274 0.3567132721314908 488
1700116101145 0.3527414342034961 489
1700116122204 0.35682454490410453 490
1700116147338 0.35117434477425347 491
1700116167217 0.3575137867602109 492
1700116186975 0.35788160550351683 493
1700116208252 0.35524014525401587 494
1700116228173 0.3589834380759445 495
1700116252860 0.35430536492417514 496
1700116272434 0.3554894057273869 497
1700116292076 0.3547670623009475 498
1700116311845 0.3547305944560107 499
