1700105716529 1.099338199159756 0
1700105741526 1.0994692449200196 1
1700105762429 1.0992159687285055 2
1700105782513 1.0989133260346866 3
1700105803373 1.098965324818868 4
1700105824173 1.0988786326123339 5
1700105852079 1.0988952277771222 6
1700105872760 1.0985886806491556 7
1700105893051 1.0987067906619 8
1700105913303 1.0986722760534815 9
1700105933583 1.0987408623044341 10
1700105959160 1.098705611985548 11
1700105979373 1.098624283097327 12
1700105999590 1.0986252965962315 13
1700106021667 1.098645929700774 14
1700106041997 1.098450023309771 15
1700106067417 1.0984824057874645 16
1700106089665 1.0983964382942313 17
1700106110397 1.0984018269060283 18
1700106132288 1.098572010483689 19
1700106152619 1.0984780187976317 20
1700106178149 1.0984265846080006 21
1700106198619 1.0981947744464522 22
1700106218918 1.0984339212579481 23
1700106239276 1.0982347051595849 24
1700106260002 1.0981736724227118 25
1700106285280 1.0983768092310298 26
1700106307017 1.0984330161911096 27
1700106327658 1.0983366917860025 28
1700106348020 1.0983153889539936 29
1700106368312 1.0982041372144353 30
1700106394547 1.0980288443530177 31
1700106415097 1.0981613281028297 32
1700106435441 1.0980268910362272 33
1700106455708 1.098001450190245 34
1700106476506 1.0980349699949425 35
1700106501782 1.0983187723423722 36
1700106522094 1.0981235433768521 37
1700106542646 1.0981622344893283 38
1700106565094 1.0980978869863982 39
1700106585643 1.0980697923040919 40
1700106611192 1.098166728591567 41
1700106631587 1.0980442203718799 42
1700106651885 1.0979161000779634 43
1700106672258 1.097954704532764 44
1700106692898 1.0979874116468253 45
1700106718216 1.0980239699687464 46
1700106738620 1.0980721256829715 47
1700106759165 1.0980820460073182 48
1700106779765 1.0979742093279792 49
1700106800225 1.0980145489157787 50
1700106825411 1.0979358921191789 51
1700106846061 1.0980732427751887 52
1700106866357 1.0979016797129078 53
1700106887933 1.0977196422890103 54
1700106908555 1.098010036118356 55
1700106933739 1.098093895234745 56
1700106954107 1.0980060936340106 57
1700106975747 1.097804764539993 58
1700106997803 1.0979641427413125 59
1700107018272 1.0979618034239624 60
1700107043444 1.0978271699479585 61
1700107064039 1.0977330759882487 62
1700107084709 1.0978957005532466 63
1700107104639 1.097931357547366 64
1700107124778 1.097900097660473 65
1700107149600 1.09801267741791 66
1700107169477 1.097887509863315 67
1700107189262 1.0978526677592655 68
1700107209390 1.0978418313709133 69
1700107230546 1.0980037712522979 70
1700107255437 1.0977644306707206 71
1700107275516 1.0978031833673316 72
1700107295522 1.0979114078067767 73
1700107315327 1.0980408968080895 74
1700107335146 1.0976809568950612 75
1700107361658 1.0978361726686963 76
1700107381591 1.0980464088080995 77
1700107401465 1.0979540649375352 78
1700107422984 1.097755433888453 79
1700107442968 1.0979283627988667 80
1700107467895 1.0978992062301214 81
1700107487970 1.0978725787898271 82
1700107508025 1.0976557615058449 83
1700107527910 1.0977809598525072 84
1700107547662 1.0976837704102491 85
1700107574144 1.0979329297023506 86
1700107594265 1.0979309583502062 87
1700107614262 1.0978502043938725 88
1700107634467 1.097729669065933 89
1700107654389 1.097833418758153 90
1700107680968 1.0978782313336306 91
1700107701505 1.0978957381635575 92
1700107722225 1.097837482431278 93
1700107742264 1.0978628665318788 94
1700107762219 1.0978276318289697 95
1700107788606 1.0978803889777828 96
1700107810089 1.097759919632845 97
1700107831530 1.0977744411718362 98
1700107851786 1.098043437153651 99
1700107873335 1.0977545943647293 100
1700107898511 1.0979240868804199 101
1700107919284 1.097646099614921 102
1700107939488 1.0979956021168136 103
1700107959528 1.0978368712087399 104
1700107979484 1.0977717455462777 105
1700108004651 1.0978580414149155 106
1700108024942 1.0978876998943596 107
1700108044985 1.0979195421912133 108
1700108064978 1.097822596006288 109
1700108085637 1.097843707487592 110
1700108110640 1.0976912484837633 111
1700108130534 1.0978069969648805 112
1700108150587 1.0978658001361299 113
1700108170564 1.097750711704972 114
1700108190470 1.0978761198775795 115
1700108215523 1.0980055358577039 116
1700108235517 1.097851015984792 117
1700108255336 1.0978731849536685 118
1700108275316 1.0978100528576278 119
1700108295421 1.0979786323885197 120
1700108321685 1.0977477523673504 121
1700108341579 1.097687814508417 122
1700108361687 1.0979949515244178 123
1700108381645 1.0979430218024446 124
1700108401657 1.0978520490586539 125
1700108426552 1.0978227563449818 126
1700108446655 1.0980216174547963 127
1700108466572 1.0979731327053366 128
1700108486521 1.0977345916177954 129
1700108506660 1.097937332748047 130
1700108531547 1.0977177474771478 131
1700108551440 1.0979764872811377 132
1700108571427 1.0978561835535339 133
1700108591558 1.097886491525657 134
1700108611875 1.0976359707842893 135
1700108636819 1.09779981163595 136
1700108658594 1.0977482980467737 137
1700108679875 1.0978388282645672 138
1700108700454 1.0978504857014026 139
1700108720698 1.0979691607485838 140
1700108745568 1.097925685208662 141
1700108766915 1.0976453419101195 142
1700108786873 1.0978530007534801 143
1700108806871 1.0979459690431828 144
1700108826814 1.0978107021303634 145
1700108852931 1.0977298718536912 146
1700108873141 1.0978720588437745 147
1700108893146 1.0977876463499456 148
1700108913214 1.0977724337489843 149
1700108933212 1.0978245200706145 150
1700108958503 1.0978359762592949 151
1700108978391 1.0977413823683764 152
1700108998281 1.0981302388919676 153
1700109018451 1.0978419153892687 154
1700109038383 1.0978153075239314 155
1700109063378 1.097774483400957 156
1700109084991 1.0979142147236645 157
1700109104917 1.0978030630583253 158
1700109126196 1.097796531181054 159
1700109146259 1.0976942315752656 160
1700109171484 1.0977379459736532 161
1700109192707 1.0978464477616483 162
1700109212541 1.0978879314946952 163
1700109233358 1.0978411405288866 164
1700109253325 1.0979002582191102 165
1700109278160 1.097700525693788 166
1700109298381 1.0976357537002142 167
1700109318687 1.097701627829858 168
1700109338733 1.097952286475699 169
1700109358694 1.0979163831450403 170
1700109383888 1.0979369564249946 171
1700109403781 1.0978003353210393 172
1700109423513 1.0976612587696513 173
1700109444911 1.097728980643283 174
1700109465025 1.097903943809636 175
1700109489846 1.0979578994297015 176
1700109509539 1.097952497621304 177
1700109529796 1.0977868077059953 178
1700109549654 1.0977897925570441 179
1700109569481 1.097797707438029 180
1700109594482 1.0979051983664396 181
1700109614514 1.0977357947078579 182
1700109634608 1.097844249867865 183
1700109654360 1.0979495398232857 184
1700109674478 1.0981130391029414 185
1700109700485 1.0980712822002678 186
1700109720055 1.097727307534306 187
1700109740989 1.0977398198908985 188
1700109761002 1.0979805434761891 189
1700109780766 1.0978398287868147 190
1700109805932 1.0977251309750264 191
1700109825952 1.097760176306721 192
1700109845708 1.0979699589229597 193
1700109865518 1.0978652159666222 194
1700109885371 1.0977923718325766 195
1700109910196 1.0981404372246943 196
1700109930044 1.0978494875985318 197
1700109950203 1.0977872645283098 198
1700109970167 1.0978470127960853 199
1700109989982 1.097835684834371 200
1700110014726 1.0979245766942352 201
1700110034655 1.0980700327021609 202
1700110054449 1.0979224023343892 203
1700110074223 1.0977602673632632 204
1700110094609 1.0979050195525053 205
1700110120852 1.097838822326097 206
1700110140713 1.097853172089341 207
1700110160709 1.0979324530851358 208
1700110182290 1.097778375518278 209
1700110202518 1.0976758768637682 210
1700110227300 1.098059348514599 211
1700110247357 1.0979172684169782 212
1700110267207 1.0979605400694252 213
1700110286945 1.0978990883404918 214
1700110306995 1.0978877366248971 215
1700110333221 1.0978710668993172 216
1700110354337 1.097849465604198 217
1700110375658 1.098006962190255 218
1700110395897 1.0978291120476389 219
1700110415775 1.0979125926415418 220
1700110440553 1.0977573869853001 221
1700110460370 1.097762630654437 222
1700110480235 1.0978974735164995 223
1700110500044 1.0978353236874092 224
1700110519828 1.09788399824797 225
1700110544823 1.0978794821513975 226
1700110564620 1.0978488491030196 227
1700110585834 1.0977429041563365 228
1700110605682 1.0979416227428676 229
1700110625519 1.0977537653982858 230
1700110650433 1.0977095752624568 231
1700110670568 1.0978327820221876 232
1700110691771 1.097799870800708 233
1700110711594 1.0978988697168133 234
1700110731451 1.0977977078779158 235
1700110757314 1.0976430888105582 236
1700110778377 1.0977393173203698 237
1700110798074 1.097981705876734 238
1700110818094 1.0979038243804031 239
1700110837976 1.0980129461886698 240
1700110862703 1.097707896654896 241
1700110882666 1.0980473710602061 242
1700110902489 1.0979063829812616 243
1700110922293 1.0979690743108517 244
1700110942049 1.0977573685100597 245
1700110967083 1.0978914387111733 246
1700110986938 1.0977816898444481 247
1700111008067 1.0979820485484557 248
1700111028242 1.0976874821740323 249
1700111048093 1.0977590117067428 250
1700111072867 1.0978884861917952 251
1700111092764 1.097892082045439 252
1700111112661 1.097820730886776 253
1700111132810 1.098038792390225 254
1700111152681 1.0978061752565673 255
1700111179655 1.0978220606642015 256
1700111199697 1.097732721439587 257
1700111219879 1.0978384776748855 258
1700111239848 1.0978259422242422 259
1700111260100 1.0979020380006066 260
1700111285183 1.0978508083582805 261
1700111305324 1.097867622586634 262
1700111325554 1.0977872163607185 263
1700111345441 1.0979006668738334 264
1700111365338 1.0978155320860803 265
1700111391541 1.0976740865249914 266
1700111411749 1.0979099033943402 267
1700111431785 1.0978367390227934 268
1700111451773 1.0978548489373547 269
1700111473192 1.0978554489427828 270
1700111498246 1.097808254600891 271
1700111518134 1.0978433557981935 272
1700111540912 1.0978025204581088 273
1700111562504 1.097799764128189 274
1700111582599 1.097831379443517 275
1700111607851 1.097708088225544 276
1700111627991 1.0979852306886793 277
1700111647892 1.097819165550035 278
1700111667788 1.0977857218457323 279
1700111689007 1.097825053653154 280
1700111714054 1.097750813538738 281
1700111733983 1.0977957099126274 282
1700111754021 1.0979497630657744 283
1700111774036 1.0978643933785357 284
1700111793909 1.097745712832771 285
1700111818809 1.0977225129894665 286
1700111838828 1.0978515946557161 287
1700111860024 1.0977895332438479 288
1700111880269 1.0976372653707807 289
1700111900370 1.0977068831559917 290
1700111925314 1.0979156707485664 291
1700111945144 1.0978455745865938 292
1700111965151 1.0977562096286084 293
1700111985286 1.0975615575744657 294
1700112006668 1.0978135259828885 295
1700112031587 1.0977695087225234 296
1700112052921 1.097725082587492 297
1700112072894 1.0977384019161942 298
1700112092699 1.0978421766819548 299
1700112112713 1.0977265498295041 300
1700112137679 1.0977555187865817 301
1700112157696 1.097859187539653 302
1700112177666 1.0980045918608943 303
1700112197821 1.0979511205560606 304
1700112217847 1.0978647859773953 305
1700112244061 1.0977392715721552 306
1700112264270 1.0978327831219044 307
1700112284185 1.0977665432264885 308
1700112304020 1.0977976544316845 309
1700112323963 1.0978883012194476 310
1700112350349 1.0979320840202134 311
1700112370114 1.0977220830002394 312
1700112389967 1.0979710236686622 313
1700112410176 1.0979282328123536 314
1700112430129 1.0976946697023962 315
1700112455087 1.097914749625864 316
1700112474937 1.0978376511278187 317
1700112495053 1.0978726555500524 318
1700112515158 1.0977930457389662 319
1700112537238 1.0978517268416625 320
1700112562616 1.0978613733365528 321
1700112583975 1.0979477219915919 322
1700112603891 1.0977592006380708 323
1700112623979 1.097857881955995 324
1700112643971 1.097926221650465 325
1700112669087 1.0979560184742692 326
1700112689181 1.0976455398591243 327
1700112709525 1.097840349172754 328
1700112729515 1.097907943259306 329
1700112749460 1.097843845172122 330
1700112774647 1.0979033734965589 331
1700112794688 1.0978270173072815 332
1700112817247 1.097681473102077 333
1700112837575 1.0978395925676692 334
1700112857688 1.0978711146270217 335
1700112882697 1.097828672380905 336
1700112902641 1.0978568979294978 337
1700112923001 1.0977822786327658 338
1700112943050 1.0978044770740496 339
1700112963172 1.0977904391904598 340
1700112988384 1.097824911349814 341
1700113008225 1.097881740749542 342
1700113027862 1.0977897791405005 343
1700113047609 1.0977655706370448 344
1700113067612 1.0977855740438087 345
1700113092418 1.0978403364160405 346
1700113112143 1.0978850462779788 347
1700113132029 1.0978192601256704 348
1700113153032 1.097887550772776 349
1700113172907 1.0978188325558202 350
1700113197969 1.0978222768685035 351
1700113217807 1.0978216392527647 352
1700113237604 1.0977959507505832 353
1700113257365 1.0977819817092587 354
1700113277232 1.0977719916628736 355
1700113302098 1.098083865598559 356
1700113321905 1.0978649898648702 357
1700113341588 1.097890375944961 358
1700113362724 1.0977691748485354 359
1700113384146 1.0977284562983636 360
1700113410301 1.0975870819989166 361
1700113430454 1.0979892835845806 362
1700113450246 1.098075079741953 363
1700113470100 1.0977048385627155 364
1700113490177 1.0980303736190515 365
1700113514917 1.097904615296649 366
1700113534671 1.0976814856388473 367
1700113554466 1.0978576452969624 368
1700113574305 1.0978020449406107 369
1700113594180 1.0979743399743225 370
1700113618990 1.0977386907017979 371
1700113638813 1.098020697651754 372
1700113658530 1.0979477906139135 373
1700113678407 1.0979219844420458 374
1700113698246 1.097873486715929 375
1700113724368 1.097867521412698 376
1700113744212 1.0979072975056638 377
1700113764150 1.0979441615488257 378
1700113785905 1.0978329529181619 379
1700113805669 1.0977461177484575 380
1700113830436 1.0978674692861268 381
1700113849998 1.0979110712934683 382
1700113869648 1.0978485449213824 383
1700113889356 1.0978042043443095 384
1700113910424 1.0976887688425634 385
1700113935392 1.0976815091727845 386
1700113956470 1.097928733183449 387
1700113976371 1.0981512870295902 388
1700113996139 1.0978482356810482 389
1700114016026 1.0979706433866296 390
1700114040831 1.0978968011497132 391
1700114062109 1.097996104467399 392
1700114082065 1.0978109449478093 393
1700114101975 1.0979245333653975 394
1700114121731 1.0976619929405156 395
1700114148020 1.0978205628500652 396
1700114169295 1.0977400209191102 397
1700114189108 1.0976550546079544 398
1700114208926 1.0977535078446363 399
1700114228657 1.0977414318556276 400
1700114253454 1.0979096407819937 401
1700114273090 1.0977985410232824 402
1700114293138 1.0978543142550985 403
1700114313010 1.0979633986729977 404
1700114332940 1.0978187797694188 405
1700114357919 1.0979352448259332 406
1700114377791 1.0976614751938965 407
1700114397554 1.0978676104897502 408
1700114417616 1.0978646595099755 409
1700114437567 1.0977690705953929 410
1700114462330 1.0978255683205664 411
1700114482143 1.0976341102835876 412
1700114502136 1.0978878765088607 413
1700114521941 1.0978679241289513 414
1700114541698 1.0976767051703815 415
1700114566711 1.0975957644821532 416
1700114586513 1.0978139927026531 417
1700114606296 1.0976310176603028 418
1700114627311 1.0977213312339078 419
1700114647276 1.0977764675098152 420
1700114672027 1.0978088594450721 421
1700114691867 1.0978171290946623 422
1700114712027 1.0979520704913404 423
1700114732128 1.0976849875766852 424
1700114752223 1.0979756321414371 425
1700114777895 1.0978461226853937 426
1700114797903 1.097961037361314 427
1700114820375 1.0976616201365565 428
1700114840373 1.0978796743818755 429
1700114860369 1.0977842165535228 430
1700114885239 1.0979827875580734 431
1700114904986 1.0977687208854845 432
1700114924968 1.0980188833391535 433
1700114944773 1.0978534439393075 434
1700114964542 1.0978226333966554 435
1700114989424 1.0978543523052962 436
1700115009380 1.0978313666868034 437
1700115029131 1.0979486976602422 438
1700115048995 1.0978372033231814 439
1700115069291 1.0979801805696805 440
1700115094217 1.0977869167978913 441
1700115113797 1.0979139881820257 442
1700115133584 1.0977545433378748 443
1700115154671 1.0978193703172832 444
1700115174457 1.097865605486275 445
1700115199348 1.0976917338987118 446
1700115219255 1.0977315249478246 447
1700115238954 1.0977523179511743 448
1700115258647 1.0977881502401345 449
1700115278521 1.0979894437033313 450
1700115305997 1.097981753824382 451
1700115326871 1.0979968799876112 452
1700115346539 1.0978522854977428 453
1700115367713 1.0978162746147917 454
1700115388245 1.0977265157382867 455
1700115413131 1.0978668070367341 456
1700115433099 1.0979729382754253 457
1700115452904 1.0978382524529067 458
1700115472811 1.0978553057596692 459
1700115494656 1.0978146626500627 460
1700115519658 1.097676828338651 461
1700115539337 1.0978540230501181 462
1700115559123 1.0977816225417865 463
1700115579045 1.098084845666076 464
1700115598869 1.0977251641864707 465
1700115623675 1.0978022996349968 466
1700115643568 1.0979131717523525 467
1700115663359 1.0977515309939085 468
1700115683020 1.0977478680575465 469
1700115703448 1.0977309955442083 470
1700115728517 1.0980005471028964 471
1700115748346 1.0976969507347614 472
1700115768175 1.0979732261812556 473
1700115788140 1.0977310366736126 474
1700115807978 1.0979235405411667 475
1700115832848 1.097967643139547 476
1700115852691 1.0978744236745517 477
1700115872650 1.0977449307142588 478
1700115892345 1.0978925225919463 479
1700115912052 1.097792568241978 480
1700115937057 1.097875227787398 481
1700115956814 1.0977612652461908 482
1700115976575 1.0978492225668086 483
1700115996551 1.0979169477395905 484
1700116016312 1.0978187663528751 485
1700116041177 1.0980711398969276 486
1700116061102 1.0979416139451341 487
1700116081278 1.0978785632281285 488
1700116101150 1.0977861291807955 489
1700116122208 1.0976753542783955 490
1700116147343 1.098011866926707 491
1700116167222 1.0978878195435358 492
1700116186980 1.0979034812687947 493
1700116208256 1.0978191044057868 494
1700116228178 1.0978068053942325 495
1700116252864 1.097848545361269 496
1700116272438 1.0978916269826713 497
1700116292082 1.0979614178632897 498
1700116311849 1.0977680232252143 499
