1700105716528 0.32129836181667876 0
1700105741525 0.31168510705156055 1
1700105762428 0.3169806402547309 2
1700105782513 0.33111835630354663 3
1700105803372 0.32361984129961713 4
1700105824172 0.3310583289225808 5
1700105852078 0.3242634903041259 6
1700105872759 0.3399478656151376 7
1700105893050 0.33533170352577035 8
1700105913302 0.33456594396969014 9
1700105933582 0.33215643865124855 10
1700105959159 0.33516119639522385 11
1700105979372 0.33918543944053314 12
1700105999589 0.33713183928578033 13
1700106021666 0.34194698228115544 14
1700106041996 0.34068330439395983 15
1700106067417 0.3451700863258094 16
1700106089664 0.3429505017027792 17
1700106110397 0.33629543661804817 18
1700106132288 0.34021802805165224 19
1700106152619 0.34776978929462227 20
1700106178149 0.33844751321622524 21
1700106198618 0.35107908401625937 22
1700106218917 0.34532000776860244 23
1700106239275 0.34424171811130305 24
1700106260001 0.34924738197953314 25
1700106285279 0.3456931082250853 26
1700106307016 0.3439712929402459 27
1700106327658 0.3490787276704695 28
1700106348019 0.34759111891642297 29
1700106368311 0.3518011571668472 30
1700106394546 0.350036064117867 31
1700106415097 0.35270128821376395 32
1700106435439 0.35282439513412434 33
1700106455706 0.3472927187472596 34
1700106476506 0.3558369783477389 35
1700106501781 0.34518085852095587 36
1700106522093 0.3552317051202271 37
1700106542645 0.3502068760153822 38
1700106565094 0.35307859894298615 39
1700106585642 0.3481669857568456 40
1700106611192 0.34633458730952804 41
1700106631587 0.35618386822930054 42
1700106651884 0.3539867294636701 43
1700106672257 0.35277965346976775 44
1700106692897 0.35525907321453715 45
1700106718214 0.35169141756476213 46
1700106738619 0.3497573428948472 47
1700106759164 0.3506101185464188 48
1700106779765 0.3545244443410123 49
1700106800224 0.35525579752656083 50
1700106825410 0.3551445299712744 51
1700106846060 0.3516248357199679 52
1700106866356 0.35634726956738555 53
1700106887933 0.3604328580114042 54
1700106908555 0.35189838671583384 55
1700106933738 0.3529298456884682 56
1700106954107 0.3493201896787814 57
1700106975746 0.3625819349800108 58
1700106997801 0.35654080121809856 59
1700107018271 0.356842285240643 60
1700107043443 0.357530931650919 61
1700107064038 0.3561310903691868 62
1700107084708 0.3505428729621294 63
1700107104639 0.35444149625142884 64
1700107124777 0.353066872496276 65
1700107149599 0.35066554443508363 66
1700107169476 0.35569385899530864 67
1700107189261 0.3543469358690901 68
1700107209389 0.3603859092738451 69
1700107230546 0.3527769985113038 70
1700107255436 0.3530862516025613 71
1700107275515 0.35621380825752796 72
1700107295521 0.35206698363184613 73
1700107315326 0.3497421531432619 74
1700107335145 0.3563481362900429 75
1700107361656 0.3599296446112323 76
1700107381591 0.34712477148534876 77
1700107401465 0.35593629780247066 78
1700107422983 0.3592077421966174 79
1700107442967 0.35422707287201893 80
1700107467895 0.3543890071819639 81
1700107487969 0.35372904465684 82
1700107508023 0.3592910898952775 83
1700107527910 0.3586887388906253 84
1700107547661 0.3578796005898755 85
1700107574143 0.35588589077136557 86
1700107594264 0.35631686982012506 87
1700107614262 0.35774487719516185 88
1700107634467 0.35756198068944095 89
1700107654388 0.3551082884013883 90
1700107680967 0.3569860626516892 91
1700107701504 0.3489803404973899 92
1700107722224 0.35705407060909217 93
1700107742263 0.35117131763149373 94
1700107762218 0.35744533787951976 95
1700107788605 0.3545155596657637 96
1700107810088 0.35486944421266325 97
1700107831530 0.356502071618307 98
1700107851786 0.3500498622476898 99
1700107873335 0.3578465144411526 100
1700107898510 0.3478891989537354 101
1700107919284 0.36251174440971884 102
1700107939488 0.3539222718857249 103
1700107959527 0.3536322342968273 104
1700107979484 0.3525462852731021 105
1700108004651 0.3588731308119843 106
1700108024941 0.35266475929538316 107
1700108044984 0.35445817017188525 108
1700108064977 0.3566960734189591 109
1700108085637 0.3577379962086449 110
1700108110640 0.36121719607964325 111
1700108130533 0.36053632356816906 112
1700108150587 0.3550113895144045 113
1700108170563 0.3572859511500494 114
1700108190469 0.3580519439201084 115
1700108215522 0.35358699258627285 116
1700108235517 0.3574060995792248 117
1700108255335 0.35200227984480303 118
1700108275316 0.3607590895461566 119
1700108295420 0.35326011322156076 120
1700108321684 0.3541366236623813 121
1700108341578 0.36116415719219025 122
1700108361686 0.35171458622457763 123
1700108381644 0.35223025083658643 124
1700108401656 0.3555402693963545 125
1700108426552 0.35106548530295206 126
1700108446654 0.35128194867297574 127
1700108466572 0.3526807286871369 128
1700108486521 0.3620441883078061 129
1700108506659 0.35262975183184975 130
1700108531546 0.3573467864458111 131
1700108551439 0.3557451225721997 132
1700108571427 0.3540321123210477 133
1700108591557 0.35652485102699827 134
1700108611874 0.358838834615364 135
1700108636818 0.35625467361632196 136
1700108658594 0.3553175604687673 137
1700108679875 0.3600580644130354 138
1700108700453 0.3576727009224774 139
1700108720696 0.35137966084222677 140
1700108745567 0.35172343169173176 141
1700108766914 0.357138685435976 142
1700108786873 0.3588855162191171 143
1700108806870 0.3547855471682484 144
1700108826813 0.35761902044438704 145
1700108852930 0.3581976252582015 146
1700108873140 0.35935339751426126 147
1700108893145 0.3569006088810413 148
1700108913212 0.3519887252638905 149
1700108933211 0.3558733891226343 150
1700108958502 0.35596004307336965 151
1700108978391 0.35934285415218836 152
1700108998280 0.34467057146291014 153
1700109018450 0.35929194600401915 154
1700109038383 0.35789655897466216 155
1700109063377 0.3542539384499486 156
1700109084990 0.3514511567219978 157
1700109104917 0.357920842190951 158
1700109126196 0.3571799541400078 159
1700109146258 0.36514642821679993 160
1700109171483 0.36278822641450464 161
1700109192707 0.35677818426847097 162
1700109212541 0.3532672203754295 163
1700109233358 0.3532775750087272 164
1700109253324 0.35956229667888717 165
1700109278159 0.3581167656987599 166
1700109298380 0.36121224279841413 167
1700109318686 0.3616801536190144 168
1700109338732 0.35327109432008114 169
1700109358693 0.3549154963706009 170
1700109383888 0.35125942116481607 171
1700109403780 0.36009621428665833 172
1700109423512 0.35541448689125626 173
1700109444911 0.3595623562917387 174
1700109465024 0.3567218966591466 175
1700109489845 0.3602410867527304 176
1700109509538 0.3531954509063983 177
1700109529796 0.3568518123176641 178
1700109549653 0.35981979585549034 179
1700109569480 0.353974807162902 180
1700109594481 0.35741516611233787 181
1700109614513 0.3573791668353876 182
1700109634607 0.3564547945113324 183
1700109654359 0.35577477464419555 184
1700109674477 0.3500548537681036 185
1700109700485 0.34976600344444125 186
1700109720054 0.35525265458677735 187
1700109740989 0.35969709520964105 188
1700109761002 0.3509849407751811 189
1700109780766 0.35813998292219246 190
1700109805931 0.36125361251693205 191
1700109825950 0.3630447085800352 192
1700109845707 0.3533822087281628 193
1700109865517 0.3559484227747325 194
1700109885370 0.35744203692420734 195
1700109910195 0.3489841287441116 196
1700109930043 0.35408852091192305 197
1700109950202 0.3563002769511174 198
1700109970166 0.3552326829771939 199
1700109989981 0.35764999740173614 200
1700110014726 0.35549863344847754 201
1700110034654 0.34795054581204105 202
1700110054448 0.3494877470542677 203
1700110074223 0.35437395530453913 204
1700110094608 0.3545010710947924 205
1700110120852 0.35485145534099405 206
1700110140712 0.3522324048938568 207
1700110160708 0.35264071158768123 208
1700110182288 0.35965855673502983 209
1700110202517 0.3589055148901145 210
1700110227300 0.3537344219315937 211
1700110247356 0.35579327759887097 212
1700110267206 0.3489567574609896 213
1700110286944 0.35685838090871674 214
1700110306994 0.3569677765812473 215
1700110333220 0.35246051600938594 216
1700110354337 0.3542123023179682 217
1700110375658 0.35338599788719244 218
1700110395896 0.35656041787829046 219
1700110415774 0.3547233782357184 220
1700110440552 0.35495281654081845 221
1700110460370 0.3593227459432085 222
1700110480234 0.35122701622233476 223
1700110500044 0.357911874231972 224
1700110519827 0.35259865644284577 225
1700110544823 0.3589056450495646 226
1700110564619 0.35400356852813536 227
1700110585834 0.3632513922904923 228
1700110605681 0.3540758760717522 229
1700110625518 0.3579877185132094 230
1700110650432 0.3615000184098347 231
1700110670567 0.35534097165252554 232
1700110691771 0.35436903718590734 233
1700110711594 0.36035351788667436 234
1700110731450 0.35724978197630725 235
1700110757313 0.3620044026165306 236
1700110778376 0.36020446320950256 237
1700110798073 0.35534530871851083 238
1700110818093 0.3555800237152802 239
1700110837974 0.347976907427394 240
1700110862702 0.35814854110597344 241
1700110882666 0.3473949182825102 242
1700110902487 0.3564193443491741 243
1700110922292 0.3522783243629973 244
1700110942048 0.3540983848443346 245
1700110967082 0.35509721258526444 246
1700110986936 0.36069849064122944 247
1700111008067 0.3499573636827203 248
1700111028241 0.3612950886331208 249
1700111048092 0.35509288287130664 250
1700111072867 0.35849289157783537 251
1700111092763 0.3557913292471282 252
1700111112660 0.36091850023347233 253
1700111132809 0.3519254563546021 254
1700111152679 0.3582195130543539 255
1700111179654 0.35795227213669506 256
1700111199697 0.36047787758335376 257
1700111219879 0.3532529080314258 258
1700111239848 0.3541766798823494 259
1700111260099 0.35882794119102784 260
1700111285181 0.3552356941696814 261
1700111305324 0.3533676770219942 262
1700111325553 0.3558881410502599 263
1700111345439 0.3525099809597734 264
1700111365337 0.34873992321011404 265
1700111391541 0.3590950394203158 266
1700111411748 0.35212498874185255 267
1700111431784 0.3567624013069442 268
1700111451772 0.3506276576034469 269
1700111473192 0.3582651425261119 270
1700111498245 0.3568239313940856 271
1700111518134 0.3526172731056875 272
1700111540912 0.35799716947925936 273
1700111562503 0.35507886070207834 274
1700111582599 0.3592528882711378 275
1700111607850 0.3647148599619942 276
1700111627990 0.3530717285791143 277
1700111647891 0.34897029166481097 278
1700111667788 0.35753927031855853 279
1700111689007 0.35875389820873543 280
1700111714054 0.35879386236103056 281
1700111733982 0.3576612593153148 282
1700111754020 0.35800063433131707 283
1700111774035 0.3563233966008838 284
1700111793908 0.35579252966100067 285
1700111818808 0.3581848036643709 286
1700111838828 0.3557134447511732 287
1700111860023 0.3573301162332576 288
1700111880269 0.3641768432244228 289
1700111900369 0.36017534046926586 290
1700111925313 0.3537279769847897 291
1700111945143 0.3552909500756076 292
1700111965150 0.35435599774190174 293
1700111985285 0.36504236588965755 294
1700112006667 0.3536742026330608 295
1700112031586 0.36114500443331893 296
1700112052921 0.35777462993212766 297
1700112072892 0.35827876818869503 298
1700112092698 0.35397142835714934 299
1700112112712 0.35691612329208205 300
1700112137678 0.361937176369616 301
1700112157695 0.35446891868823815 302
1700112177665 0.35265567486195115 303
1700112197820 0.3533514048299695 304
1700112217847 0.35702904035917826 305
1700112244061 0.3579106293295787 306
1700112264269 0.357172102989338 307
1700112284183 0.35883673513879827 308
1700112304020 0.35791556716806855 309
1700112323962 0.3518486832582252 310
1700112350348 0.3520879328919988 311
1700112370114 0.3610567903238331 312
1700112389966 0.35255979155067774 313
1700112410175 0.35424268112322693 314
1700112430128 0.35981957159436645 315
1700112455086 0.35459497534804224 316
1700112474936 0.3567799722666503 317
1700112495052 0.3548305471380469 318
1700112515157 0.35573324391972266 319
1700112537237 0.35752930786903714 320
1700112562615 0.35719171504995306 321
1700112583975 0.3561362448238083 322
1700112603891 0.35235256935429465 323
1700112623978 0.35260613995839846 324
1700112643970 0.353349123881256 325
1700112669086 0.35030999756379283 326
1700112689180 0.3646255805804608 327
1700112709525 0.35185083549514545 328
1700112729513 0.3519907434043504 329
1700112749459 0.35412675250029446 330
1700112774645 0.35133017360409907 331
1700112794687 0.3558594298561005 332
1700112817246 0.36204736120720815 333
1700112837574 0.35607708516972897 334
1700112857688 0.35892272243102186 335
1700112882696 0.36177299242540645 336
1700112902640 0.35692767603738135 337
1700112922999 0.3561599478667798 338
1700112943048 0.36340472742937924 339
1700112963171 0.3604573628843107 340
1700112988383 0.3634842139014294 341
1700113008224 0.3602041247438848 342
1700113027861 0.35759560111727745 343
1700113047609 0.35361561193891616 344
1700113067611 0.3551295079912036 345
1700113092417 0.3574523784057109 346
1700113112142 0.35831046088120244 347
1700113132029 0.3572495023122781 348
1700113153031 0.35363533995378416 349
1700113172906 0.3597185006196157 350
1700113197968 0.3584498938664462 351
1700113217806 0.3555833177564008 352
1700113237602 0.3615364989420476 353
1700113257365 0.36098810342943466 354
1700113277231 0.3528348014895141 355
1700113302097 0.3522480405370327 356
1700113321904 0.3548428362215283 357
1700113341587 0.35606653788819803 358
1700113362723 0.35643523638626035 359
1700113384145 0.3577945579353845 360
1700113410300 0.3598011980154858 361
1700113430453 0.3550032819881303 362
1700113450245 0.3544374758647573 363
1700113470100 0.35655643514268437 364
1700113490176 0.3510972781552765 365
1700113514917 0.355701914527172 366
1700113534670 0.35879366544036184 367
1700113554465 0.35521816945675155 368
1700113574304 0.35349834762573096 369
1700113594180 0.34988870693431395 370
1700113618989 0.35722725952646056 371
1700113638812 0.3510760240875983 372
1700113658529 0.3531883935373709 373
1700113678407 0.3494607057335743 374
1700113698245 0.35729529145581046 375
1700113724367 0.35250629261239913 376
1700113744212 0.3579405069279155 377
1700113764149 0.3579793938539744 378
1700113785904 0.3546777965020412 379
1700113805668 0.3574017930462888 380
1700113830435 0.3550599112656385 381
1700113849997 0.35550294257508624 382
1700113869647 0.3561947151806509 383
1700113889355 0.3565812502536572 384
1700113910423 0.3577139232702142 385
1700113935391 0.3603732859022925 386
1700113956468 0.352664777054101 387
1700113976370 0.3493888404571783 388
1700113996138 0.35554841812388216 389
1700114016025 0.35280908130381095 390
1700114040830 0.35601277070874743 391
1700114062108 0.3535431615404321 392
1700114082065 0.3557888952808537 393
1700114101974 0.35584028726462563 394
1700114121730 0.36139674473457256 395
1700114148019 0.35859238396721854 396
1700114169295 0.35487760992842016 397
1700114189107 0.3620323572421846 398
1700114208925 0.3584919522809153 399
1700114228655 0.3583837766351854 400
1700114253453 0.35663552816661187 401
1700114273090 0.3575003431834313 402
1700114293137 0.35299425177966226 403
1700114313009 0.35351804549495375 404
1700114332939 0.35636506298690634 405
1700114357918 0.354844259536269 406
1700114377789 0.3624313604292333 407
1700114397554 0.35464405400963117 408
1700114417615 0.35373139909281015 409
1700114437566 0.35729143468014063 410
1700114462329 0.35925835930414046 411
1700114482142 0.3608071790629785 412
1700114502135 0.35712787534194107 413
1700114521940 0.3587492480717576 414
1700114541697 0.35744065541482656 415
1700114566710 0.3639900399169948 416
1700114586512 0.35570440101022616 417
1700114606295 0.3650463799186309 418
1700114627310 0.3602110181999214 419
1700114647275 0.3579656170513877 420
1700114672026 0.35903785850580894 421
1700114691866 0.3587979094314284 422
1700114712027 0.35271843546404696 423
1700114732127 0.3604371517795804 424
1700114752222 0.35272719842192646 425
1700114777894 0.35251455195935394 426
1700114797902 0.353983258050009 427
1700114820374 0.3597722736965034 428
1700114840372 0.3498426087788646 429
1700114860367 0.35963600577108457 430
1700114885238 0.35023868912246675 431
1700114904985 0.35566811409405524 432
1700114924968 0.35474828456967006 433
1700114944772 0.35646624246376196 434
1700114964541 0.3548157548426995 435
1700114989424 0.35443848327902744 436
1700115009380 0.3570191651309549 437
1700115029131 0.35496589409359874 438
1700115048994 0.3536105795703078 439
1700115069290 0.34940084326820803 440
1700115094216 0.35476066607568657 441
1700115113796 0.3530788723667945 442
1700115133583 0.35645828987047534 443
1700115154671 0.3560164980721254 444
1700115174456 0.3567032212587669 445
1700115199347 0.3590147458451585 446
1700115219254 0.3578864822468119 447
1700115238954 0.35398993360684883 448
1700115258647 0.3560294449196106 449
1700115278520 0.3549752555105443 450
1700115305996 0.3511254226303593 451
1700115326870 0.35462419369178705 452
1700115346538 0.35453888412685136 453
1700115367713 0.3565507131003928 454
1700115388244 0.35802557961771314 455
1700115413131 0.35880976654143487 456
1700115433098 0.35401032677921984 457
1700115452903 0.3593268178347733 458
1700115472810 0.3568549465938659 459
1700115494655 0.3532913558189567 460
1700115519657 0.35862262241391024 461
1700115539336 0.35326479777499936 462
1700115559123 0.356754195482043 463
1700115579044 0.3480237238453669 464
1700115598868 0.3560136443445326 465
1700115623675 0.3574523634010304 466
1700115643568 0.3520569943078169 467
1700115663358 0.3601442057169247 468
1700115683019 0.35773073004670364 469
1700115703447 0.3617009019093884 470
1700115728516 0.351981187277792 471
1700115748345 0.3573698480506518 472
1700115768174 0.3534537592276196 473
1700115788139 0.36173067097421147 474
1700115807977 0.34950675779029394 475
1700115832847 0.3481920596555151 476
1700115852690 0.35670813357502257 477
1700115872649 0.35704958128643716 478
1700115892344 0.3566841271202564 479
1700115912051 0.3557516789212058 480
1700115937056 0.35782834504601935 481
1700115956814 0.3581989770040834 482
1700115976574 0.35239998949562534 483
1700115996551 0.35482680593060634 484
1700116016311 0.35516549792562 485
1700116041176 0.3522706877345714 486
1700116061101 0.3512788182502917 487
1700116081278 0.356875511669613 488
1700116101149 0.3533696902782239 489
1700116122207 0.35717652109305287 490
1700116147342 0.35162924796638556 491
1700116167221 0.35808099659310394 492
1700116186979 0.35801359143031125 493
1700116208256 0.35568874407848766 494
1700116228177 0.3586070043084721 495
1700116252864 0.3544460266131839 496
1700116272437 0.35631577148416405 497
1700116292081 0.3547402779718842 498
1700116311849 0.35462988566357206 499
