1701372958893 0.3892612886859463 0
1701372975454 0.4525479144224627 1
1701372980339 0.5120055961271962 2
1701372985014 0.5450836973331208 3
1701372989641 0.5660515031778772 4
1701372994225 0.5811206557233043 5
1701373010402 0.5840952008901548 6
1701373015289 0.5942093957462751 7
1701373020064 0.5927497213104631 8
1701373024677 0.5915870993257205 9
1701373029195 0.5903065100637003 10
1701373045186 0.5877704290833436 11
1701373049973 0.5923107121331823 12
1701373054530 0.591769884092557 13
1701373059034 0.5924530139482729 14
1701373063478 0.5928546947760658 15
1701373075187 0.5923930705927777 16
1701373079774 0.596875517422155 17
1701373084322 0.5890739481264874 18
1701373088771 0.5903284226913629 19
1701373093158 0.5932814428337794 20
1701373105361 0.5911300345013799 21
1701373109987 0.586665455617741 22
1701373114534 0.5898583943691105 23
1701373119007 0.5940897089371919 24
1701373123467 0.5904323486897415 25
1701373135433 0.5869640702130579 26
1701373140009 0.5912423646387228 27
1701373144540 0.5851573965676561 28
1701373148994 0.5940513331204801 29
1701373153449 0.5914481095004461 30
1701373165305 0.5901850734090482 31
1701373169881 0.5895599371613516 32
1701373175081 0.5905928635394501 33
1701373179584 0.589777943142642 34
1701373183959 0.5944822832476758 35
1701373196224 0.5933247230983181 36
1701373200953 0.5876184757601576 37
1701373205559 0.5912937039533465 38
1701373210117 0.5890892064607546 39
1701373214615 0.591373107712591 40
1701373226669 0.5925318727167307 41
1701373231293 0.5916691126964364 42
1701373235824 0.5970183642280323 43
1701373240276 0.5921025150475457 44
1701373244638 0.5921934775480125 45
1701373261292 0.5928871186777268 46
1701373266103 0.5886403883878202 47
1701373270714 0.5916307368797246 48
1701373275294 0.5900201565879504 49
1701373279803 0.592906579081476 50
1701373291957 0.5877209970018468 51
1701373296627 0.596932851166179 52
1701373301140 0.5864427025761819 53
1701373305648 0.5898089622876136 54
1701373310052 0.5930532403536067 55
1701373321933 0.590695929771926 56
1701373326576 0.5892308058975004 57
1701373331077 0.591394317961909 58
1701373335589 0.587526810881346 59
1701373340004 0.593271088947339 60
1701373351855 0.5865671364455339 61
1701373356434 0.5918040578397867 62
1701373360990 0.5862117330969799 63
1701373365417 0.5944254944944386 64
1701373369827 0.5905127999162101 65
1701373381744 0.5929023770119939 66
1701373386349 0.5874144807440029 67
1701373390884 0.5895855068677098 68
1701373395314 0.5920921611611053 69
1701373399666 0.5951489499143425 70
1701373411548 0.5899151831223476 71
1701373416146 0.5939083289270447 72
1701373420640 0.5921067171170278 73
1701373425088 0.5906366887947755 74
1701373429519 0.5904439074309639 75
1701373446140 0.5872436120078542 76
1701373450970 0.5900041958753385 77
1701373455593 0.5911959297719259 78
1701373460190 0.5896861208762724 79
1701373464672 0.5896862782638304 80
1701373478053 0.592208190891493 81
1701373482798 0.5911415932426023 82
1701373487436 0.5894486544912328 83
1701373492041 0.5845012411749878 84
1701373496609 0.593536074786213 85
1701373509481 0.5935311703383861 86
1701373514290 0.5911831236615723 87
1701373519031 0.5943010606250867 88
1701373523801 0.5873540349120704 89
1701373528462 0.591869953110333 90
1701373542104 0.5906405457753782 91
1701373546810 0.5946703175512185 92
1701373551473 0.5951587588099961 93
1701373556114 0.5909640702130579 94
1701373560937 0.5884088739178315 95
1701373573278 0.5929041268575627 96
1701373578065 0.5887527185251631 97
1701373582787 0.5908559421451971 98
1701373589828 0.5907814428337794 99
1701373595546 0.5932393674240227 100
1701373608459 0.597912688384085 101
1701373613530 0.5931733147659186 102
1701373618443 0.5895983129780635 103
1701373623356 0.59392374464887 104
1701373628208 0.5928846664538133 105
1701373641025 0.59255133312048 106
1701373646029 0.6010714533882248 107
1701373650899 0.5916251300535531 108
1701373655712 0.5877691817142124 109
1701373660450 0.5902649796447302 110
1701373674009 0.5917179997871467 111
1701373678990 0.5931801264468722 112
1701373683899 0.5920024460297698 113
1701373688721 0.5909439074309639 114
1701373693413 0.5922991533919599 115
1701373706010 0.5977418196479362 116
1701373710878 0.5948694081195463 117
1701373715669 0.5945842594985784 118
1701373720395 0.592154399352956 119
1701373725121 0.5869518090934908 120
1701373737593 0.5867679768594303 121
1701373742511 0.5927937039533465 122
1701373747315 0.5906275822774665 123
1701373752084 0.5913706554886776 124
1701373756810 0.5878613915838106 125
