1701372958893 0.3171866447728517 0
1701372975454 0.509389491342804 1
1701372980339 0.6196681941968495 2
1701372985014 0.6407244267309314 3
1701372989641 0.6583542431101911 4
1701372994225 0.6608637109347483 5
1701373010402 0.666737623767245 6
1701373015289 0.6720692329195463 7
1701373020064 0.6691808003937956 8
1701373024677 0.6683758283824539 9
1701373029195 0.6692481118174451 10
1701373045186 0.6682884224712939 11
1701373049973 0.6720553051387675 12
1701373054530 0.6742397463946244 13
1701373059034 0.6707275502793711 14
1701373063478 0.671861572201598 15
1701373075187 0.6714862699227302 16
1701373079774 0.6725289864349576 17
1701373084322 0.6686567220366766 18
1701373088771 0.6655758032628315 19
1701373093158 0.6750286393214946 20
1701373105361 0.669711282351282 21
1701373109987 0.6639343265076403 22
1701373114534 0.669623066717981 23
1701373119007 0.6731825088445582 24
1701373123467 0.6686992739267983 25
1701373135433 0.6589249720187368 26
1701373140009 0.6698165794916319 27
1701373144540 0.6623767330163131 28
1701373148994 0.6750269798785659 29
1701373153449 0.6712668741374298 30
1701373165305 0.6723121064179916 31
1701373169881 0.670057922297921 32
1701373175081 0.665700152874779 33
1701373179584 0.6721098400376416 34
1701373183959 0.6747699037656419 35
1701373196224 0.6709471305573932 36
1701373200953 0.6655511713967851 37
1701373205559 0.6685003490372617 38
1701373210117 0.6701774197651171 39
1701373214615 0.6734175489668132 40
1701373226669 0.6695235664604748 41
1701373231293 0.6692601803528508 42
1701373235824 0.6813683254360514 43
1701373240276 0.6692578818696471 44
1701373244638 0.6792351182083242 45
1701373261292 0.669141752590746 46
1701373266103 0.6687444831800647 47
1701373270714 0.6729101703951694 48
1701373275294 0.6714401501154624 49
1701373279803 0.6729336656825833 50
1701373291957 0.667979807853215 51
1701373296627 0.6796892587394119 52
1701373301140 0.6666897649408533 53
1701373305648 0.669391759034364 54
1701373310052 0.6682968129451429 55
1701373321933 0.6678945400470058 56
1701373326576 0.665332761860955 57
1701373331077 0.6711217377936779 58
1701373335589 0.6638516838462002 59
1701373340004 0.6719668382962589 60
1701373351855 0.6682559520029415 61
1701373356434 0.6691544473854748 62
1701373360990 0.6675559527312432 63
1701373365417 0.674231335926813 64
1701373369827 0.6716879405694782 65
1701373381744 0.6760214211364531 66
1701373386349 0.6641605735064228 67
1701373390884 0.6615834245962376 68
1701373395314 0.6737715734297488 69
1701373399666 0.6789356098851403 70
1701373411548 0.6696004206543836 71
1701373416146 0.674010769063468 72
1701373420640 0.6708072200684975 73
1701373425088 0.6705370195838012 74
1701373429519 0.6679450413332592 75
1701373446140 0.6648090550263235 76
1701373450970 0.6678480674143366 77
1701373455593 0.6741805169767213 78
1701373460190 0.665626335403975 79
1701373464672 0.6667281217680654 80
1701373478053 0.6733269138278719 81
1701373482798 0.6694168657510419 82
1701373487436 0.6693288655827639 83
1701373492041 0.6604779296543507 84
1701373496609 0.6705482581490984 85
1701373509481 0.6695090424413647 86
1701373514290 0.67004243023369 87
1701373519031 0.6748650965514537 88
1701373523801 0.6702088106274088 89
1701373528462 0.6674000422074075 90
1701373542104 0.6685823072065705 91
1701373546810 0.6723294672449353 92
1701373551473 0.6742623270225584 93
1701373556114 0.6691765321600244 94
1701373560937 0.6682143851876704 95
1701373573278 0.6733166952730666 96
1701373578065 0.6703889436511282 97
1701373582787 0.6692043913292709 98
1701373589828 0.6673217407780192 99
1701373595546 0.6719640006996994 100
1701373608459 0.6784167761900477 101
1701373613530 0.6749444683567739 102
1701373618443 0.6678145120133553 103
1701373623356 0.6756465323176112 104
1701373628208 0.6718323609770188 105
1701373641025 0.6752258084021202 106
1701373646029 0.6784532475899608 107
1701373650899 0.673621390056114 108
1701373655712 0.66388611099566 109
1701373660450 0.6695684284499411 110
1701373674009 0.671256980841601 111
1701373678990 0.6717369678056148 112
1701373683899 0.675856650580013 113
1701373688721 0.6692756554151097 114
1701373693413 0.675869641907379 115
1701373706010 0.6813730003965092 116
1701373710878 0.6741132610060249 117
1701373715669 0.6710616818501641 118
1701373720395 0.6724298875530771 119
1701373725121 0.6644638554899363 120
1701373737593 0.6644962564767872 121
1701373742511 0.6714570174651544 122
1701373747315 0.6714177526907253 123
1701373752084 0.6695818757986792 124
1701373756810 0.6715779114148637 125
