1701372959009 1.01426100730896 0
1701372975600 0.9191835205276291 1
1701372980453 0.8458280362092055 2
1701372985132 0.810561504456904 3
1701372989758 0.7972160198471763 4
1701372994340 0.786382768061254 5
1701373010545 0.7756110429763794 6
1701373015405 0.7713853020172614 7
1701373020179 0.7727606296539307 8
1701373024791 0.7673622214948976 9
1701373029310 0.7696840283158538 10
1701373045331 0.7704130078290964 11
1701373050089 0.7635653405994564 12
1701373054646 0.7669282965845876 13
1701373059150 0.7672948875984589 14
1701373063594 0.7674313172117456 15
1701373075301 0.7677541011339658 16
1701373079890 0.7643752198714715 17
1701373084437 0.7619280358413597 18
1701373088886 0.7664771064535364 19
1701373093273 0.7652760891171245 20
1701373105476 0.766243529784215 21
1701373110102 0.7661840017739828 22
1701373114650 0.7653705268711238 23
1701373119122 0.7625417492606423 24
1701373123582 0.7665209274787408 25
1701373135548 0.7628681973203436 26
1701373140124 0.7641531848288202 27
1701373144656 0.7683035731315613 28
1701373149108 0.7664653302787187 29
1701373153564 0.7673252193958728 30
1701373165420 0.7618707503591265 31
1701373169997 0.7679391851672879 32
1701373175197 0.7664940891327796 33
1701373179699 0.7670942041781041 34
1701373184075 0.7643397674932109 35
1701373196340 0.765548890287226 36
1701373201067 0.7667652716884366 37
1701373205673 0.7660881489902348 38
1701373210233 0.7648481107377386 39
1701373214730 0.7710311110917624 40
1701373226784 0.7658389233923578 41
1701373231408 0.7669854396349424 42
1701373235938 0.7648929721349246 43
1701373240391 0.7676645207714725 44
1701373244753 0.7698017327816455 45
1701373261435 0.765541109945867 46
1701373266218 0.7663024315586338 47
1701373270830 0.7638103002077573 48
1701373275409 0.7630335216398363 49
1701373279917 0.7700479100276898 50
1701373292073 0.768323404448373 51
1701373296742 0.7648304166731896 52
1701373301255 0.7671231557796527 53
1701373305762 0.771045867498819 54
1701373310166 0.7653625088852721 55
1701373322047 0.7724098563194275 56
1701373326692 0.7633977725908354 57
1701373331197 0.7659482274736676 58
1701373335704 0.7634774798696692 59
1701373340119 0.763421754558365 60
1701373351970 0.7677383283516029 61
1701373356549 0.7666585607962175 62
1701373361105 0.7731032727600692 63
1701373365533 0.7632996296727812 64
1701373369942 0.7670404469812071 65
1701373381859 0.7674512205185828 66
1701373386463 0.7681955083624109 67
1701373391000 0.7629401776697728 68
1701373395430 0.7653169670662323 69
1701373399781 0.7682135252209453 70
1701373411662 0.7652788239640075 71
1701373416261 0.764162713057035 72
1701373420755 0.7691973935474049 73
1701373425204 0.7663860127523348 74
1701373429634 0.7677234124827694 75
1701373446286 0.7655039414182886 76
1701373451085 0.767155880277807 77
1701373455708 0.7654885138784137 78
1701373460307 0.7635491482623211 79
1701373464788 0.7617782826547499 80
1701373478169 0.7686780180249896 81
1701373482915 0.7704102621450053 82
1701373487552 0.7663498683409258 83
1701373492157 0.7654064676978372 84
1701373496724 0.7672674439170144 85
1701373509598 0.7614645009691065 86
1701373514404 0.7689648851171716 87
1701373519148 0.7663781813212803 88
1701373523918 0.7682373531453022 89
1701373528582 0.7712304367647542 90
1701373542220 0.7650275555523959 91
1701373546926 0.7678753694930633 92
1701373551588 0.7642501422337123 93
1701373556228 0.7645032460039313 94
1701373561052 0.7701428292633651 95
1701373573399 0.7646060524048743 96
1701373578199 0.7698226617528247 97
1701373582902 0.7691399996930902 98
1701373589950 0.7635809724981134 99
1701373595663 0.770470071922649 100
1701373608577 0.7617692753866121 101
1701373613645 0.763462698304808 102
1701373618558 0.7672231205098041 103
1701373623471 0.7637588118577933 104
1701373628324 0.7743151102747236 105
1701373641140 0.7654234279285778 106
1701373646144 0.7629506657649945 107
1701373651015 0.7637857779279932 108
1701373655828 0.766558394029543 109
1701373660565 0.7656578746708956 110
1701373674140 0.7684959831175866 111
1701373679108 0.7669570028007805 112
1701373684016 0.7666766837045744 113
1701373688836 0.765138168613632 114
1701373693528 0.7667741458137314 115
1701373706126 0.7678600007837469 116
1701373710994 0.7677989091191973 117
1701373715785 0.7668732458894904 118
1701373720510 0.7683816381863185 119
1701373725238 0.7645615153498464 120
1701373737710 0.7652334532180389 121
1701373742627 0.7689563345599484 122
1701373747430 0.7665592462985547 123
1701373752199 0.7636706898738812 124
1701373756926 0.7650545541342203 125
