1701372958893 0.3495426879484908 0
1701372975454 0.41791913253760127 1
1701372980339 0.499696143260472 2
1701372985014 0.5500533069184882 3
1701372989641 0.575172429635849 4
1701372994225 0.5938502340093995 5
1701373010402 0.5979533686629246 6
1701373015289 0.6092846949296059 7
1701373020064 0.60698013166371 8
1701373024677 0.6063106712947238 9
1701373029195 0.6047605531512279 10
1701373045186 0.6019946040543117 11
1701373049973 0.6072608266197986 12
1701373054530 0.6064875501596814 13
1701373059034 0.607043642682204 14
1701373063478 0.6077300650766427 15
1701373075187 0.6077995772540539 16
1701373079774 0.6119417696440427 17
1701373084322 0.603517690619304 18
1701373088771 0.6043187166073362 19
1701373093158 0.6083135140790253 20
1701373105361 0.6055100413052096 21
1701373109987 0.6003223229732527 22
1701373114534 0.604152474645459 23
1701373119007 0.6090665590368612 24
1701373123467 0.6042488523588748 25
1701373135433 0.6002680217364457 26
1701373140009 0.6058474316503114 27
1701373144540 0.5992770918956838 28
1701373148994 0.6087300310207703 29
1701373153449 0.606279419753624 30
1701373165305 0.6043075459000647 31
1701373169881 0.6035682202860634 32
1701373175081 0.6048025583786679 33
1701373179584 0.6042261660667174 34
1701373183959 0.609288881985999 35
1701373196224 0.6082960500691256 36
1701373200953 0.6016583268957655 37
1701373205559 0.6058919011128977 38
1701373210117 0.6032905020068439 39
1701373214615 0.6059146672303203 40
1701373226669 0.6067684814835249 41
1701373231293 0.6059251879723578 42
1701373235824 0.6127232966054778 43
1701373240276 0.60650505979452 44
1701373244638 0.6076832675570952 45
1701373261292 0.6070562354070841 46
1701373266103 0.6029050858093109 47
1701373270714 0.6058281975049034 48
1701373275294 0.6044798217027934 49
1701373279803 0.607638407515993 50
1701373291957 0.6022581433107749 51
1701373296627 0.6122490000251308 52
1701373301140 0.6003583095897035 53
1701373305648 0.6043788600758662 54
1701373310052 0.6074855076823816 55
1701373321933 0.6050107711611826 56
1701373326576 0.6032543251765372 57
1701373331077 0.6061301989729247 58
1701373335589 0.6019369162630052 59
1701373340004 0.6083095580410854 60
1701373351855 0.6009673163405446 61
1701373356434 0.6059656959809351 62
1701373360990 0.6005557964513196 63
1701373365417 0.6094803225218097 64
1701373369827 0.6048719641303885 65
1701373381744 0.6075487775370674 66
1701373386349 0.6016153382381114 67
1701373390884 0.6033793693136212 68
1701373395314 0.6075584493659648 69
1701373399666 0.6103844891713354 70
1701373411548 0.6038585961759745 71
1701373416146 0.6089567925262213 72
1701373420640 0.6071956730291894 73
1701373425088 0.6056070525642272 74
1701373429519 0.604611572224299 75
1701373446140 0.6011284614969289 76
1701373450970 0.6047282879853421 77
1701373455593 0.6062462442519134 78
1701373460190 0.6038740470950533 79
1701373464672 0.6040151866661266 80
1701373478053 0.6069985972617494 81
1701373482798 0.6058848182283666 82
1701373487436 0.6039895886902354 83
1701373492041 0.5981599278264037 84
1701373496609 0.6080899541612074 85
1701373509481 0.6079737032699365 86
1701373514290 0.6061143285257549 87
1701373519031 0.6091373429213642 88
1701373523801 0.6017540726225835 89
1701373528462 0.6059048743578993 90
1701373542104 0.6045502703544571 91
1701373546810 0.6095869211062125 92
1701373551473 0.6098265787795301 93
1701373556114 0.6047991735817018 94
1701373560937 0.6033480894312724 95
1701373573278 0.6076176904576376 96
1701373578065 0.6035342020412667 97
1701373582787 0.6048961690912303 98
1701373589828 0.6052591854279856 99
1701373595546 0.6081669467225542 100
1701373608459 0.6132503971174225 101
1701373613530 0.6083312095580667 102
1701373618443 0.6039323789754625 103
1701373623356 0.6088244487920612 104
1701373628208 0.6074388631568267 105
1701373641025 0.6075696157825236 106
1701373646029 0.6161834426211469 107
1701373650899 0.6063464182176003 108
1701373655712 0.6023277677851383 109
1701373660450 0.6046756065566479 110
1701373674009 0.6063618027990343 111
1701373678990 0.6083624920812909 112
1701373683899 0.6070618765269631 113
1701373688721 0.6051866831825161 114
1701373693413 0.607206545693242 115
1701373706010 0.6130393687331803 116
1701373710878 0.6096541011491875 117
1701373715669 0.6095468984764649 118
1701373720395 0.6066565266324019 119
1701373725121 0.6009329913798214 120
1701373737593 0.6007524888524959 121
1701373742511 0.6074591016685699 122
1701373747315 0.605293334386125 123
1701373752084 0.60543940998133 124
1701373756810 0.602325961854531 125
