1701372958893 0.4757799671592775 0
1701372975454 0.5488505747126436 1
1701372980339 0.6028325123152709 2
1701372985014 0.6206896551724138 3
1701372989641 0.6369047619047619 4
1701372994225 0.6432676518883416 5
1701373010402 0.6451149425287356 6
1701373015289 0.6512725779967159 7
1701373020064 0.6514778325123153 8
1701373024677 0.6486042692939245 9
1701373029195 0.6492200328407225 10
1701373045186 0.6473727422003284 11
1701373049973 0.6504515599343186 12
1701373054530 0.6512725779967159 13
1701373059034 0.6508620689655172 14
1701373063478 0.6508620689655172 15
1701373075187 0.6488095238095238 16
1701373079774 0.6535303776683087 17
1701373084322 0.6481937602627258 18
1701373088771 0.6490147783251231 19
1701373093158 0.6518883415435139 20
1701373105361 0.6502463054187192 21
1701373109987 0.6467569786535303 22
1701373114534 0.6494252873563219 23
1701373119007 0.6518883415435139 24
1701373123467 0.6508620689655172 25
1701373135433 0.6463464696223317 26
1701373140009 0.6496305418719212 27
1701373144540 0.6436781609195402 28
1701373148994 0.6533251231527094 29
1701373153449 0.6496305418719212 30
1701373165305 0.6510673234811166 31
1701373169881 0.6500410509031199 32
1701373175081 0.6488095238095238 33
1701373179584 0.6500410509031199 34
1701373183959 0.65311986863711 35
1701373196224 0.6504515599343186 36
1701373200953 0.6471674876847291 37
1701373205559 0.6494252873563219 38
1701373210117 0.6492200328407225 39
1701373214615 0.6512725779967159 40
1701373226669 0.6516830870279147 41
1701373231293 0.6506568144499179 42
1701373235824 0.6549671592775042 43
1701373240276 0.6504515599343186 44
1701373244638 0.6510673234811166 45
1701373261292 0.6518883415435139 46
1701373266103 0.6481937602627258 47
1701373270714 0.6520935960591133 48
1701373275294 0.6496305418719212 49
1701373279803 0.6516830870279147 50
1701373291957 0.646551724137931 51
1701373296627 0.6553776683087028 52
1701373301140 0.6469622331691297 53
1701373305648 0.6486042692939245 54
1701373310052 0.6510673234811166 55
1701373321933 0.6492200328407225 56
1701373326576 0.6483990147783252 57
1701373331077 0.6498357963875205 58
1701373335589 0.645320197044335 59
1701373340004 0.6508620689655172 60
1701373351855 0.6461412151067324 61
1701373356434 0.6510673234811166 62
1701373360990 0.6457307060755336 63
1701373365417 0.6522988505747126 64
1701373369827 0.6502463054187192 65
1701373381744 0.6529146141215106 66
1701373386349 0.645935960591133 67
1701373390884 0.6475779967159278 68
1701373395314 0.6494252873563219 69
1701373399666 0.6539408866995073 70
1701373411548 0.6502463054187192 71
1701373416146 0.6516830870279147 72
1701373420640 0.6492200328407225 73
1701373425088 0.6483990147783252 74
1701373429519 0.6496305418719212 75
1701373446140 0.6469622331691297 76
1701373450970 0.6473727422003284 77
1701373455593 0.6498357963875205 78
1701373460190 0.6479885057471264 79
1701373464672 0.6481937602627258 80
1701373478053 0.6510673234811166 81
1701373482798 0.6490147783251231 82
1701373487436 0.6481937602627258 83
1701373492041 0.6440886699507389 84
1701373496609 0.6516830870279147 85
1701373509481 0.6516830870279147 86
1701373514290 0.6488095238095238 87
1701373519031 0.65311986863711 88
1701373523801 0.6473727422003284 89
1701373528462 0.6506568144499179 90
1701373542104 0.6508620689655172 91
1701373546810 0.6520935960591133 92
1701373551473 0.6539408866995073 93
1701373556114 0.6512725779967159 94
1701373560937 0.645935960591133 95
1701373573278 0.6516830870279147 96
1701373578065 0.6475779967159278 97
1701373582787 0.6506568144499179 98
1701373589828 0.6488095238095238 99
1701373595546 0.6510673234811166 100
1701373608459 0.6555829228243021 101
1701373613530 0.6512725779967159 102
1701373618443 0.6486042692939245 103
1701373623356 0.6529146141215106 104
1701373628208 0.6518883415435139 105
1701373641025 0.6514778325123153 106
1701373646029 0.6584564860426929 107
1701373650899 0.6508620689655172 108
1701373655712 0.6451149425287356 109
1701373660450 0.6494252873563219 110
1701373674009 0.6504515599343186 111
1701373678990 0.6502463054187192 112
1701373683899 0.6510673234811166 113
1701373688721 0.6502463054187192 114
1701373693413 0.6516830870279147 115
1701373706010 0.6566091954022989 116
1701373710878 0.6533251231527094 117
1701373715669 0.6514778325123153 118
1701373720395 0.6512725779967159 119
1701373725121 0.6463464696223317 120
1701373737593 0.6461412151067324 121
1701373742511 0.6512725779967159 122
1701373747315 0.6496305418719212 123
1701373752084 0.6512725779967159 124
1701373756810 0.6479885057471264 125
