1701333687004 0.3460808173378959 0
1701333733438 0.38675604600033825 1
1701333760079 0.42719998308811097 2
1701333787352 0.4622613732453915 3
1701333815938 0.46581928229396546 4
1701333844178 0.49104784159435 5
1701333890904 0.5135268488908634 6
1701333918875 0.5557836657805287 7
1701333944220 0.5868692810457516 8
1701333969477 0.6005478515425201 9
1701333994283 0.6320380299770272 10
1701334034436 0.6443334777695001 11
1701334059588 0.7024965167327282 12
1701334084928 0.6703666520071935 13
1701334109895 0.720546614590812 14
1701334135383 0.731882956870178 15
