1701333687004 0.33710656715266335 0
1701333733438 0.3254941492090217 1
1701333760079 0.35610545894814644 2
1701333787352 0.38867544765873746 3
1701333815938 0.5411189467187706 4
1701333844178 0.6732235542161155 5
1701333890904 0.615973573162007 6
1701333918875 0.6302913007844514 7
1701333944220 0.6442293615309828 8
1701333969477 0.6584450013537273 9
1701333994283 0.6819709002015424 10
1701334034436 0.686907318307126 11
1701334059588 0.7377282450189799 12
1701334084928 0.6989185493159589 13
1701334109895 0.7478627285572822 14
1701334135383 0.7495239034393798 15
