1701333687004 0.32457716436944517 0
1701333733438 0.3457403808133137 1
1701333760079 0.3850567589689111 2
1701333787352 0.41748290441868474 3
1701333815938 0.423825038926862 4
1701333844178 0.4536334751572359 5
1701333890904 0.4975950483623625 6
1701333918875 0.563807771944202 7
1701333944220 0.5995786210778719 8
1701333969477 0.6133019295569517 9
1701333994283 0.6453233472024352 10
1701334034436 0.6551399219772238 11
1701334059588 0.7120796541011584 12
1701334084928 0.6742936798904906 13
1701334109895 0.7232420838541257 14
1701334135383 0.7342072080934656 15
