1701333687238 1.051132619380951 0
1701333733615 1.0319461474170932 1
1701333760216 0.9768001979047601 2
1701333787488 0.9166481951614479 3
1701333816079 0.8985445925167629 4
1701333844321 0.8514889757354538 5
1701333891109 0.8322863578796387 6
1701333919015 0.8017024568149022 7
1701333944351 0.7790964501244682 8
1701333969618 0.7793641082652203 9
1701333994417 0.732882792299444 10
1701334034576 0.7261128224335708 11
1701334059725 0.642300904571236 12
1701334085067 0.6983929787363324 13
1701334110031 0.6489414611420075 14
1701334135527 0.6031939604065635 15
