1701333687004 0.4164614121510673 0
1701333733438 0.4735221674876847 1
1701333760079 0.5225779967159278 2
1701333787352 0.5654761904761905 3
1701333815938 0.5685550082101807 4
1701333844178 0.5958538587848933 5
1701333890904 0.6077586206896551 6
1701333918875 0.6235632183908046 7
1701333944220 0.6391625615763546 8
1701333969477 0.6510673234811166 9
1701333994283 0.6720032840722496 10
1701334034436 0.6765188834154351 11
1701334059588 0.7278325123152709 12
1701334084928 0.6847290640394089 13
1701334109895 0.7261904761904762 14
1701334135383 0.7405582922824302 15
