1701407289780 0.23162448027564397 0
1701407303686 0.26008964553894326 1
1701407307551 0.3162650782054639 2
1701407311202 0.2928374762844795 3
1701407314850 0.2936478892227223 4
1701407318436 0.33030717927085046 5
1701407332307 0.34148707986613297 6
1701407336085 0.3419141630695939 7
1701407339689 0.34424646866377534 8
1701407343259 0.35132850971777146 9
1701407346753 0.3492718614927186 10
1701407360054 0.35391262529135475 11
1701407363806 0.35256012497399963 12
1701407367370 0.35254133601067267 13
1701407370918 0.3498899975805245 14
1701407374387 0.3479821723077527 15
1701407387715 0.3523362078055445 16
1701407391497 0.3525722072892363 17
1701407395101 0.35445319637882955 18
1701407398626 0.35207342137084335 19
1701407402072 0.3565914474323841 20
1701407412214 0.35422202325966046 21
1701407415848 0.35261824949442927 22
1701407419438 0.35501595650688517 23
1701407422891 0.35296950636405855 24
1701407426300 0.35215592153540526 25
1701407436337 0.3557830158543278 26
1701407439954 0.3528650882778599 27
1701407443484 0.354136557084255 28
1701407447008 0.3533100193831736 29
1701407450451 0.3550096422629372 30
1701407463679 0.3515475904502468 31
1701407467400 0.35376903643560653 32
1701407470944 0.3550271221295071 33
1701407474515 0.3533859749886372 34
1701407478584 0.35567462081842627 35
1701407489167 0.35378320554034987 36
1701407492881 0.35395510548330594 37
1701407496501 0.3536265596112815 38
1701407500037 0.35388199055429315 39
1701407503568 0.3559237207507793 40
1701407514169 0.3550226112729357 41
1701407517850 0.3540461959718291 42
1701407521434 0.35341524399947205 43
1701407524952 0.3552321679382229 44
1701407528466 0.3557674481797443 45
1701407538583 0.3517896086719691 46
1701407542222 0.35307910131069725 47
1701407545744 0.3541434884371082 48
1701407549320 0.35375894887301396 49
1701407552850 0.35171893075839405 50
1701407563123 0.3539866244636407 51
1701407566776 0.3567410390674104 52
1701407570316 0.3563251685070097 53
1701407573812 0.35572281685736956 54
1701407577290 0.35209360919782123 55
1701407587278 0.35506869560307575 56
1701407590883 0.3539947369789292 57
1701407594422 0.35438307285607246 58
1701407597938 0.35364187702998046 59
1701407601344 0.35426512093825857 60
1701407611361 0.3537466868474209 61
1701407614976 0.3533252014688773 62
1701407618523 0.35356534970579695 63
1701407622093 0.3538296259124288 64
1701407625733 0.3548506602300467 65
1701407636513 0.35711662081332246 66
1701407640288 0.35206490153029585 67
1701407643964 0.35592873328040464 68
1701407647525 0.35400790851937325 69
1701407651076 0.3555568209863133 70
1701407662931 0.351854722117871 71
1701407666631 0.35565452373241996 72
1701407670297 0.3542447923550969 73
1701407673817 0.35234618151808733 74
1701407677338 0.35199790304498335 75
1701407687615 0.35412104147113005 76
1701407691250 0.3550904391575598 77
1701407694815 0.3547981801946367 78
1701407698358 0.35314617602996706 79
1701407701848 0.3545123550895634 80
