1701407289879 1.0748624495970898 0
1701407303785 1.0471303585248115 1
1701407307630 1.0427834957073896 2
1701407311282 1.0389950244854658 3
1701407314931 1.0355558288403046 4
1701407318517 1.0392195612956316 5
1701407332419 1.0382643036353283 6
1701407336162 1.035386249040946 7
1701407339767 1.03490639038575 8
1701407343335 1.0345438443697417 9
1701407346829 1.0363462017132685 10
1701407360144 1.0403857980019007 11
1701407363882 1.0333247948915532 12
1701407367448 1.0327796584520585 13
1701407370998 1.0372577737539241 14
1701407374468 1.0371321149361439 15
1701407387822 1.03083735704422 16
1701407391573 1.0304947785842113 17
1701407395176 1.03238683174818 18
1701407398704 1.0344914213204994 19
1701407402152 1.0367234272834582 20
1701407412298 1.0342446107130785 21
1701407415924 1.0321879967665062 22
1701407419516 1.0295981749510155 23
1701407422970 1.0341694400860713 24
1701407426376 1.0314337259683855 25
1701407436415 1.0344734084911835 26
1701407440031 1.0321954702719665 27
1701407443560 1.0318748568877196 28
1701407447085 1.0345189219866044 29
1701407450530 1.0327409689243023 30
1701407463785 1.0320270856221516 31
1701407467476 1.0343065766187816 32
1701407471022 1.0298423354442303 33
1701407474607 1.0361061126757891 34
1701407478660 1.0365913326923664 35
1701407489245 1.0295359171353853 36
1701407492957 1.029771728393359 37
1701407496578 1.0343212607579353 38
1701407500118 1.031940105633858 39
1701407503645 1.0363071744258587 40
1701407514256 1.0298256064072633 41
1701407517926 1.0360282414998763 42
1701407521511 1.0296601897630937 43
1701407525028 1.036737894400572 44
1701407528544 1.0360700335258093 45
1701407538660 1.0318810083927252 46
1701407542298 1.0296715880051637 47
1701407545822 1.031808662108886 48
1701407549396 1.0317992155368512 49
1701407552926 1.0299629446787713 50
1701407563200 1.0341679927630303 51
1701407566853 1.034421864228371 52
1701407570394 1.0318884543883495 53
1701407573888 1.0320223646286206 54
1701407577365 1.031800315930293 55
1701407587354 1.0366071248665834 56
1701407590960 1.0370099193010576 57
1701407594500 1.0341467490563025 58
1701407598015 1.0290568822469466 59
1701407601420 1.0314256166800475 60
1701407611438 1.0296654487267518 61
1701407615053 1.0341571722275171 62
1701407618599 1.0304468411665697 63
1701407622170 1.0342519527826555 64
1701407625809 1.0341235750760787 65
1701407636591 1.031578459800818 66
1701407640365 1.0364036177977538 67
1701407644041 1.02959039578071 68
1701407647600 1.0343541518235817 69
1701407651152 1.0297425068341768 70
1701407663008 1.0362065724837475 71
1701407666708 1.0365987099134004 72
1701407670374 1.0322279731432598 73
1701407673893 1.0317811217063513 74
1701407677415 1.0345222185819576 75
1701407687691 1.0385822118856969 76
1701407691326 1.0294410800322509 77
1701407694892 1.0320215255786211 78
1701407698434 1.0362006410574303 79
1701407701927 1.0363114476203918 80
