1701407289780 0.3315000364935038 0
1701407303686 0.35262279770410404 1
1701407307551 0.3446143518869844 2
1701407311202 0.35851179391682186 3
1701407314850 0.376764350667169 4
1701407318436 0.35806899849093815 5
1701407332307 0.3529081980979038 6
1701407336085 0.35179908126189735 7
1701407339689 0.3487162719483711 8
1701407343259 0.3472825730645786 9
1701407346753 0.34749756243946145 10
1701407360054 0.34757602145582583 11
1701407363806 0.3513031615728885 12
1701407367370 0.35374817727198243 13
1701407370918 0.3561826329632048 14
1701407374387 0.35167028029663805 15
1701407387715 0.353487556995725 16
1701407391497 0.35256973479351666 17
1701407395101 0.3540915179266735 18
1701407398626 0.35360970743593517 19
1701407402072 0.35686220461136475 20
1701407412214 0.354364092915952 21
1701407415848 0.35197774225807404 22
1701407419438 0.35462729339937077 23
1701407422891 0.353616056163678 24
1701407426300 0.3516055903925425 25
1701407436337 0.3553020864437786 26
1701407439954 0.3526890056565309 27
1701407443484 0.3543893446018725 28
1701407447008 0.35294410413228805 29
1701407450451 0.35504378786573637 30
1701407463679 0.3515860192780402 31
1701407467400 0.3535766994970031 32
1701407470944 0.35497295568146253 33
1701407474515 0.3526560115026543 34
1701407478584 0.3543872143607593 35
1701407489167 0.3527570338905636 36
1701407492881 0.3538315100353174 37
1701407496501 0.35273020005480954 38
1701407500037 0.3529174719777413 39
1701407503568 0.3552129907151287 40
1701407514169 0.3539856720037655 41
1701407517850 0.35358066224340406 42
1701407521434 0.35184872915925425 43
1701407524952 0.35406091560474656 44
1701407528466 0.35507045309217133 45
1701407538583 0.35084389340241157 46
1701407542222 0.35230871092484034 47
1701407545744 0.35397223326548094 48
1701407549320 0.3531632557704887 49
1701407552850 0.3508694403607202 50
1701407563123 0.35289796124887 51
1701407566776 0.3557003674762678 52
1701407570316 0.35602103679507585 53
1701407573812 0.3540896249167375 54
1701407577290 0.3512632057645348 55
1701407587278 0.3545588486207078 56
1701407590883 0.35460014643905197 57
1701407594422 0.3528873422441163 58
1701407597938 0.35284378975471836 59
1701407601344 0.3539511632598787 60
1701407611361 0.35271053738981273 61
1701407614976 0.35220278679477085 62
1701407618523 0.35332068311195447 63
1701407622093 0.35298426509546 64
1701407625733 0.35395956375881993 65
1701407636513 0.3560957805806189 66
1701407640288 0.35177784284537594 67
1701407643964 0.35604575905501173 68
1701407647525 0.35283129540610925 69
1701407651076 0.355463808616296 70
1701407662931 0.35016380016380017 71
1701407666631 0.3558602692604234 72
1701407670297 0.3541355269191134 73
1701407673817 0.35167429835217895 74
1701407677338 0.3525616887192206 75
1701407687615 0.35427281533680915 76
1701407691250 0.3542618129147637 77
1701407694815 0.3541423713618328 78
1701407698358 0.35352540127491205 79
1701407701848 0.35349864402757475 80
