1701407289780 0.3396306037994877 0
1701407303686 0.3552306781667512 1
1701407307551 0.37730703534584814 2
1701407311202 0.37057889396245564 3
1701407314850 0.3743803483849146 4
1701407318436 0.3884566210045662 5
1701407332307 0.39353027228141385 6
1701407336085 0.3935474378488077 7
1701407339689 0.39347395569085064 8
1701407343259 0.3974912058176898 9
1701407346753 0.396432352443768 10
1701407360054 0.3995451547437849 11
1701407363806 0.3996284457973956 12
1701407367370 0.40042744799594115 13
1701407370918 0.399505834601725 14
1701407374387 0.3968514290546254 15
1701407387715 0.400258329105361 16
1701407391497 0.3999470657872484 17
1701407395101 0.4018000169118891 18
1701407398626 0.39992254354811435 19
1701407402072 0.4039813969220362 20
1701407412214 0.4019519702350753 21
1701407415848 0.3999519702350753 22
1701407419438 0.4024691358024692 23
1701407422891 0.40044461356333505 24
1701407426300 0.3991235413495688 25
1701407436337 0.4031456113647895 26
1701407439954 0.40028285134449515 27
1701407443484 0.40162354134956874 28
1701407447008 0.4011112802300017 29
1701407450451 0.4024666835785557 30
1701407463679 0.39893725689159476 31
1701407467400 0.40112599357348216 32
1701407470944 0.4027926602401488 33
1701407474515 0.4006284457973956 34
1701407478584 0.4029838491459496 35
1701407489167 0.401130898021309 36
1701407492881 0.4014568746829021 37
1701407496501 0.40080001691188905 38
1701407500037 0.4009715880263826 39
1701407503568 0.40347649247420936 40
1701407514169 0.40214806358870286 41
1701407517850 0.4014617791307289 42
1701407521434 0.40047158802638255 43
1701407524952 0.40264315914087606 44
1701407528466 0.4029838491459496 45
1701407538583 0.39927549467275497 46
1701407542222 0.40013089802130897 47
1701407545744 0.4016259935734821 48
1701407549320 0.40129020801623544 49
1701407552850 0.3987853035684086 50
1701407563123 0.40113825469304915 51
1701407566776 0.40399365804160325 52
1701407570316 0.40365051581261624 53
1701407573812 0.40266277693218333 54
1701407577290 0.3992853035684086 55
1701407587278 0.4024715880263825 56
1701407590883 0.40145442245898866 57
1701407594422 0.4014789446981228 58
1701407597938 0.40080001691188905 59
1701407601344 0.40163089802130897 60
1701407611361 0.40080492135971585 61
1701407614976 0.4006284457973956 62
1701407618523 0.40095687468290214 63
1701407622093 0.4009691358024691 64
1701407625733 0.4019789446981228 65
1701407636513 0.40449365804160325 66
1701407640288 0.39960637578217484 67
1701407643964 0.4033098258075427 68
1701407647525 0.4014642313546423 69
1701407651076 0.40313580246913583 70
1701407662931 0.39895687468290203 71
1701407666631 0.40330001691188905 72
1701407670297 0.4014666835785557 73
1701407673817 0.3997803991205817 74
1701407677338 0.39943725689159476 75
1701407687615 0.40162354134956874 76
1701407691250 0.402474040250296 77
1701407694815 0.4021382546930492 78
1701407698358 0.4004519702350753 79
1701407701848 0.401643159140876 80
