1701407289780 0.40086206896551724 0
1701407303686 0.4367816091954023 1
1701407307551 0.4630541871921182 2
1701407311202 0.4552545155993432 3
1701407314850 0.45997536945812806 4
1701407318436 0.4766009852216749 5
1701407332307 0.4825533661740558 6
1701407336085 0.4825533661740558 7
1701407339689 0.4823481116584565 8
1701407343259 0.4870689655172414 9
1701407346753 0.4858374384236453 10
1701407360054 0.4895320197044335 11
1701407363806 0.4897372742200328 12
1701407367370 0.4907635467980296 13
1701407370918 0.4897372742200328 14
1701407374387 0.48645320197044334 15
1701407387715 0.4905582922824302 16
1701407391497 0.49014778325123154 17
1701407395101 0.4924055829228243 18
1701407398626 0.49014778325123154 19
1701407402072 0.49507389162561577 20
1701407412214 0.49261083743842365 21
1701407415848 0.49014778325123154 22
1701407419438 0.4932266009852217 23
1701407422891 0.4907635467980296 24
1701407426300 0.48912151067323484 25
1701407436337 0.49404761904761907 26
1701407439954 0.4905582922824302 27
1701407443484 0.49220032840722494 28
1701407447008 0.49158456486042695 29
1701407450451 0.4932266009852217 30
1701407463679 0.48891625615763545 31
1701407467400 0.49158456486042695 32
1701407470944 0.49363711001642036 33
1701407474515 0.4909688013136289 34
1701407478584 0.4938423645320197 35
1701407489167 0.49158456486042695 36
1701407492881 0.4919950738916256 37
1701407496501 0.49117405582922824 38
1701407500037 0.49137931034482757 39
1701407503568 0.4944581280788177 40
1701407514169 0.492816091954023 41
1701407517850 0.4919950738916256 42
1701407521434 0.4907635467980296 43
1701407524952 0.493431855500821 44
1701407528466 0.4938423645320197 45
1701407538583 0.48932676518883417 46
1701407542222 0.49035303776683087 47
1701407545744 0.49220032840722494 48
1701407549320 0.4917898193760263 49
1701407552850 0.4887110016420361 50
1701407563123 0.49158456486042695 51
1701407566776 0.49507389162561577 52
1701407570316 0.49466338259441706 53
1701407573812 0.493431855500821 54
1701407577290 0.48932676518883417 55
1701407587278 0.4932266009852217 56
1701407590883 0.4919950738916256 57
1701407594422 0.4919950738916256 58
1701407597938 0.49117405582922824 59
1701407601344 0.49220032840722494 60
1701407611361 0.49117405582922824 61
1701407614976 0.4909688013136289 62
1701407618523 0.49137931034482757 63
1701407622093 0.49137931034482757 64
1701407625733 0.49261083743842365 65
1701407636513 0.4956896551724138 66
1701407640288 0.4897372742200328 67
1701407643964 0.4942528735632184 68
1701407647525 0.4919950738916256 69
1701407651076 0.49404761904761907 70
1701407662931 0.48891625615763545 71
1701407666631 0.4942528735632184 72
1701407670297 0.4919950738916256 73
1701407673817 0.4899425287356322 74
1701407677338 0.4895320197044335 75
1701407687615 0.49220032840722494 76
1701407691250 0.4932266009852217 77
1701407694815 0.492816091954023 78
1701407698358 0.4907635467980296 79
1701407701848 0.49220032840722494 80
