1700139572702 0.32475569337619653 0
1700139617021 0.33537654886446405 1
1700139653319 0.32156086944724555 2
1700139689827 0.3303103280876234 3
1700139727542 0.33266654541488055 4
1700139763733 0.32122899150519973 5
1700139807688 0.31286977156359214 6
1700139844460 0.3096118977227223 7
1700139881265 0.3155310874477121 8
1700139917562 0.3327600285419436 9
1700139953906 0.3365783654187877 10
1700139998310 0.31610052455149934 11
1700140034391 0.3424316985436923 12
1700140069857 0.3576849255984023 13
1700140105563 0.39805422309340965 14
