1700139572724 0.3289341357540436 0
1700139617028 0.33565371427727503 1
1700139653327 0.32711564454702163 2
1700139689834 0.3312072806994438 3
1700139727550 0.3353677648535258 4
1700139763740 0.3320361273701866 5
1700139807693 0.3311620481424997 6
1700139844469 0.33323243594174706 7
1700139881272 0.3382832141937948 8
1700139917569 0.334163931082666 9
1700139953913 0.3416112328056365 10
1700139998321 0.3397750971962361 11
1700140034398 0.34364256153681233 12
1700140069863 0.36128158729159887 13
1700140105569 0.39995528439975053 14
