1700139572727 0.32909676316099434 0
1700139617031 0.3355840407229782 1
1700139653331 0.32714703523357563 2
1700139689838 0.33123401450653733 3
1700139727554 0.3360339223970479 4
1700139763743 0.33080222819247135 5
1700139807697 0.32935715183332115 6
1700139844472 0.33308922789272183 7
1700139881276 0.34067306540675696 8
1700139917573 0.33418004372058313 9
1700139953916 0.3420040900056363 10
1700139998326 0.33952031833684826 11
1700140034401 0.3448560397974098 12
1700140069867 0.3586162533581849 13
1700140105572 0.4079411073958019 14
