1700139572721 0.32616218710347217 0
1700139617024 0.33648633060329913 1
1700139653323 0.32864228861460376 2
1700139689830 0.3329680470642519 3
1700139727546 0.3351597646787403 4
1700139763737 0.3273733994693736 5
1700139807690 0.32633521744145805 6
1700139844465 0.3371784519552428 7
1700139881269 0.3438689583573653 8
1700139917565 0.33642865382397047 9
1700139953909 0.344734110047295 10
1700139998317 0.33227592571230824 11
1700140034395 0.34577229207521054 12
1700140069859 0.36203714384588764 13
1700140105565 0.3971623024570308 14
