1700139572728 1.099067609248566 0
1700139617032 1.099029857953976 1
1700139653332 1.0989572335433255 2
1700139689839 1.0989714594784699 3
1700139727555 1.0988060640672916 4
1700139763744 1.0988716907606793 5
1700139807697 1.0988252327890853 6
1700139844472 1.0988202988001694 7
1700139881277 1.0985101072110812 8
1700139917574 1.09872719502537 9
1700139953917 1.0985029493750682 10
1700139998328 1.0983238374175182 11
1700140034403 1.0981493165572191 12
1700140069867 1.0975065587631452 13
1700140105574 1.0960748437585865 14
