1699991629774 0.3458876456338678 0
1699991661712 0.34536855461991 1
1699991691884 0.346176029530511 2
1699991717906 0.34536855461991 3
1699991747586 0.34606067597185375 4
1699991776951 0.34398431191602263 5
1699991808681 0.3441573422540085 6
1699991836089 0.34398431191602263 7
1699991863224 0.34254239243280654 8
1699991891562 0.3420809781981774 9
1699991917418 0.34277309955012114 10
1699991950692 0.34484946360595226 11
1699991978777 0.3420233014188488 12
1699992005803 0.33885107855577346 13
1699992031777 0.3432921905640789 14
1699992058182 0.34104279617026184 15
1699992091233 0.3393124927904026 16
1699992118748 0.3440996654746799 17
1699992145781 0.33735148229322875 18
1699992172307 0.3402353212596609 19
1699992198202 0.3405237051563041 20
