1699991629786 1.1171941126094145 0
1699991661725 1.1135874618502224 1
1699991691898 1.1101094379144556 2
1699991717921 1.1083693451741163 3
1699991747602 1.1065676527864792 4
1699991776967 1.1051351094947142 5
1699991808693 1.1046033063355614 6
1699991836102 1.1036957362118889 7
1699991863235 1.1025639754884384 8
1699991891574 1.102614329141729 9
1699991917431 1.10181885081179 10
1699991950704 1.1014220065930311 11
1699991978790 1.101314481566934 12
1699992005816 1.1016925678533667 13
1699992031793 1.100676334956113 14
1699992058198 1.101300390327678 15
1699992091244 1.1009478306069094 16
1699992118762 1.1001820353900684 17
1699992145793 1.1012153117095722 18
1699992172321 1.1009798663503982 19
1699992198218 1.1004117359133327 20
