1701322710952 0.19603661814151255 0
1701322747040 0.13683634373289547 1
1701322767295 0.13683634373289547 2
1701322787256 0.13683634373289547 3
1701322807147 0.13683634373289547 4
1701322827047 0.13683634373289547 5
1701322862113 0.13683634373289547 6
1701322882283 0.13683634373289547 7
1701322902299 0.13683634373289547 8
1701322922445 0.13683634373289547 9
1701322942433 0.13683634373289547 10
1701322977456 0.13683634373289547 11
1701322998342 0.13683634373289547 12
1701323018360 0.13683634373289547 13
1701323038617 0.13683634373289547 14
1701323058577 0.13683634373289547 15
1701323093564 0.13683634373289547 16
1701323113576 0.13683634373289547 17
1701323133563 0.13683634373289547 18
1701323153438 0.13683634373289547 19
1701323173386 0.4704229213791213 20
1701323208447 0.4081611570247934 21
1701323228497 0.4079146073585942 22
1701323248507 0.42713423655258365 23
1701323268485 0.38512923004901617 24
1701323288733 0.3872352524835083 25
1701323323887 0.39631901840490796 26
1701323344651 0.38661220059408724 27
1701323364981 0.39948592542348677 28
1701323385060 0.4225888517131713 29
1701323405127 0.39219322505796916 30
1701323440782 0.40533768909127765 31
1701323460935 0.40059286685101 32
1701323481085 0.3866104629047408 33
1701323501247 0.37445771937644795 34
1701323521481 0.3667431902180107 35
1701323557129 0.37731158183322994 36
1701323577636 0.3772663976931887 37
1701323598055 0.3771841903247113 38
1701323618616 0.3713237744101379 39
1701323638865 0.37758999737966437 40
1701323674389 0.36472580829406853 41
1701323694627 0.36573231113476706 42
1701323714776 0.3601554258564876 43
1701323735161 0.36753311109108927 44
1701323755566 0.37198576742681544 45
1701323790958 0.3727848968256933 46
1701323811514 0.36149124265602484 47
1701323831795 0.36096842296277526 48
1701323852099 0.3598712930760725 49
1701323873498 0.3632789254700177 50
1701323908931 0.36306658568701367 51
1701323929399 0.3638475931980343 52
1701323949792 0.3633999413200492 53
1701323970147 0.3611048225829477 54
1701323990344 0.3632530738217434 55
1701324025680 0.36328585065893054 56
1701324046694 0.36287583069171186 57
1701324067133 0.3594439748285902 58
1701324087936 0.36221157224021133 59
1701324108538 0.3602171879903256 60
1701324144442 0.36289393504259965 61
1701324165004 0.36297122816447785 62
1701324185469 0.36353089382976383 63
1701324205857 0.3607141194676149 64
1701324226297 0.36189460837992443 65
1701324262651 0.3616041864548025 66
1701324282965 0.3601429006157066 67
1701324303086 0.3609843344079926 68
1701324323633 0.3616688499564897 69
1701324344175 0.3607116698500669 70
1701324380563 0.36134582742959503 71
1701324401257 0.3616263466550811 72
1701324421823 0.36173358503735903 73
1701324442468 0.35987901039310266 74
1701324463267 0.3626780419190512 75
1701324499060 0.36231436991133115 76
1701324519769 0.36219731674590155 77
1701324540357 0.35968692342570563 78
1701324560790 0.3614835364677436 79
1701324581285 0.3632986845224328 80
1701324617693 0.3628728048560117 81
1701324638017 0.3614199153460734 82
1701324658227 0.36028143538809587 83
1701324678825 0.3611526855630793 84
1701324699369 0.36117450106276916 85
1701324735047 0.3576304796762106 86
1701324755706 0.35926790819129256 87
1701324776444 0.3577321645300178 88
1701324796986 0.3626977196233317 89
1701324817489 0.35687185443283004 90
1701324853264 0.358924587615084 91
1701324873943 0.35444787578995496 92
1701324894462 0.35777850462111505 93
1701324914996 0.35646371575978203 94
1701324935381 0.35535798182526274 95
1701324971571 0.357017947289235 96
1701324992330 0.35732826559816827 97
1701325013019 0.3562773260520731 98
1701325033696 0.35953096509625015 99
1701325054312 0.3550939578281978 100
1701325090186 0.3581416755470748 101
1701325110833 0.35753725973743117 102
1701325131421 0.3572879484345783 103
1701325151984 0.35593600418706667 104
1701325172669 0.3556881689874017 105
1701325208763 0.355884064230144 106
1701325229854 0.35913826089505746 107
1701325250801 0.3572067076654233 108
1701325271727 0.3601624880694649 109
1701325292562 0.3579638752052545 110
1701325329123 0.3579857819805515 111
1701325349890 0.3591213474025974 112
1701325370778 0.357820547218297 113
1701325391556 0.35941739405717543 114
1701325412391 0.36189173057957147 115
1701325448305 0.3592833035405441 116
1701325469128 0.3611651042680253 117
1701325489865 0.3591843402011519 118
1701325511320 0.3605128185877522 119
1701325532627 0.3624109972907607 120
1701325568771 0.3625784106081502 121
1701325589830 0.36127095361450906 122
1701325610760 0.3643692396545833 123
1701325631724 0.36402618569858003 124
1701325652613 0.3635765899120959 125
1701325689545 0.3646303834935993 126
1701325709909 0.36701500088824957 127
1701325730354 0.36695260071440167 128
1701325750910 0.36513281672169456 129
1701325771517 0.36623507100688313 130
1701325807507 0.3675421302836577 131
1701325827936 0.3673323893981171 132
1701325848488 0.3655839014508848 133
1701325869477 0.36797392151475034 134
1701325890059 0.3670179498543471 135
1701325926100 0.36889944759642185 136
1701325946611 0.3688752850113719 137
1701325967261 0.36843072115921127 138
1701325987833 0.36971768811796607 139
1701326008343 0.36884667489043405 140
1701326045102 0.3691515209464868 141
1701326065634 0.3692567567567568 142
1701326086191 0.3703952398411765 143
1701326106778 0.3717392444528535 144
1701326127451 0.37099189750611034 145
1701326163690 0.3726272519300983 146
1701326184483 0.3734342838820451 147
1701326205166 0.3733869880708012 148
1701326225775 0.3732817130293471 149
1701326246376 0.3741238488015132 150
1701326282336 0.3741513605035973 151
1701326303030 0.3737491555995842 152
1701326323588 0.37210935707689413 153
1701326344184 0.3738508131624965 154
1701326364760 0.3749706470659797 155
1701326400408 0.3749416684009293 156
1701326421117 0.375294125977617 157
1701326441620 0.37591910462562866 158
1701326462131 0.3762020936586578 159
1701326482667 0.37696027911093055 160
1701326518310 0.3772059881710806 161
1701326538803 0.37821521494091487 162
1701326559186 0.3780848218538188 163
1701326579880 0.37799681549062814 164
1701326600513 0.37872641219497205 165
1701326636221 0.37871515048673543 166
1701326656652 0.37841152060239186 167
1701326676945 0.3798057046424921 168
1701326697166 0.379973973637074 169
1701326717360 0.3802943193268245 170
1701326751104 0.3809946644857265 171
1701326771625 0.3801815153568202 172
1701326792036 0.3813997044605431 173
1701326814014 0.3803544041894615 174
1701326834982 0.38165237109336486 175
1701326871173 0.38177849470263475 176
1701326891756 0.3818947030202075 177
1701326912167 0.3839923009822885 178
1701326932542 0.38290552568662495 179
1701326952933 0.3831563698182802 180
1701326988433 0.38223920681241835 181
1701327008895 0.3837318770363464 182
1701327029200 0.3844875475078975 183
1701327049568 0.3867236657996618 184
1701327069904 0.3845323184878082 185
1701327105345 0.38736617234269816 186
1701327125797 0.3851258481114465 187
1701327146079 0.3863354084306509 188
1701327166530 0.3865602978553697 189
1701327186891 0.3887581465280798 190
1701327219742 0.3877670394524327 191
1701327239980 0.3882398729771485 192
1701327260394 0.38899529716450937 193
1701327280713 0.38836594444523276 194
1701327300995 0.3891811068117607 195
1701327333945 0.39073552166224584 196
1701327354193 0.3903001668335002 197
1701327374453 0.38895551235549713 198
1701327394937 0.39227065527065524 199
1701327415272 0.39352307573644524 200
1701327450673 0.3934186543498626 201
1701327471209 0.3926771536153259 202
1701327491515 0.394883402705267 203
1701327511912 0.39457093219022027 204
1701327532234 0.39599906988391437 205
1701327565042 0.39567112952965194 206
1701327585333 0.3977673561006894 207
1701327605646 0.39807692307692305 208
1701327625946 0.40049743636789903 209
1701327646204 0.39918746979138087 210
1701327679992 0.40045033236833544 211
1701327700348 0.4015209379276148 212
1701327720925 0.40207329804925057 213
1701327741369 0.4051450465243569 214
1701327761893 0.4042180439542326 215
1701327794992 0.4041620309919449 216
1701327815215 0.4038292458472603 217
1701327835509 0.40671545539136966 218
1701327855883 0.4055823365089319 219
1701327876261 0.40701107772531153 220
1701327909030 0.40733658644447684 221
1701327929271 0.40655526928719893 222
1701327949589 0.4064622905449801 223
1701327970114 0.4075221788841727 224
1701327990537 0.4081046498306556 225
1701328024140 0.40868423212673394 226
1701328044340 0.4078129710774887 227
1701328064595 0.41114357442756355 228
1701328089544 0.4094867358346617 229
1701328110840 0.41061482460504517 230
1701328143813 0.4117533927025165 231
1701328164325 0.40857905627196484 232
1701328184925 0.40999432201914515 233
1701328205946 0.4116675217931815 234
1701328226347 0.41303943753903877 235
1701328259340 0.41152502576202493 236
1701328279790 0.4125867726309867 237
1701328300105 0.413829593139938 238
1701328320428 0.4160248883363264 239
1701328340836 0.4164125450166078 240
1701328376791 0.41347750587342585 241
1701328397125 0.41540993302400286 242
1701328417201 0.41590008044127785 243
1701328437363 0.41854201977242383 244
1701328457445 0.4167978722107016 245
1701328490140 0.4182670806107554 246
1701328510205 0.418920141314344 247
1701328530323 0.4168198299379084 248
1701328550484 0.42108222934137546 249
1701328570419 0.42047310588247194 250
1701328602903 0.4213169327416892 251
1701328622622 0.42140498855921377 252
1701328642437 0.42073431236164066 253
1701328662396 0.42371038747185535 254
1701328682553 0.42202893552199977 255
1701328715116 0.4235774693812844 256
1701328735094 0.42473956377889593 257
1701328754998 0.4235158049055648 258
1701328774862 0.42287098576883214 259
1701328794788 0.42366971686013305 260
1701328827229 0.42370970826332793 261
1701328847153 0.4254431136500054 262
1701328866970 0.4249619056363783 263
1701328886904 0.4257318805011036 264
1701328907038 0.4256253250071558 265
1701328942522 0.42443444722367185 266
1701328962638 0.42478095992877374 267
1701328982569 0.42570807127156546 268
1701329002579 0.4252395888798901 269
1701329022450 0.42484031756676854 270
1701329054686 0.4228567754702916 271
1701329074332 0.4256426970664866 272
1701329094057 0.42575802577915084 273
1701329113716 0.42569760956268277 274
1701329133494 0.42574842906719085 275
1701329165677 0.4250143973177541 276
1701329185419 0.42524615869747945 277
1701329205247 0.42733615773905625 278
1701329225710 0.42684601680732753 279
1701329245437 0.4265487918696879 280
1701329277584 0.42642055736518275 281
1701329297217 0.42689295039164493 282
1701329317053 0.42668634905402786 283
1701329337589 0.4266530828383295 284
1701329357407 0.42841988784000473 285
1701329389532 0.4265330145721116 286
1701329409315 0.427271345340166 287
1701329429027 0.4277662314333792 288
1701329448876 0.4281834051467004 289
1701329468598 0.428181415432151 290
1701329500869 0.4280473842818771 291
1701329520418 0.42783220318133947 292
1701329540828 0.42861010177386644 293
1701329560601 0.42767245070915544 294
1701329581597 0.42686384442942993 295
1701329615792 0.42861760882408984 296
1701329637495 0.42818932037090923 297
1701329657631 0.4305036525531789 298
1701329677884 0.4297186093749897 299
