1701322711059 1.1115466114742305 0
1701322747166 1.0965075181200614 1
1701322767398 1.0851025667065888 2
1701322787360 1.0765829444710726 3
1701322807244 1.069990056792116 4
1701322827150 1.0649509126064824 5
1701322862252 1.0607898250903958 6
1701322882378 1.0580778008972118 7
1701322902404 1.0552769170867071 8
1701322922547 1.0528012849147024 9
1701322942536 1.0516899060579687 10
1701322977592 1.0499973562028673 11
1701322998437 1.0481803865214578 12
1701323018458 1.047557852626626 13
1701323038715 1.0464356483197679 14
1701323058678 1.0464141812979006 15
1701323093696 1.0458590637624654 16
1701323113674 1.0445553831804812 17
1701323133663 1.0445641696063521 18
1701323153534 1.0441719079329297 19
1701323173488 1.0446021420503753 20
1701323208579 1.0434901114382775 21
1701323228597 1.0432421615700316 22
1701323248612 1.0429439984895046 23
1701323268589 1.0422639215693754 24
1701323288834 1.0429246776244219 25
1701323324022 1.0431209159832375 26
1701323344757 1.0424542999735065 27
1701323365086 1.0418367101476083 28
1701323385163 1.0412332528556874 29
1701323405232 1.0419276469673207 30
1701323440913 1.042652194406472 31
1701323461040 1.0406578915571076 32
1701323481187 1.040485542194516 33
1701323501352 1.0416503369418624 34
1701323521585 1.041010824293872 35
1701323557264 1.0403851481044994 36
1701323577740 1.0406304255030514 37
1701323598172 1.0395695399614722 38
1701323618719 1.0402592833525215 39
1701323638968 1.0396216593536676 40
1701323674523 1.0399131315206391 41
1701323694731 1.0397218477492238 42
1701323714883 1.0390643979988845 43
1701323735264 1.0388058996668048 44
1701323755670 1.0381714810732923 45
1701323791089 1.0389513194171431 46
1701323811620 1.0386734226949854 47
1701323831901 1.0376035894443787 48
1701323852203 1.0382791352427863 49
1701323873602 1.038550152887706 50
1701323909062 1.0387003250371396 51
1701323929503 1.036669936834597 52
1701323949900 1.0364110391903547 53
1701323970253 1.0366555569218654 54
1701323990453 1.0363677860864626 55
1701324025812 1.035598655152165 56
1701324046803 1.03544693094453 57
1701324067243 1.0356415264746721 58
1701324088042 1.0358647283385782 59
1701324108644 1.0350833063811258 60
1701324144585 1.0353163266493604 61
1701324165109 1.0349618866552714 62
1701324185575 1.0348148766685934 63
1701324205961 1.03439821916468 64
1701324226403 1.0337449397916108 65
1701324262786 1.032888328327852 66
1701324283069 1.0338802318167841 67
1701324303192 1.032244509731243 68
1701324323754 1.0328602973931755 69
1701324344280 1.0316098301239263 70
1701324380684 1.032168110990836 71
1701324401360 1.031892337830238 72
1701324421929 1.0319142559774561 73
1701324442572 1.0307464011354384 74
1701324463372 1.0298647494877087 75
1701324499193 1.0303372491418925 76
1701324519872 1.029660746163013 77
1701324540462 1.0297059393396564 78
1701324560895 1.0292268216220382 79
1701324581390 1.028477324769388 80
1701324617834 1.0280996187060487 81
1701324638120 1.0281340312334448 82
1701324658335 1.0276542489045586 83
1701324678932 1.027243353962119 84
1701324699474 1.0262107814059538 85
1701324735179 1.025961685024835 86
1701324755811 1.0255315958284865 87
1701324776549 1.0250334034558215 88
1701324797090 1.0256272429734274 89
1701324817593 1.0238625344887278 90
1701324853400 1.0238915872729681 91
1701324874050 1.024191166061202 92
1701324894569 1.0223358277401893 93
1701324915100 1.0233225830240187 94
1701324935493 1.0217717998947193 95
1701324971721 1.0206407748795803 96
1701324992435 1.0202786334199843 97
1701325013126 1.0197593764541975 98
1701325033803 1.0195936712564206 99
1701325054418 1.0186020015111936 100
1701325090321 1.0178004133155922 101
1701325110937 1.0165935548302394 102
1701325131530 1.0163184875756308 103
1701325152091 1.015617434105842 104
1701325172776 1.0155376616646261 105
1701325208907 1.0139584946476556 106
1701325229959 1.0135848194945092 107
1701325250907 1.0127916986646215 108
1701325271830 1.012413568356458 109
1701325292666 1.0114101751957065 110
1701325329264 1.0100365117484449 111
1701325349997 1.0104863293030684 112
1701325370884 1.0085496641452016 113
1701325391659 1.0092382668669706 114
1701325412497 1.0061875281770245 115
1701325448454 1.0058217379781935 116
1701325469233 1.0059084740339541 117
1701325489970 1.0045360622842328 118
1701325511425 1.0038450578458948 119
1701325532732 1.0022502483106126 120
1701325568913 1.0014125548936184 121
1701325589935 1.000203783605613 122
1701325610872 0.9986818425016466 123
1701325631828 0.9980317319140715 124
1701325652721 0.9978557100483015 125
1701325689687 0.995437788028343 126
1701325710013 0.9948355917837105 127
1701325730458 0.9936913477829079 128
1701325751016 0.9919174714805254 129
1701325771623 0.9909314758637372 130
1701325807646 0.9894886379148445 131
1701325828049 0.9887849030151866 132
1701325848596 0.9875279883154078 133
1701325869587 0.9873217745544085 134
1701325890173 0.9857183706526663 135
1701325926233 0.9833876786668316 136
1701325946711 0.9834420240782444 137
1701325967367 0.9817704905092327 138
1701325987938 0.9794859558928246 139
1701326008447 0.9785235594300663 140
1701326045229 0.9768483479038562 141
1701326065739 0.9760789450477151 142
1701326086295 0.9732124080844954 143
1701326106881 0.9732127645436455 144
1701326127559 0.9710807340597015 145
1701326163829 0.9692977592836018 146
1701326184585 0.9679225348179636 147
1701326205271 0.967745309172113 148
1701326225882 0.965672114316155 149
1701326246480 0.9640183577350542 150
1701326282468 0.9628636911024455 151
1701326303134 0.9602022097001668 152
1701326323692 0.958378804275413 153
1701326344288 0.9577057478474635 154
1701326364863 0.9560911756714964 155
1701326400546 0.9557767479248296 156
1701326421222 0.9530563689524831 157
1701326441723 0.9511126700569602 158
1701326462236 0.9488545309484394 159
1701326482771 0.9475364124073702 160
1701326518447 0.9451524077677259 161
1701326538907 0.9447063266062269 162
1701326559289 0.942532905566147 163
1701326579987 0.9430006859349269 164
1701326600617 0.9399989336923836 165
1701326636387 0.9391150677126218 166
1701326656757 0.9376038172665764 167
1701326677046 0.9354373411415449 168
1701326697270 0.9348578223215989 169
1701326717463 0.9327869407491747 170
1701326751211 0.9322084893588147 171
1701326771729 0.9308089200967278 172
1701326792136 0.9285318870949589 173
1701326814117 0.92691329647513 174
1701326835070 0.9265122674649058 175
1701326871312 0.9242574408942578 176
1701326891860 0.9238276142700046 177
1701326912271 0.9211035148770201 178
1701326932647 0.9205919515852835 179
1701326953036 0.9192898207240634 180
1701326988566 0.9178646845755234 181
1701327008998 0.9171122468374913 182
1701327029303 0.9146963229366377 183
1701327049672 0.9132120079464383 184
1701327070007 0.9127791294085434 185
1701327105481 0.9097650171884524 186
1701327125902 0.9100037809290917 187
1701327146181 0.9090402449657714 188
1701327166635 0.9070583613090266 189
1701327186993 0.9072225058779997 190
1701327219847 0.9033322221313427 191
1701327240086 0.9039303411066143 192
1701327260498 0.9032286335440243 193
1701327280817 0.9018214185253467 194
1701327301099 0.8987672804227842 195
1701327334048 0.8984593336099114 196
1701327354296 0.8979219361847522 197
1701327374556 0.8956207278507208 198
1701327395042 0.8969340207530003 199
1701327415376 0.8929392282479729 200
1701327450801 0.8921311517166935 201
1701327471314 0.8916763495775609 202
1701327491617 0.8913147835170522 203
1701327512016 0.889688450136995 204
1701327532336 0.8876305405610527 205
1701327565146 0.888161734817854 206
1701327585438 0.8884278407283858 207
1701327605749 0.8851931714544109 208
1701327626050 0.8846532702445984 209
1701327646306 0.8828485195153679 210
1701327680096 0.8817345371433333 211
1701327700453 0.8798821541218976 212
1701327721030 0.8800976517932867 213
1701327741477 0.8775737211595174 214
1701327761996 0.8779728821679658 215
1701327795095 0.8766590882750118 216
1701327815321 0.8759100709865296 217
1701327835612 0.874511398910697 218
1701327855990 0.873295838147207 219
1701327876364 0.873794785512039 220
1701327909134 0.8721850674136792 221
1701327929379 0.8702317012680901 222
1701327949692 0.8698680081398659 223
1701327970219 0.8695319816957112 224
1701327990643 0.8682677118606816 225
1701328024242 0.8661187965106341 226
1701328044446 0.8664571288364386 227
1701328064697 0.8637603102556242 228
1701328089683 0.8650561368543338 229
1701328110952 0.8643295367558798 230
1701328143914 0.8620311294505799 231
1701328164427 0.8639084533149121 232
1701328185027 0.8614770010405896 233
1701328206043 0.8604043640342414 234
1701328226451 0.8587306558696273 235
1701328259443 0.8577938746003544 236
1701328279897 0.856992141483656 237
1701328300210 0.8566810441952125 238
1701328320531 0.8564190556800443 239
1701328340939 0.8566309626585518 240
1701328376933 0.8546127489968842 241
1701328397230 0.8523635794134701 242
1701328417303 0.8521738773077921 243
1701328437465 0.8515955229210698 244
1701328457548 0.8516343006121567 245
1701328490240 0.8495293212871925 246
1701328510310 0.8490901262152428 247
1701328530425 0.8496482204767614 248
1701328550581 0.8494653787488252 249
1701328570517 0.8486791151800966 250
1701328603002 0.8462513276174957 251
1701328622720 0.8452778181998558 252
1701328642533 0.845478700266944 253
1701328662497 0.8457068045154895 254
1701328682650 0.8427779744653141 255
1701328715215 0.8420796133334341 256
1701328735196 0.8423149784406027 257
1701328755094 0.8423778329020232 258
1701328774964 0.8395765739328721 259
1701328794888 0.8404384648877811 260
1701328827329 0.839533321218553 261
1701328847256 0.8371622583834953 262
1701328867067 0.8393554800476124 263
1701328887008 0.83669168263479 264
1701328907137 0.8373057772131527 265
1701328942644 0.8370136377079035 266
1701328962735 0.8348792787470849 267
1701328982666 0.8340694004414129 268
1701329002676 0.8355251207850338 269
1701329022550 0.833520329855626 270
1701329054785 0.8353370182654437 271
1701329074428 0.8310132751277849 272
1701329094154 0.83212566180946 273
1701329113817 0.8329440024163988 274
1701329133591 0.8299248705502429 275
1701329165775 0.8295768468208562 276
1701329185517 0.8281482010105856 277
1701329205343 0.8282693094677396 278
1701329225807 0.82742994828941 279
1701329245536 0.8278548409736234 280
1701329277681 0.8289299396907582 281
1701329297314 0.8255789895462834 282
1701329317148 0.825419449338726 283
1701329337689 0.8257834510086408 284
1701329357503 0.823860338700363 285
1701329389629 0.8233652726497526 286
1701329409413 0.8229063359740513 287
1701329429137 0.8233984595809887 288
1701329448975 0.822811944422379 289
1701329468696 0.8210077959727617 290
1701329500965 0.821874924734527 291
1701329520518 0.8201275261399014 292
1701329540923 0.8195866007430881 293
1701329561562 0.819695864237991 294
1701329581697 0.818429120225844 295
1701329615929 0.8189921320653429 296
1701329637598 0.8180215269132377 297
1701329657734 0.817704087378932 298
1701329677980 0.8167702536177791 299
