1701322710952 0.32900462449130596 0
1701322747040 0.3333333333333333 1
1701322767295 0.3333333333333333 2
1701322787256 0.3333333333333333 3
1701322807147 0.3333333333333333 4
1701322827047 0.3333333333333333 5
1701322862113 0.3333333333333333 6
1701322882283 0.3333333333333333 7
1701322902299 0.3333333333333333 8
1701322922445 0.3333333333333333 9
1701322942433 0.3333333333333333 10
1701322977456 0.3333333333333333 11
1701322998342 0.3333333333333333 12
1701323018360 0.3333333333333333 13
1701323038617 0.3333333333333333 14
1701323058577 0.3333333333333333 15
1701323093564 0.3333333333333333 16
1701323113576 0.3333333333333333 17
1701323133563 0.3333333333333333 18
1701323153438 0.3333333333333333 19
1701323173386 0.334855403348554 20
1701323208447 0.33673042448841534 21
1701323228497 0.3350318789108744 22
1701323248507 0.3362157111449349 23
1701323268485 0.3469437679688821 24
1701323288733 0.34218882124133265 25
1701323323887 0.34710798241163543 26
1701323344651 0.3727749027566379 27
1701323364981 0.35712768476238793 28
1701323385060 0.35504676137324537 29
1701323405127 0.3693802638254693 30
1701323440782 0.3651007948587857 31
1701323460935 0.37022095383054293 32
1701323481085 0.37416954168780653 33
1701323501247 0.3796720784711652 34
1701323521481 0.38315009301538977 35
1701323557129 0.37981667512261125 36
1701323577636 0.38170150515812623 37
1701323598055 0.3793117706747844 38
1701323618616 0.3858339252494504 39
1701323638865 0.3840814307458143 40
1701323674389 0.3886354642313546 41
1701323694627 0.39051293759512934 42
1701323714776 0.3953929477422628 43
1701323735161 0.3915178420429562 44
1701323755566 0.388740825300186 45
1701323790958 0.389583967529173 46
1701323811514 0.3952213766277693 47
1701323831795 0.39951065449010653 48
1701323852099 0.39524835109081685 49
1701323873498 0.40170429561982074 50
1701323908931 0.402410197869102 51
1701323929399 0.4042729578893962 52
1701323949792 0.3994812278031456 53
1701323970147 0.4063759512937595 54
1701323990344 0.4044543378995434 55
1701324025680 0.40565778792491125 56
1701324046694 0.40445679012345676 57
1701324067133 0.4101750380517504 58
1701324087936 0.4075524268560798 59
1701324108538 0.4117142736343649 60
1701324144442 0.40994461356333506 61
1701324165004 0.4099421613394216 62
1701324185469 0.41061863690174194 63
1701324205857 0.41151818028073733 64
1701324226297 0.4154520547945206 65
1701324262651 0.4125427025198714 66
1701324282965 0.41274615254523933 67
1701324303086 0.4154790292575681 68
1701324323633 0.41477557923220026 69
1701324344175 0.41480010147133434 70
1701324380563 0.41858937933367163 71
1701324401257 0.4170231692880095 72
1701324421823 0.41893006933874516 73
1701324442468 0.4205575849822425 74
1701324463267 0.4201089971249788 75
1701324499060 0.4204693049213597 76
1701324519769 0.4204742093691865 77
1701324540357 0.4209203450025368 78
1701324560790 0.4217242516489092 79
1701324581285 0.42374141721630304 80
1701324617693 0.4230575849822425 81
1701324638017 0.423126247251818 82
1701324658227 0.4226507694909521 83
1701324678825 0.42331007948587857 84
1701324699369 0.42348410282428545 85
1701324735047 0.4204939117199391 86
1701324755706 0.4221703872822595 87
1701324776444 0.4208468628445798 88
1701324796986 0.42463850837138506 89
1701324817489 0.42088364620328084 90
1701324853264 0.4223591239641468 91
1701324873943 0.41958219178082196 92
1701324894462 0.42154295619820736 93
1701324914996 0.42072924065618134 94
1701324935381 0.4202537628953154 95
1701324971571 0.4210552173177744 96
1701324992330 0.4220895484525622 97
1701325013019 0.420739049551835 98
1701325033696 0.42356012176560115 99
1701325054312 0.4218395907322848 100
1701325090186 0.4234523084728565 101
1701325110833 0.42330525959749704 102
1701325131421 0.4229670218163369 103
1701325151984 0.4223371385083714 104
1701325172669 0.4226998985286657 105
1701325208763 0.4225160662946051 106
1701325229854 0.4248052595974971 107
1701325250801 0.4240234229663454 108
1701325271727 0.42615330627431086 109
1701325292562 0.42504058853373916 110
1701325329123 0.4246876374090986 111
1701325349890 0.4254989007272112 112
1701325370778 0.4255700152207001 113
1701325391556 0.42706511077287335 114
1701325412391 0.42747192626416375 115
1701325448305 0.4270724674446136 116
1701325469128 0.42907982411635376 117
1701325489865 0.4272538474547607 118
1701325511320 0.4287636563504143 119
1701325532627 0.4295503974293928 120
1701325568771 0.4305822763402672 121
1701325589830 0.43065339083375614 122
1701325610760 0.43277346524606797 123
1701325631724 0.4317415863351936 124
1701325652613 0.43333967529173006 125
1701325689545 0.43276610857432773 126
1701325709909 0.4351117030272282 127
1701325730354 0.43563132081853545 128
1701325750910 0.435712244207678 129
1701325771517 0.43428082191780826 130
1701325807507 0.43631760527650937 131
1701325827936 0.43770733975985116 132
1701325848488 0.4367392186707255 133
1701325869477 0.4373470319634703 134
1701325890059 0.4377269575511584 135
1701325926100 0.43818526974463046 136
1701325946611 0.4385308641975308 137
1701325967261 0.4385504819888381 138
1701325987833 0.438856840859124 139
1701326008343 0.43922450532724505 140
1701326045102 0.4395651953323186 141
1701326065634 0.4402637409098597 142
1701326086191 0.4407343142228987 143
1701326106778 0.44293776424826653 144
1701326127451 0.4417465753424657 145
1701326163690 0.4425553864366649 146
1701326184483 0.44564611872146126 147
1701326205166 0.4447784542533401 148
1701326225775 0.4447809064772535 149
1701326246376 0.44561423981058684 150
1701326282336 0.44595738203957386 151
1701326303030 0.444766193133773 152
1701326323588 0.44413140537798074 153
1701326344184 0.44667064096059533 154
1701326364760 0.44696964315914095 155
1701326400408 0.44627109758159983 156
1701326421117 0.4471314053779807 157
1701326441620 0.4478005242685608 158
1701326462131 0.44865592761711487 159
1701326482667 0.4486215964823271 160
1701326518310 0.4508814476577034 161
1701326538803 0.4510088787417555 162
1701326559186 0.45066818873668185 163
1701326579880 0.4508446642990022 164
1701326600513 0.45151133096566887 165
1701326636221 0.4513397598511754 166
1701326656652 0.45082995095552175 167
1701326676945 0.4532074243192965 168
1701326697166 0.4533740909859631 169
1701326717360 0.4540579232200237 170
1701326751104 0.4536829020801623 171
1701326771625 0.4533667343142229 172
1701326792036 0.4541878065279892 173
1701326814014 0.45336918653813624 174
1701326834982 0.4553986132250973 175
1701326871173 0.4550432098765433 176
1701326891756 0.4559059698968375 177
1701326912167 0.4560211398613225 178
1701326932542 0.45690596989683746 179
1701326952933 0.4565554709961102 180
1701326988433 0.45554811432437003 181
1701327008895 0.4570603754439371 182
1701327029200 0.45790596989683746 183
1701327049568 0.4592221376627769 184
1701327069904 0.4567049720953831 185
1701327105345 0.4600701843395907 186
1701327125797 0.4584133265685777 187
1701327146079 0.4587270421106037 188
1701327166530 0.45923439878234396 189
1701327186891 0.46140842212075084 190
1701327219742 0.4593863521055302 191
1701327239980 0.46143294435988497 192
1701327260394 0.4605554709961102 193
1701327280713 0.4610873499069846 194
1701327300995 0.46157508878741754 195
1701327333945 0.462391256553357 196
1701327354193 0.46258244545915783 197
1701327374453 0.4643422966345341 198
1701327394937 0.4647613732453915 199
1701327415272 0.4655799932352444 200
1701327450673 0.4654182310164045 201
1701327471209 0.466474632166413 202
1701327491515 0.46692313546423136 203
1701327511912 0.46883493996279385 204
1701327532234 0.4680971588026382 205
1701327565042 0.468974632166413 206
1701327585333 0.469945205479452 207
1701327605646 0.47131532217148653 208
1701327625946 0.47314129883307965 209
1701327646204 0.47248934550989347 210
1701327679992 0.4734819888381532 211
1701327700348 0.47448198883815323 212
1701327720925 0.47448198883815323 213
1701327741369 0.47731532217148653 214
1701327761893 0.4769942499577203 215
1701327794992 0.4773373921867073 216
1701327815215 0.47683003551496705 217
1701327835509 0.47916827329612716 218
1701327855883 0.47765355995264674 219
1701327876261 0.4798422966345341 220
1701327909030 0.4800138677490276 221
1701327929271 0.4800334855403349 222
1701327949589 0.47900896330120074 223
1701327970114 0.4805236766446812 224
1701327990537 0.4811927955352613 225
1701328024140 0.4815261288685946 226
1701328044340 0.4808619144258414 227
1701328064595 0.4833472010823609 228
1701328089544 0.4828790799932352 229
1701328110840 0.4837099611026552 230
1701328143813 0.48453593776424825 231
1701328164325 0.4820481988838153 232
1701328184925 0.48321241332656856 233
1701328205946 0.48522957889396245 234
1701328226347 0.48570750887874176 235
1701328259340 0.4848864366649755 236
1701328279790 0.48571976999830885 237
1701328300105 0.4870604600033824 238
1701328320428 0.48940850668019614 239
1701328340836 0.48939624556062916 240
1701328376791 0.48793302891933027 241
1701328397125 0.4885653644512092 242
1701328417201 0.4895874344664299 243
1701328437363 0.49226636225266357 244
1701328457445 0.4907737189244039 245
1701328490140 0.49158988669034337 246
1701328510205 0.4931168611533909 247
1701328530323 0.4912859800439709 248
1701328550484 0.4947810755961441 249
1701328570419 0.4934232200236766 250
1701328602903 0.49529333671571113 251
1701328622622 0.49477126670049043 252
1701328642437 0.49599188229325214 253
1701328662396 0.4978055978352782 254
1701328682553 0.4963080500591916 255
1701328715116 0.497467360054118 256
1701328735094 0.49881540673093183 257
1701328754998 0.4976438356164383 258
1701328774862 0.4976634534077456 259
1701328794788 0.4981560967360054 260
1701328827229 0.49799188229325214 261
1701328847153 0.49914138339252495 262
1701328866970 0.4986389311686115 263
1701328886904 0.4994796211736851 264
1701328907038 0.5000016911889058 265
1701328942522 0.4984869778454253 266
1701328962638 0.4991610011838323 267
1701328982569 0.4999992389649924 268
1701329002579 0.5006977845425334 269
1701329022450 0.4989869778454253 270
1701329054686 0.4981879756468797 271
1701329074332 0.5001757145273128 272
1701329094057 0.4991438356164384 273
1701329113716 0.5005139523084728 274
1701329133494 0.49965364451209204 275
1701329165677 0.4991610011838323 276
1701329185419 0.49967081007948594 277
1701329205247 0.5018546423135465 278
1701329225710 0.5011757145273127 279
1701329245437 0.5008423811939794 280
1701329277584 0.5017026889903602 281
1701329297217 0.5003252156265855 282
1701329317053 0.5006708100794859 283
1701329337589 0.5010115000845595 284
1701329357407 0.5032002367664469 285
1701329389532 0.5025629967867411 286
1701329409315 0.5013423811939793 287
1701329429027 0.5020188567562996 288
1701329448876 0.503381616776594 289
1701329468598 0.5020115000845594 290
1701329500869 0.5023595467613733 291
1701329520418 0.5018448334178928 292
1701329540828 0.5035458312193472 293
1701329560601 0.5027124978860139 294
1701329581597 0.5022198545577541 295
1701329615792 0.5037223067816675 296
1701329637495 0.5028718078809403 297
1701329657631 0.5055654490106545 298
1701329677884 0.5038718078809402 299
