1701322710952 0.3516009852216749 0
1701322747040 0.41050903119868637 1
1701322767295 0.41050903119868637 2
1701322787256 0.41050903119868637 3
1701322807147 0.41050903119868637 4
1701322827047 0.41050903119868637 5
1701322862113 0.41050903119868637 6
1701322882283 0.41050903119868637 7
1701322902299 0.41050903119868637 8
1701322922445 0.41050903119868637 9
1701322942433 0.41050903119868637 10
1701322977456 0.41050903119868637 11
1701322998342 0.41050903119868637 12
1701323018360 0.41050903119868637 13
1701323038617 0.41050903119868637 14
1701323058577 0.41050903119868637 15
1701323093564 0.41050903119868637 16
1701323113576 0.41050903119868637 17
1701323133563 0.41050903119868637 18
1701323153438 0.41050903119868637 19
1701323173386 0.41235632183908044 20
1701323208447 0.41461412151067323 21
1701323228497 0.4125615763546798 22
1701323248507 0.4139983579638752 23
1701323268485 0.4269293924466338 24
1701323288733 0.4211822660098522 25
1701323323887 0.4271346469622332 26
1701323344651 0.458128078817734 27
1701323364981 0.43924466338259444 28
1701323385060 0.4367816091954023 29
1701323405127 0.4540229885057471 30
1701323440782 0.44889162561576357 31
1701323460935 0.45504926108374383 32
1701323481085 0.45977011494252873 33
1701323501247 0.4663382594417077 34
1701323521481 0.47044334975369456 35
1701323557129 0.4665435139573071 36
1701323577636 0.4688013136288998 37
1701323598055 0.46592775041050905 38
1701323618616 0.47372742200328405 39
1701323638865 0.47167487684729065 40
1701323674389 0.47701149425287354 41
1701323694627 0.4792692939244663 42
1701323714776 0.4850164203612479 43
1701323735161 0.4805008210180624 44
1701323755566 0.4772167487684729 45
1701323790958 0.4782430213464696 46
1701323811514 0.4848111658456486 47
1701323831795 0.4899425287356322 48
1701323852099 0.4848111658456486 49
1701323873498 0.49261083743842365 50
1701323908931 0.493431855500821 51
1701323929399 0.4956896551724138 52
1701323949792 0.4899425287356322 53
1701323970147 0.4981527093596059 54
1701323990344 0.49589490968801314 55
1701324025680 0.49733169129720856 56
1701324046694 0.49589490968801314 57
1701324067133 0.5026683087027914 58
1701324087936 0.4995894909688013 59
1701324108538 0.5045155993431856 60
1701324144442 0.5024630541871922 61
1701324165004 0.5024630541871922 62
1701324185469 0.5032840722495895 63
1701324205857 0.5043103448275862 64
1701324226297 0.5090311986863711 65
1701324262651 0.5055418719211823 66
1701324282965 0.5057471264367817 67
1701324303086 0.5090311986863711 68
1701324323633 0.5082101806239737 69
1701324344175 0.5082101806239737 70
1701324380563 0.5127257799671593 71
1701324401257 0.5108784893267652 72
1701324421823 0.513136288998358 73
1701324442468 0.5149835796387521 74
1701324463267 0.5145730706075534 75
1701324499060 0.5149835796387521 76
1701324519769 0.5149835796387521 77
1701324540357 0.5153940886699507 78
1701324560790 0.5164203612479474 79
1701324581285 0.5188834154351396 80
1701324617693 0.5180623973727422 81
1701324638017 0.5180623973727422 82
1701324658227 0.5174466338259441 83
1701324678825 0.5182676518883416 84
1701324699369 0.5184729064039408 85
1701324735047 0.5147783251231527 86
1701324755706 0.5168308702791461 87
1701324776444 0.5151888341543513 88
1701324796986 0.5199096880131363 89
1701324817489 0.5151888341543513 90
1701324853264 0.5170361247947455 91
1701324873943 0.5135467980295566 92
1701324894462 0.5160098522167488 93
1701324914996 0.5149835796387521 94
1701324935381 0.514367816091954 95
1701324971571 0.5153940886699507 96
1701324992330 0.5166256157635468 97
1701325013019 0.5149835796387521 98
1701325033696 0.5184729064039408 99
1701325054312 0.5162151067323482 100
1701325090186 0.5182676518883416 101
1701325110833 0.5180623973727422 102
1701325131421 0.5176518883415435 103
1701325151984 0.5168308702791461 104
1701325172669 0.5172413793103449 105
1701325208763 0.5170361247947455 106
1701325229854 0.5199096880131363 107
1701325250801 0.5188834154351396 108
1701325271727 0.521551724137931 109
1701325292562 0.5201149425287356 110
1701325329123 0.5197044334975369 111
1701325349890 0.5207307060755336 112
1701325370778 0.5207307060755336 113
1701325391556 0.5225779967159278 114
1701325412391 0.5231937602627258 115
1701325448305 0.5225779967159278 116
1701325469128 0.5250410509031199 117
1701325489865 0.5227832512315271 118
1701325511320 0.5246305418719212 119
1701325532627 0.5256568144499179 120
1701325568771 0.5268883415435139 121
1701325589830 0.5268883415435139 122
1701325610760 0.5295566502463054 123
1701325631724 0.5283251231527094 124
1701325652613 0.5301724137931034 125
1701325689545 0.5295566502463054 126
1701325709909 0.5324302134646962 127
1701325730354 0.5330459770114943 128
1701325750910 0.5330459770114943 129
1701325771517 0.5314039408866995 130
1701325807507 0.5338669950738916 131
1701325827936 0.5355090311986864 132
1701325848488 0.5342775041050903 133
1701325869477 0.5350985221674877 134
1701325890059 0.5355090311986864 135
1701325926100 0.5361247947454844 136
1701325946611 0.5365353037766831 137
1701325967261 0.5365353037766831 138
1701325987833 0.5369458128078818 139
1701326008343 0.5373563218390804 140
1701326045102 0.5377668308702791 141
1701326065634 0.5385878489326765 142
1701326086191 0.5392036124794746 143
1701326106778 0.541871921182266 144
1701326127451 0.5404351395730707 145
1701326163690 0.5414614121510674 146
1701326184483 0.5451559934318555 147
1701326205166 0.5441297208538588 148
1701326225775 0.5441297208538588 149
1701326246376 0.5451559934318555 150
1701326282336 0.5455665024630542 151
1701326303030 0.5441297208538588 152
1701326323588 0.5433087027914614 153
1701326344184 0.5463875205254516 154
1701326364760 0.5467980295566502 155
1701326400408 0.5459770114942529 156
1701326421117 0.5470032840722496 157
1701326441620 0.547824302134647 158
1701326462131 0.5488505747126436 159
1701326482667 0.5488505747126436 160
1701326518310 0.5515188834154351 161
1701326538803 0.5517241379310345 162
1701326559186 0.5513136288998358 163
1701326579880 0.5515188834154351 164
1701326600513 0.5523399014778325 165
1701326636221 0.5521346469622331 166
1701326656652 0.5515188834154351 167
1701326676945 0.5543924466338259 168
1701326697166 0.5545977011494253 169
1701326717360 0.5554187192118226 170
1701326751104 0.555008210180624 171
1701326771625 0.5545977011494253 172
1701326792036 0.555623973727422 173
1701326814014 0.5545977011494253 174
1701326834982 0.5570607553366174 175
1701326871173 0.5566502463054187 176
1701326891756 0.5576765188834154 177
1701326912167 0.5578817733990148 178
1701326932542 0.5589080459770115 179
1701326952933 0.5584975369458128 180
1701326988433 0.5572660098522167 181
1701327008895 0.5591133004926109 182
1701327029200 0.5601395730706076 183
1701327049568 0.5617816091954023 184
1701327069904 0.5587027914614121 185
1701327105345 0.562807881773399 186
1701327125797 0.5607553366174056 187
1701327146079 0.5611658456486043 188
1701327166530 0.5617816091954023 189
1701327186891 0.5644499178981938 190
1701327219742 0.5619868637110016 191
1701327239980 0.5644499178981938 192
1701327260394 0.5634236453201971 193
1701327280713 0.5640394088669951 194
1701327300995 0.5646551724137931 195
1701327333945 0.5656814449917899 196
1701327354193 0.5658866995073891 197
1701327374453 0.5679392446633826 198
1701327394937 0.5685550082101807 199
1701327415272 0.5695812807881774 200
1701327450673 0.569376026272578 201
1701327471209 0.5706075533661741 202
1701327491515 0.5712233169129721 203
1701327511912 0.5734811165845649 204
1701327532234 0.5726600985221675 205
1701327565042 0.5736863711001642 206
1701327585333 0.5749178981937603 207
1701327605646 0.576559934318555 208
1701327625946 0.5788177339901478 209
1701327646204 0.5779967159277504 210
1701327679992 0.5792282430213465 211
1701327700348 0.5804597701149425 212
1701327720925 0.5804597701149425 213
1701327741369 0.5839490968801314 214
1701327761893 0.5835385878489326 215
1701327794992 0.5839490968801314 216
1701327815215 0.5833333333333334 217
1701327835509 0.5862068965517241 218
1701327855883 0.5843596059113301 219
1701327876261 0.5870279146141215 220
1701327909030 0.5872331691297209 221
1701327929271 0.5872331691297209 222
1701327949589 0.5860016420361248 223
1701327970114 0.5878489326765188 224
1701327990537 0.5886699507389163 225
1701328024140 0.5890804597701149 226
1701328044340 0.5882594417077176 227
1701328064595 0.5913382594417077 228
1701328089544 0.5907224958949097 229
1701328110840 0.5917487684729064 230
1701328143813 0.5927750410509032 231
1701328164325 0.589696223316913 232
1701328184925 0.5911330049261084 233
1701328205946 0.5935960591133005 234
1701328226347 0.5942118226600985 235
1701328259340 0.5931855500821018 236
1701328279790 0.5942118226600985 237
1701328300105 0.5958538587848933 238
1701328320428 0.5987274220032841 239
1701328340836 0.5987274220032841 240
1701328376791 0.59688013136289 241
1701328397125 0.5977011494252874 242
1701328417201 0.5989326765188834 243
1701328437363 0.6022167487684729 244
1701328457445 0.6003694581280788 245
1701328490140 0.6013957307060755 246
1701328510205 0.6032430213464697 247
1701328530323 0.6009852216748769 248
1701328550484 0.6052955665024631 249
1701328570419 0.6036535303776683 250
1701328602903 0.6059113300492611 251
1701328622622 0.6052955665024631 252
1701328642437 0.6067323481116584 253
1701328662396 0.6089901477832512 254
1701328682553 0.6071428571428571 255
1701328715116 0.6085796387520526 256
1701328735094 0.6102216748768473 257
1701328754998 0.6087848932676518 258
1701328774862 0.6087848932676518 259
1701328794788 0.6094006568144499 260
1701328827229 0.6091954022988506 261
1701328847153 0.610632183908046 262
1701328866970 0.6100164203612479 263
1701328886904 0.6110426929392446 264
1701328907038 0.6116584564860427 265
1701328942522 0.6098111658456487 266
1701328962638 0.610632183908046 267
1701328982569 0.6116584564860427 268
1701329002579 0.6124794745484401 269
1701329022450 0.6104269293924466 270
1701329054686 0.6094006568144499 271
1701329074332 0.611863711001642 272
1701329094057 0.610632183908046 273
1701329113716 0.6122742200328407 274
1701329133494 0.611247947454844 275
1701329165677 0.610632183908046 276
1701329185419 0.611247947454844 277
1701329205247 0.6139162561576355 278
1701329225710 0.6130952380952381 279
1701329245437 0.6126847290640394 280
1701329277584 0.6137110016420362 281
1701329297217 0.6120689655172413 282
1701329317053 0.6124794745484401 283
1701329337589 0.6128899835796388 284
1701329357407 0.6155582922824302 285
1701329389532 0.6147372742200329 286
1701329409315 0.6133004926108374 287
1701329429027 0.6141215106732348 288
1701329448876 0.6157635467980296 289
1701329468598 0.6141215106732348 290
1701329500869 0.6145320197044335 291
1701329520418 0.6139162561576355 292
1701329540828 0.6159688013136289 293
1701329560601 0.6149425287356322 294
1701329581597 0.6143267651888341 295
1701329615792 0.6161740558292282 296
1701329637495 0.6151477832512315 297
1701329657631 0.618431855500821 298
1701329677884 0.6163793103448276 299
