1701322710952 0.24416389101457933 0
1701322747040 0.19402405898331396 1
1701322767295 0.19402405898331396 2
1701322787256 0.19402405898331396 3
1701322807147 0.19402405898331396 4
1701322827047 0.19402405898331396 5
1701322862113 0.19402405898331396 6
1701322882283 0.19402405898331396 7
1701322902299 0.19402405898331396 8
1701322922445 0.19402405898331396 9
1701322942433 0.19402405898331396 10
1701322977456 0.19402405898331396 11
1701322998342 0.19402405898331396 12
1701323018360 0.19402405898331396 13
1701323038617 0.19402405898331396 14
1701323058577 0.19402405898331396 15
1701323093564 0.19402405898331396 16
1701323113576 0.19402405898331396 17
1701323133563 0.19402405898331396 18
1701323153438 0.19402405898331396 19
1701323173386 0.1973088012575117 20
1701323208447 0.20300066469496533 21
1701323228497 0.19854682624926667 22
1701323248507 0.2010703351598573 23
1701323268485 0.2306356027967648 24
1701323288733 0.21926509088386234 25
1701323323887 0.2304207414393126 26
1701323344651 0.28600058944886536 27
1701323364981 0.25291457285290514 28
1701323385060 0.24461401565664956 29
1701323405127 0.27974567992254407 30
1701323440782 0.2689035926296249 31
1701323460935 0.28084259316770593 32
1701323481085 0.290896543152398 33
1701323501247 0.3042702027142726 34
1701323521481 0.31387655745648146 35
1701323557129 0.3031811765159766 36
1701323577636 0.30726632601023124 37
1701323598055 0.30258059829802275 38
1701323618616 0.31661612258014304 39
1701323638865 0.31130944228923246 40
1701323674389 0.32442436064383806 41
1701323694627 0.32760808042913053 42
1701323714776 0.3387409077876001 43
1701323735161 0.3285659907475151 44
1701323755566 0.3220574441619369 45
1701323790958 0.3230925338875709 46
1701323811514 0.3385665842442276 47
1701323831795 0.3454918551596566 48
1701323852099 0.33941138879457483 49
1701323873498 0.3480003142924491 50
1701323908931 0.34967959697211093 51
1701323929399 0.3518650726936036 52
1701323949792 0.34472307784196116 53
1701323970147 0.35590770872646876 54
1701323990344 0.35236469925362646 55
1701324025680 0.3542327519356036 56
1701324046694 0.3523990940313298 57
1701324067133 0.36158700052947723 58
1701324087936 0.35706647102610184 59
1701324108538 0.3636239942711687 60
1701324144442 0.3602727764591731 61
1701324165004 0.3602163788278454 62
1701324185469 0.3609793496852452 63
1701324205857 0.36286195356185164 64
1701324226297 0.3678995168268277 65
1701324262651 0.3642329081491528 66
1701324282965 0.3650184002457742 67
1701324303086 0.3683714084313154 68
1701324323633 0.36721150148003856 69
1701324344175 0.3676276200724046 70
1701324380563 0.3726791209926268 71
1701324401257 0.3703945746161173 72
1701324421823 0.37310305688637646 73
1701324442468 0.37608845346911796 74
1701324463267 0.3742529120940752 75
1701324499060 0.3749284372260628 76
1701324519769 0.3750016144259825 77
1701324540357 0.37675747663248993 78
1701324560790 0.37713213229029335 79
1701324581285 0.3790455595358127 80
1701324617693 0.37824338312932565 81
1701324638017 0.37911213649776493 82
1701324658227 0.3789508136012696 83
1701324678825 0.3794369122657317 84
1701324699369 0.3796618044315235 85
1701324735047 0.3771789930261882 86
1701324755706 0.37872247421249855 87
1701324776444 0.3776980269110329 88
1701324796986 0.3805168795433265 89
1701324817489 0.37803383818069175 90
1701324853264 0.3790805185986515 91
1701324873943 0.3770802399496021 92
1701324894462 0.3785501738112096 93
1701324914996 0.3780051711449774 94
1701324935381 0.377765737991528 95
1701324971571 0.37823749447565413 96
1701324992330 0.37939789291384035 97
1701325013019 0.3780946038503843 98
1701325033696 0.3804350639879834 99
1701325054312 0.37968655724245043 100
1701325090186 0.38080224258810147 101
1701325110833 0.38080258415529616 102
1701325131421 0.3804745336736697 103
1701325151984 0.38017172557618545 104
1701325172669 0.38065022982412106 105
1701325208763 0.3804028438699392 106
1701325229854 0.3821180233399004 107
1701325250801 0.3817491441683882 108
1701325271727 0.38337821836048985 109
1701325292562 0.3827521761753487 110
1701325329123 0.38232743687907633 111
1701325349890 0.3828655586268564 112
1701325370778 0.3833500911439374 113
1701325391556 0.384634101902926 114
1701325412391 0.38443034530717995 115
1701325448305 0.38468019901630496 116
1701325469128 0.38647896099850065 117
1701325489865 0.38491544600657673 118
1701325511320 0.3862904297004715 119
1701325532627 0.3867650314745436 120
1701325568771 0.3877951107772308 121
1701325589830 0.3881962056137673 122
1701325610760 0.38986120267372093 123
1701325631724 0.3887967831321677 124
1701325652613 0.3906482038932369 125
1701325689545 0.3898439734076417 126
1701325709909 0.39202438224345154 127
1701325730354 0.39253874836925834 128
1701325750910 0.3928795361318344 129
1701325771517 0.3913360267002622 130
1701325807507 0.39330824707978707 131
1701325827936 0.3946577878064564 132
1701325848488 0.39386431837989183 133
1701325869477 0.39434577232177964 134
1701325890059 0.3947575844398277 135
1701325926100 0.39515032150424534 136
1701325946611 0.3954764815394363 137
1701325967261 0.3955526415707118 138
1701325987833 0.3958227939331262 139
1701326008343 0.39614818188403617 140
1701326045102 0.3965040570359321 141
1701326065634 0.39723771803754443 142
1701326086191 0.39757931790295836 143
1701326106778 0.39962688648973144 144
1701326127451 0.3984766833456172 145
1701326163690 0.39918018910935954 146
1701326184483 0.4021114412309932 147
1701326205166 0.4012736130834326 148
1701326225775 0.4012686844883744 149
1701326246376 0.40201081242129294 150
1701326282336 0.4023165898022927 151
1701326303030 0.4012538739425464 152
1701326323588 0.4006942721252409 153
1701326344184 0.403054437304643 154
1701326364760 0.4032675722363516 155
1701326400408 0.40255007686720296 156
1701326421117 0.4034125745955204 157
1701326441620 0.40401600725017656 158
1701326462131 0.4048096525989006 159
1701326482667 0.40469595222686094 160
1701326518310 0.4069250951587086 161
1701326538803 0.4069745325626511 162
1701326559186 0.40666669366758806 163
1701326579880 0.40683345469694476 164
1701326600513 0.4074441178918791 165
1701326636221 0.4072935240577682 166
1701326656652 0.40681341712543934 167
1701326676945 0.4090266486054428 168
1701326697166 0.4091760174299715 169
1701326717360 0.40982160788994565 170
1701326751104 0.4094418304300369 171
1701326771625 0.40916879832738856 172
1701326792036 0.40990530897484206 173
1701326814014 0.40923502306762627 174
1701326834982 0.41108182466651666 175
1701326871173 0.41072086968011234 176
1701326891756 0.4115205968273326 177
1701326912167 0.4117287911675733 178
1701326932542 0.41241866738949645 179
1701326952933 0.41213146388846295 180
1701326988433 0.411198410518177 181
1701327008895 0.41263925465853984 182
1701327029200 0.41346684592660726 183
1701327049568 0.41474008077987556 184
1701327069904 0.4124446211036395 185
1701327105345 0.41556333353469715 186
1701327125797 0.41401240948174617 187
1701327146079 0.4143692917448126 188
1701327166530 0.41480751246331904 189
1701327186891 0.41680775755457716 190
1701327219742 0.4150931316210274 191
1701327239980 0.41688792315834333 192
1701327260394 0.4161655255976558 193
1701327280713 0.41660565811438005 194
1701327300995 0.4170226889073274 195
1701327333945 0.4177866781355841 196
1701327354193 0.4180087875918479 197
1701327374453 0.41946580145977075 198
1701327394937 0.41999285280596754 199
1701327415272 0.42070051214266685 200
1701327450673 0.4206161730760349 201
1701327471209 0.4215575563503184 202
1701327491515 0.42198036696183266 203
1701327511912 0.42375281550830096 204
1701327532234 0.4230692464279911 205
1701327565042 0.4239166801463468 206
1701327585333 0.42481482963993306 207
1701327605646 0.4260759823054905 208
1701327625946 0.4277849880319507 209
1701327646204 0.4271644809055463 210
1701327679992 0.4280511477413169 211
1701327700348 0.4289544064564829 212
1701327720925 0.4290976907648318 213
1701327741369 0.4316586216416652 214
1701327761893 0.43133356517942784 215
1701327794992 0.4316222092217605 216
1701327815215 0.4311526356344695 217
1701327835509 0.4334032781132393 218
1701327855883 0.4320282546390084 219
1701327876261 0.43396869819492706 220
1701327909030 0.4342052872979199 221
1701327929271 0.434191738062031 222
1701327949589 0.4333069286230919 223
1701327970114 0.434661531891686 224
1701327990537 0.4352524780021412 225
1701328024140 0.43561063816875234 226
1701328044340 0.434992761562468 227
1701328064595 0.43726204568876015 228
1701328089544 0.4368420198332976 229
1701328110840 0.4376310604452156 230
1701328143813 0.43837140009631154 231
1701328164325 0.43610883826197044 232
1701328184925 0.437182139437021 233
1701328205946 0.4390313112219455 234
1701328226347 0.4394790159129122 235
1701328259340 0.43869089582412285 236
1701328279790 0.4394856514675545 237
1701328300105 0.44071135800265565 238
1701328320428 0.44287987711470106 239
1701328340836 0.44285533953214484 240
1701328376791 0.44151748491442033 241
1701328397125 0.44210327514485853 242
1701328417201 0.4430731029666081 243
1701328437363 0.4455413110439424 244
1701328457445 0.4442252645257197 245
1701328490140 0.44495677393942595 246
1701328510205 0.4463278209566994 247
1701328530323 0.44465932950925485 248
1701328550484 0.4479032023088246 249
1701328570419 0.446665971927594 250
1701328602903 0.4483978108415248 251
1701328622622 0.44788688175247354 252
1701328642437 0.4489664601765207 253
1701328662396 0.45069742975177207 254
1701328682553 0.44935066706002996 255
1701328715116 0.450406388578157 256
1701328735094 0.451685171483071 257
1701328754998 0.4505922438054701 258
1701328774862 0.4506145354918257 259
1701328794788 0.451064135018367 260
1701328827229 0.4509954044341471 261
1701328847153 0.452000553273413 262
1701328866970 0.4515402482799917 263
1701328886904 0.45233252155537446 264
1701328907038 0.45283641810535585 265
1701328942522 0.45144759453535643 266
1701328962638 0.4520249539544765 267
1701328982569 0.4528338849299706 268
1701329002579 0.453430976773197 269
1701329022450 0.451864052765867 270
1701329054686 0.45115228797237156 271
1701329074332 0.45301665327307955 272
1701329094057 0.452107427859914 273
1701329113716 0.45328550867899153 274
1701329133494 0.45251493425730266 275
1701329165677 0.4520863348010444 276
1701329185419 0.4525540515030424 277
1701329205247 0.45461689251094306 278
1701329225710 0.4539535482680881 279
1701329245437 0.45366878844919506 280
1701329277584 0.4544123666081142 281
1701329297217 0.4532767555966351 282
1701329317053 0.45355296953194063 283
1701329337589 0.45382377485319675 284
1701329357407 0.45584940094075704 285
1701329389532 0.45520943899086563 286
1701329409315 0.45416868280910494 287
1701329429027 0.45480950145366766 288
1701329448876 0.4560317399224436 289
1701329468598 0.45484522939392685 290
1701329500869 0.4551628794447693 291
1701329520418 0.45465029848950267 292
1701329540828 0.456225319131872 293
1701329560601 0.4554594174855578 294
1701329581597 0.455002480178121 295
1701329615792 0.4564243793295118 296
1701329637495 0.4556297651337986 297
1701329657631 0.45815655760984403 298
1701329677884 0.4566544496411913 299
