1701375228468 0.38752052545155996 0
1701375246785 0.41050903119868637 1
1701375252984 0.41625615763546797 2
1701375258957 0.4373973727422003 3
1701375264692 0.444376026272578 4
1701375270441 0.4505336617405583 5
1701375289572 0.45566502463054187 6
1701375295672 0.48070607553366174 7
1701375303177 0.4772167487684729 8
1701375309246 0.48091133004926107 9
1701375315194 0.4917898193760263 10
1701375334758 0.48419540229885055 11
1701375341027 0.4909688013136289 12
1701375346782 0.492816091954023 13
1701375352488 0.4897372742200328 14
1701375358273 0.4887110016420361 15
1701375376277 0.4907635467980296 16
1701375382387 0.4887110016420361 17
1701375388186 0.49117405582922824 18
1701375394116 0.4917898193760263 19
1701375403180 0.49158456486042695 20
1701375418016 0.49137931034482757 21
1701375424633 0.4917898193760263 22
1701375431748 0.49220032840722494 23
1701375438048 0.49158456486042695 24
1701375444068 0.4932266009852217 25
1701375462912 0.4899425287356322 26
1701375469305 0.4917898193760263 27
1701375475321 0.49261083743842365 28
1701375481292 0.4930213464696223 29
1701375487405 0.49158456486042695 30
1701375501770 0.492816091954023 31
1701375507753 0.4899425287356322 32
1701375513784 0.49117405582922824 33
1701375519676 0.49486863711001644 34
1701375525564 0.493431855500821 35
1701375539732 0.4930213464696223 36
1701375545711 0.4932266009852217 37
1701375551597 0.49220032840722494 38
1701375557506 0.4952791461412151 39
1701375563523 0.4917898193760263 40
1701375577861 0.4905582922824302 41
1701375583813 0.4917898193760263 42
1701375589729 0.4944581280788177 43
1701375595557 0.4909688013136289 44
1701375601374 0.4924055829228243 45
1701375616169 0.4932266009852217 46
1701375623142 0.4905582922824302 47
1701375629023 0.48891625615763545 48
1701375634907 0.49137931034482757 49
1701375640703 0.49117405582922824 50
1701375654871 0.49261083743842365 51
1701375660741 0.49466338259441706 52
1701375666590 0.49158456486042695 53
1701375672358 0.49137931034482757 54
1701375678220 0.49404761904761907 55
1701375692371 0.4897372742200328 56
1701375698317 0.49363711001642036 57
1701375704513 0.49158456486042695 58
1701375710484 0.4907635467980296 59
1701375716383 0.49117405582922824 60
1701375730617 0.4930213464696223 61
1701375736586 0.4930213464696223 62
1701375742549 0.49035303776683087 63
1701375748362 0.4924055829228243 64
1701375754202 0.493431855500821 65
1701375768448 0.49014778325123154 66
1701375774356 0.4932266009852217 67
1701375780180 0.49363711001642036 68
1701375786060 0.49404761904761907 69
1701375791833 0.4924055829228243 70
1701375805905 0.49363711001642036 71
1701375811765 0.493431855500821 72
1701375817542 0.4905582922824302 73
1701375823654 0.4919950738916256 74
1701375829656 0.4932266009852217 75
