1701375228468 0.28357523942942575 0
1701375246785 0.19402405898331396 1
1701375252984 0.20556588124875 2
1701375258957 0.2433310420823335 3
1701375264692 0.2548896388426478 4
1701375270441 0.26684528895202525 5
1701375289572 0.27513485296676526 6
1701375295672 0.31613041613579956 7
1701375303177 0.3122898980497704 8
1701375309246 0.31844068268507253 9
1701375315194 0.3350528841237174 10
1701375334758 0.32463867674196195 11
1701375341027 0.33262438697753455 12
1701375346782 0.33616359287120806 13
1701375352488 0.33219398257481625 14
1701375358273 0.3307306547410856 15
1701375376277 0.33226500619215915 16
1701375382387 0.3314570415297214 17
1701375388186 0.3342187459017989 18
1701375394116 0.3347940269809619 19
1701375403180 0.3349739617802588 20
1701375418016 0.3342940948332278 21
1701375424633 0.335555415396475 22
1701375431748 0.3354078076267253 23
1701375438048 0.33606124141049715 24
1701375444068 0.3369482565064949 25
1701375462912 0.33292263290252655 26
1701375469305 0.3359997350636747 27
1701375475321 0.33572572407363627 28
1701375481292 0.33699378547084174 29
1701375487405 0.3353599174235904 30
1701375501770 0.33668027425069297 31
1701375507753 0.33404644853688614 32
1701375513784 0.3346607432902234 33
1701375519676 0.33870296003271033 34
1701375525564 0.3373812076707063 35
1701375539732 0.33649809246489487 36
1701375545711 0.33713592927973246 37
1701375551597 0.33647241807456246 38
1701375557506 0.3385663166989558 39
1701375563523 0.3352946172533528 40
1701375577861 0.33469984826770666 41
1701375583813 0.33606842300034606 42
1701375589729 0.33784029510808505 43
1701375595557 0.33523970748137044 44
1701375601374 0.3357580782001282 45
1701375616169 0.3374742711893048 46
1701375623142 0.3346294844648676 47
1701375629023 0.3330284541010079 48
1701375634907 0.3354407441565554 49
1701375640703 0.33510903184597707 50
1701375654871 0.33674101793118716 51
1701375660741 0.3386431007239121 52
1701375666590 0.3351359541521102 53
1701375672358 0.3353182323005923 54
1701375678220 0.3382815265881182 55
1701375692371 0.3342851203142891 56
1701375698317 0.3374051340985115 57
1701375704513 0.3353571157366089 58
1701375710484 0.33494151514164133 59
1701375716383 0.3344128085834637 60
1701375730617 0.3369248389052569 61
1701375736586 0.3363759045311125 62
1701375742549 0.3342641000767708 63
1701375748362 0.33625757750429913 64
1701375754202 0.33721125950987835 65
1701375768448 0.3345849814860544 66
1701375774356 0.3368112808308013 67
1701375780180 0.3372002120053006 68
1701375786060 0.3383019417421353 69
1701375791833 0.3363251128802962 70
1701375805905 0.337795014637492 71
1701375811765 0.33719362948880943 72
1701375817542 0.33450946874319215 73
1701375823654 0.3363464372669682 74
1701375829656 0.3368800040277951 75
