1701375228468 0.31669465584305767 0
1701375246785 0.3333333333333333 1
1701375252984 0.3380809233891426 2
1701375258957 0.35552959580585153 3
1701375264692 0.3612894469812278 4
1701375270441 0.3663973448334179 5
1701375289572 0.3706375782174869 6
1701375295672 0.3914000507356672 7
1701375303177 0.38853238626754605 8
1701375309246 0.3916084052088618 9
1701375315194 0.40066489091831553 10
1701375334758 0.3943658041603247 11
1701375341027 0.39995163199729405 12
1701375346782 0.4015080331473026 13
1701375352488 0.3989565364451209 14
1701375358273 0.39810358532048024 15
1701375376277 0.3997800608828006 16
1701375382387 0.39812320311178756 17
1701375388186 0.40015262979874855 18
1701375394116 0.4006599864704887 19
1701375403180 0.4004957720277355 20
1701375418016 0.4003192964654152 21
1701375424633 0.4006771520378827 22
1701375431748 0.4010006764755623 23
1701375438048 0.40052519871469644 24
1701375444068 0.40185362760020293 25
1701375462912 0.39914036867918146 26
1701375469305 0.40068696093353634 27
1701375475321 0.4013340098088956 28
1701375481292 0.4016894131574497 29
1701375487405 0.40050803314730254 30
1701375501770 0.40152274649078307 31
1701375507753 0.39916734314222896 32
1701375513784 0.4001648909183156 33
1701375519676 0.40320657872484356 34
1701375525564 0.4020276509386098 35
1701375539732 0.4016820564857095 36
1701375545711 0.40185853204802974 37
1701375551597 0.401022746490783 38
1701375557506 0.4035301031625232 39
1701375563523 0.4006697953661424 40
1701375577861 0.39967469981396925 41
1701375583813 0.40068941315744966 42
1701375589729 0.4028585320480298 43
1701375595557 0.40001293759512935 44
1701375601374 0.4011722475900558 45
1701375616169 0.4018683409436834 46
1701375623142 0.3996722475900558 47
1701375629023 0.39832665313715543 48
1701375634907 0.4003462709284627 49
1701375640703 0.40017469981396925 50
1701375654871 0.40135853204802974 51
1701375660741 0.40304236428209034 52
1701375666590 0.40050312869947574 53
1701375672358 0.4003413664806359 54
1701375678220 0.4025423642820903 55
1701375692371 0.399010485371216 56
1701375698317 0.40219186538136303 57
1701375704513 0.4005055809233891 58
1701375710484 0.3998413664806359 59
1701375716383 0.40015753424657535 60
1701375730617 0.4016894131574497 61
1701375736586 0.4016771520378826 62
1701375742549 0.39950067647556226 63
1701375748362 0.40118450870962286 64
1701375754202 0.402022746490783 65
1701375768448 0.3993438187045493 66
1701375774356 0.4018511753762895 67
1701375780180 0.4021894131574497 68
1701375786060 0.4025399120581769 69
1701375791833 0.40118450870962286 70
1701375805905 0.4022016742770167 71
1701375811765 0.4020251987146965 72
1701375817542 0.3996697953661424 73
1701375823654 0.40085853204802974 74
1701375829656 0.40185362760020293 75
