1701375228468 0.25774195635370595 0
1701375246785 0.13683634373289547 1
1701375252984 0.42704091631644275 2
1701375258957 0.43246180099906856 3
1701375264692 0.4381190142220426 4
1701375270441 0.42325254654021777 5
1701375289572 0.4281116539158755 6
1701375295672 0.41071333417469463 7
1701375303177 0.4081873841126471 8
1701375309246 0.4053984950398329 9
1701375315194 0.39526304908474197 10
1701375334758 0.39598195182458823 11
1701375341027 0.4000638569604087 12
1701375346782 0.397456173670822 13
1701375352488 0.3990859699584532 14
1701375358273 0.399721400510244 15
1701375376277 0.39983486990314293 16
1701375382387 0.39489250216076055 17
1701375388186 0.3964600916325054 18
1701375394116 0.3948156589200824 19
1701375403180 0.39783109346324713 20
1701375418016 0.395931968657929 21
1701375424633 0.3938670236501562 22
1701375431748 0.3957965408011661 23
1701375438048 0.3925043092581862 24
1701375444068 0.3973731097811686 25
1701375462912 0.3949913782554038 26
1701375469305 0.3935830683900314 27
1701375475321 0.3977660627627886 28
1701375481292 0.3979600603840943 29
1701375487405 0.394296490789364 30
1701375501770 0.39434944530367644 31
1701375507753 0.3919673709777401 32
1701375513784 0.39383628546261656 33
1701375519676 0.3973985380007721 34
1701375525564 0.39707143726420835 35
1701375539732 0.395375432586657 36
1701375545711 0.3966252079023163 37
1701375551597 0.3961503956903561 38
1701375557506 0.3993544441210182 39
1701375563523 0.3954109158895169 40
1701375577861 0.3918612439743046 41
1701375583813 0.3927962748651308 42
1701375589729 0.39799793698424607 43
1701375595557 0.39361781217204284 44
1701375601374 0.3960238513851031 45
1701375616169 0.39458518204593745 46
1701375623142 0.39265133260313984 47
1701375629023 0.38932039463043827 48
1701375634907 0.39348899834754203 49
1701375640703 0.39355021903862125 50
1701375654871 0.3952108720094203 51
1701375660741 0.39622688048147087 52
1701375666590 0.3944420106557476 53
1701375672358 0.39539607371165936 54
1701375678220 0.3954090246215058 55
1701375692371 0.3899074272418141 56
1701375698317 0.39767493956822536 57
1701375704513 0.3962993720741177 58
1701375710484 0.39426727169466624 59
1701375716383 0.39569814948329723 60
1701375730617 0.3967690263659027 61
1701375736586 0.397307515407463 62
1701375742549 0.3921289479691765 63
1701375748362 0.39462161584244004 64
1701375754202 0.3981214418090923 65
1701375768448 0.3914886702280463 66
1701375774356 0.3970045837330775 67
1701375780180 0.39612779244490315 68
1701375786060 0.39766060731253877 69
1701375791833 0.3957934028596535 70
1701375805905 0.39648188825986014 71
1701375811765 0.39582597444606177 72
1701375817542 0.392575775493752 73
1701375823654 0.39381029822504116 74
1701375829656 0.39618829914008985 75
