1701375228587 1.0668960747780738 0
1701375246929 1.047446158025172 1
1701375253100 1.0449514365815498 2
1701375259072 1.0420146360025777 3
1701375264806 1.0418377294168844 4
1701375270556 1.0399888506183377 5
1701375289721 1.0383383329812583 6
1701375295789 1.040689300407063 7
1701375303297 1.0383324506994966 8
1701375309364 1.0399618814517926 9
1701375315312 1.039261855088271 10
1701375334925 1.0360603711821816 11
1701375341144 1.0378960603243346 12
1701375346899 1.0365266103249091 13
1701375352604 1.0373061988260839 14
1701375358390 1.0364149236059808 15
1701375376419 1.0361974185163325 16
1701375382504 1.0363721994610575 17
1701375388303 1.0371884974566372 18
1701375394233 1.039262558732714 19
1701375403310 1.0369603153947111 20
1701375418135 1.0373372814872048 21
1701375424752 1.0370799844915217 22
1701375431863 1.0381697083448436 23
1701375438165 1.036002336384414 24
1701375444186 1.037862447949199 25
1701375463053 1.0383209686774713 26
1701375469422 1.0371165136238196 27
1701375475439 1.0378915350158493 28
1701375481409 1.0360962872381334 29
1701375487521 1.0379101935919228 30
1701375501887 1.0348856371718567 31
1701375507868 1.0371353804291068 32
1701375513903 1.0359448240948963 33
1701375519797 1.0345387752954063 34
1701375525682 1.0370050467453993 35
1701375539847 1.0368412369257445 36
1701375545829 1.0380370407909543 37
1701375551713 1.0371636570274056 38
1701375557624 1.0379838270026367 39
1701375563639 1.035889260954671 40
1701375577979 1.036962351241669 41
1701375583929 1.0356586149760656 42
1701375589847 1.0392924493009394 43
1701375595672 1.0346639496939523 44
1701375601490 1.035756232676568 45
1701375616287 1.035825559071132 46
1701375623259 1.0369469538911598 47
1701375629139 1.037907670844685 48
1701375635023 1.037983411318296 49
1701375640821 1.0370396623363742 50
1701375654988 1.0369292079628287 51
1701375660856 1.035895245415824 52
1701375666705 1.0357314619151028 53
1701375672485 1.0381665578136197 54
1701375678336 1.0346755400880592 55
1701375692488 1.0370582884008235 56
1701375698432 1.034696633939619 57
1701375704632 1.0379454888306654 58
1701375710600 1.0370273667496521 59
1701375716501 1.0350901832828274 60
1701375730734 1.0359845076288496 61
1701375736706 1.0369691794568843 62
1701375742664 1.0347861887572647 63
1701375748478 1.0358561726359579 64
1701375754320 1.0370518952221066 65
1701375768565 1.0361241667301624 66
1701375774472 1.0359080286769125 67
1701375780296 1.0370809420362694 68
1701375786176 1.0358553466858802 69
1701375791948 1.036907127925328 70
1701375806021 1.0379739713359188 71
1701375811883 1.0390126496166379 72
1701375817658 1.0359676743482615 73
1701375823771 1.035654246033012 74
1701375829774 1.0370083110673087 75
