1701301220118 1.0652412573496501 0
1701301237013 1.040305984325898 1
1701301243194 1.0375977066846995 2
1701301249488 1.0214103781259978 3
1701301254597 1.006222868577028 4
1701301259862 0.976499828008505 5
1701301276722 0.9398350593371269 6
1701301281538 0.9208342356559558 7
1701301286269 0.9118812145330967 8
1701301290979 0.903049091498057 9
1701301296089 0.8686143862895477 10
1701301308679 0.8686975011458764 11
1701301313402 0.8614355631363697 12
1701301318385 0.8595877702419574 13
1701301323373 0.844081482826135 14
1701301328294 0.8574633613610879 15
1701301340519 0.8342135487458645 16
1701301345390 0.821272224952013 17
1701301350702 0.8051638328112088 18
1701301355903 0.7924796526248639 19
1701301360842 0.7961020775330372 20
1701301377906 0.7567717830340067 21
1701301383018 0.7650929123927386 22
1701301388080 0.7413626114527384 23
1701301393520 0.7395759438857054 24
1701301398549 0.7302677218730633 25
1701301413002 0.7416573625344497 26
1701301419571 0.733053404551286 27
1701301425883 0.6999957087712411 28
1701301430963 0.7266106406847636 29
1701301437119 0.711812586356432 30
1701301449963 0.7342256414584625 31
1701301455339 0.6926759802378141 32
1701301460266 0.6898237084731077 33
1701301464927 0.685359503978338 34
1701301469688 0.682135433722765 35
1701301481585 0.6793567072122525 36
1701301486235 0.6740157558367803 37
1701301490901 0.6985027805352823 38
1701301495540 0.6462255487075219 39
1701301500231 0.6649920879266201 40
1701301512017 0.6581875536686335 41
1701301516774 0.6562913526327182 42
1701301522543 0.6348857925488398 43
1701301527072 0.6207337463513399 44
1701301531446 0.6168862199171995 45
1701301542794 0.6090861451931489 46
1701301547306 0.6054554612208636 47
1701301551756 0.6030370875810965 48
1701301556123 0.5894731199130033 49
1701301560501 0.591502233957633 50
1701301572075 0.5958327421775231 51
1701301576538 0.6144178028290088 52
1701301580973 0.5366187676405295 53
1701301586237 0.6024923148827676 54
1701301591505 0.5510535186681992 55
1701301603357 0.5298179174080874 56
1701301607871 0.5595061213542254 57
1701301612355 0.5481182596622369 58
1701301616951 0.5541326701641083 59
1701301621349 0.549512865451666 60
1701301633126 0.531322086468721 61
1701301637762 0.5760926749461737 62
1701301642171 0.531355857084959 63
1701301646615 0.4845681931727972 64
1701301651048 0.4927217112137721 65
1701301662614 0.5147698781429193 66
1701301667073 0.49785042114746875 67
1701301671543 0.5389585686035645 68
1701301676228 0.47895839199041707 69
1701301680554 0.46661060895675266 70
