1701301219969 0.43082922824302133 0
1701301236819 0.4827586206896552 1
1701301243076 0.4887110016420361 2
1701301249379 0.5125205254515599 3
1701301254479 0.5381773399014779 4
1701301259751 0.5523399014778325 5
1701301276565 0.5617816091954023 6
1701301281428 0.5646551724137931 7
1701301286160 0.5732758620689655 8
1701301290869 0.5794334975369458 9
1701301295973 0.5966748768472906 10
1701301308565 0.5964696223316913 11
1701301313293 0.5972906403940886 12
1701301318268 0.5987274220032841 13
1701301323264 0.5993431855500821 14
1701301328185 0.6050903119868637 15
1701301340399 0.6098111658456487 16
1701301345262 0.6231527093596059 17
1701301350548 0.631568144499179 18
1701301355791 0.6457307060755336 19
1701301360376 0.6455254515599343 20
1701301377723 0.6592775041050903 21
1701301382908 0.6664614121510674 22
1701301387961 0.6648193760262726 23
1701301393402 0.6750821018062397 24
1701301398440 0.6804187192118226 25
1701301412873 0.6717980295566502 26
1701301419445 0.6828817733990148 27
1701301425755 0.6968390804597702 28
1701301430855 0.6724137931034483 29
1701301436999 0.6853448275862069 30
1701301449850 0.6837027914614121 31
1701301455227 0.6980706075533661 32
1701301460156 0.6976600985221675 33
1701301464816 0.7155172413793104 34
1701301469579 0.6968390804597702 35
1701301481476 0.7071018062397373 36
1701301486126 0.7136699507389163 37
1701301490792 0.6931444991789819 38
1701301495430 0.7311165845648604 39
1701301500121 0.7276272577996716 40
1701301511905 0.7212643678160919 41
1701301516664 0.7411740558292282 42
1701301522432 0.7305008210180624 43
1701301526963 0.7456896551724138 44
1701301531339 0.7430213464696224 45
1701301542685 0.7442528735632183 46
1701301547198 0.7512315270935961 47
1701301551648 0.7465106732348111 48
1701301556016 0.7577996715927751 49
1701301560393 0.7538998357963875 50
1701301571967 0.7545155993431856 51
1701301576431 0.7502052545155994 52
1701301580863 0.7865353037766831 53
1701301586069 0.7502052545155994 54
1701301591388 0.7770935960591133 55
1701301603246 0.7816091954022989 56
1701301607763 0.7719622331691297 57
1701301612243 0.7826354679802956 58
1701301616835 0.77811986863711 59
1701301621240 0.7801724137931034 60
1701301633008 0.7922824302134647 61
1701301637637 0.7623152709359606 62
1701301642062 0.7836617405582923 63
1701301646506 0.8006978653530378 64
1701301650938 0.8066502463054187 65
1701301662490 0.7877668308702791 66
1701301666963 0.7976190476190477 67
1701301671434 0.7861247947454844 68
1701301676119 0.8103448275862069 69
1701301680441 0.8107553366174056 70
