1701301219969 0.3707801769418683 0
1701301236819 0.36013928458372907 1
1701301243076 0.3551408431710105 2
1701301249379 0.3466176700067427 3
1701301254479 0.3727274878643114 4
1701301259751 0.38006498552963447 5
1701301276565 0.38648652102496617 6
1701301281428 0.38467130071327976 7
1701301286160 0.3911130063233264 8
1701301290869 0.39538758429476745 9
1701301295973 0.40771371188352806 10
1701301308565 0.4089005352863446 11
1701301313293 0.4102328915341354 12
1701301318268 0.5791610154640465 13
1701301323264 0.7464050584002523 14
1701301328185 0.6285100910564055 15
1701301340399 0.6973235464512891 16
1701301345262 0.6562468324920433 17
1701301350548 0.6407441463227053 18
1701301355791 0.6525844341796598 19
1701301360376 0.648024808798803 20
1701301377723 0.6649429867312429 21
1701301382908 0.6643673573392591 22
1701301387961 0.6516516955064767 23
1701301393402 0.6618964971864282 24
1701301398440 0.6659289821016431 25
1701301412873 0.668817794482815 26
1701301419445 0.6752294440082336 27
1701301425755 0.6927349169840342 28
1701301430855 0.6684156314841688 29
1701301436999 0.6767708359400809 30
1701301449850 0.6749343624308032 31
1701301455227 0.6870198807653344 32
1701301460156 0.6889188055911316 33
1701301464816 0.7073915107424306 34
1701301469579 0.6862023930494034 35
1701301481476 0.7002681167640166 36
1701301486126 0.7101148371828455 37
1701301490792 0.6830342550853543 38
1701301495430 0.7251986916486478 39
1701301500121 0.7202581904947433 40
1701301511905 0.7173515894213209 41
1701301516664 0.7444379800191593 42
1701301522432 0.7254689226212937 43
1701301526963 0.7430638042285468 44
1701301531339 0.7410065013594513 45
1701301542685 0.7412751087352308 46
1701301547198 0.7498796960427013 47
1701301551648 0.7459541665417576 48
1701301556016 0.7596863527819734 49
1701301560393 0.7557564242846017 50
1701301571967 0.7503725685816892 51
1701301576431 0.746239067374325 52
1701301580863 0.7883482566937646 53
1701301586069 0.7489850660750378 54
1701301591388 0.7765160865327706 55
1701301603246 0.7801846881875166 56
1701301607763 0.7691620941877689 57
1701301612243 0.7825929018387864 58
1701301616835 0.7788539714983251 59
1701301621240 0.7794020213304481 60
1701301633008 0.7947200342276508 61
1701301637637 0.7600125546541375 62
1701301642062 0.7833318061738722 63
1701301646506 0.8059121344983252 64
1701301650938 0.8080554577591528 65
1701301662490 0.7885071676654073 66
1701301666963 0.798305212659411 67
1701301671434 0.7832177884598573 68
1701301676119 0.8133412269037402 69
1701301680441 0.812621208404873 70
