1701301219969 0.3639656635157245 0
1701301236819 0.39351547437848805 1
1701301243076 0.39858422120750886 2
1701301249379 0.41894748858447484 3
1701301254479 0.4396998985286656 4
1701301259751 0.4514255031286995 5
1701301276565 0.45916818873668186 6
1701301281428 0.46167072552004057 7
1701301286160 0.4687418400135295 8
1701301290869 0.473810502283105 9
1701301295973 0.4879208523592085 10
1701301308565 0.4877174023338407 11
1701301313293 0.4883570945374598 12
1701301318268 0.4897147927223693 13
1701301323264 0.4902319582897632 14
1701301328185 0.4985505357652667 15
1701301340399 0.511088669165722 16
1701301345262 0.5385870943516355 17
1701301350548 0.5599007972238224 18
1701301355791 0.5898930705927777 19
1701301360376 0.5901477025452112 20
1701301377723 0.6108911932041611 21
1701301382908 0.6256154536750324 22
1701301387961 0.6274909044632183 23
1701301393402 0.6388809840354395 24
1701301398440 0.6427881143018458 25
1701301412873 0.64007908776407 26
1701301419445 0.6512665042487132 27
1701301425755 0.6654483867352977 28
1701301430855 0.6475351774800459 29
1701301436999 0.6618464828432545 30
1701301449850 0.6575616069523068 31
1701301455227 0.6760448285188883 32
1701301460156 0.6732450090687894 33
1701301464816 0.695942924626845 34
1701301469579 0.6770581371056794 35
1701301481476 0.6876301416788344 36
1701301486126 0.6960177690271422 37
1701301490792 0.6771516667032684 38
1701301495430 0.7109144725789954 39
1701301500121 0.7123061446092275 40
1701301511905 0.707418547574683 41
1701301516664 0.7244302637034634 42
1701301522432 0.7138998741087237 43
1701301526963 0.7274554154928294 44
1701301531339 0.7262537153130304 45
1701301542685 0.7301243344815024 46
1701301547198 0.7354359125747308 47
1701301551648 0.7370203659687743 48
1701301556016 0.7462385293376227 49
1701301560393 0.7472919635866945 50
1701301571967 0.7472311301515332 51
1701301576431 0.7397094174257778 52
1701301580863 0.7826561582081881 53
1701301586069 0.7428787240176792 54
1701301591388 0.771303249597897 55
1701301603246 0.7788496419503442 56
1701301607763 0.7652922358474612 57
1701301612243 0.7827372692986522 58
1701301616835 0.7799156520940992 59
1701301621240 0.7758042970651209 60
1701301633008 0.792147899256196 61
1701301637637 0.7558423703073028 62
1701301642062 0.783063476175916 63
1701301646506 0.8012664960837057 64
1701301650938 0.8079539853964618 65
1701301662490 0.7876705142622034 66
1701301666963 0.7957416287556921 67
1701301671434 0.7810638334653812 68
1701301676119 0.812396651652438 69
1701301680441 0.8103027344516202 70
