1701301219969 0.3174299490854492 0
1701301236819 0.33592540760321826 1
1701301243076 0.3466183376282908 2
1701301249379 0.37674775722302783 3
1701301254479 0.3953593648142797 4
1701301259751 0.406976644820144 5
1701301276565 0.4141728864955763 6
1701301281428 0.416567481299501 7
1701301286160 0.42324327593416866 8
1701301290869 0.42803312292685947 9
1701301295973 0.4410125226394322 10
1701301308565 0.441011518644649 11
1701301313293 0.44160635788890373 12
1701301318268 0.4435533287499829 13
1701301323264 0.444137914736391 14
1701301328185 0.4599270759797367 15
1701301340399 0.48765237243345577 16
1701301345262 0.5360294521947838 17
1701301350548 0.5668400910771098 18
1701301355791 0.602519324917789 19
1701301360376 0.6022334705917772 20
1701301377723 0.6244797069987196 21
1701301382908 0.6370566570784585 22
1701301387961 0.6360192207173491 23
1701301393402 0.6471134787560798 24
1701301398440 0.6507149080600251 25
1701301412873 0.6495278431780592 26
1701301419445 0.6598002410596279 27
1701301425755 0.6748142660803578 28
1701301430855 0.6553132293506119 29
1701301436999 0.6679204032996272 30
1701301449850 0.6638385564053747 31
1701301455227 0.6801888088173724 32
1701301460156 0.679164795306887 33
1701301464816 0.7003653780352312 34
1701301469579 0.6804704568440424 35
1701301481476 0.692370635690945 36
1701301486126 0.7016162892162328 37
1701301490792 0.6796537309528118 38
1701301495430 0.7164217661058648 39
1701301500121 0.7152277865727222 40
1701301511905 0.7104636288485392 41
1701301516664 0.7307747750674527 42
1701301522432 0.7187459240655006 43
1701301526963 0.7335715502892354 44
1701301531339 0.7317868320681913 45
1701301542685 0.734484744584151 46
1701301547198 0.7412178446089168 47
1701301551648 0.740422266896586 48
1701301556016 0.7514827200085964 49
1701301560393 0.7505878713070188 50
1701301571967 0.7481736010286871 51
1701301576431 0.7425128375184068 52
1701301580863 0.7845729865972696 53
1701301586069 0.7453023638182544 54
1701301591388 0.7729790824181203 55
1701301603246 0.778805476663365 56
1701301607763 0.7661526761537663 57
1701301612243 0.7821335076004469 58
1701301616835 0.7792309595514683 59
1701301621240 0.7765052003869775 60
1701301633008 0.7921638752444397 61
1701301637637 0.7574590204858559 62
1701301642062 0.781712181665695 63
1701301646506 0.8025417913040337 64
1701301650938 0.8069822597988305 65
1701301662490 0.787248642749007 66
1701301666963 0.7960934346013495 67
1701301671434 0.7811181424269747 68
1701301676119 0.8120658161477069 69
1701301680441 0.8105827469578708 70
