1698428770420 0.0 0
1698428787144 0.0 1
1698428798544 0.0 2
1698428809699 0.5045511907141957 3
1698428820890 0.0 4
1698428832081 0.0 5
1698428848767 0.0 6
1698428860141 0.0 7
1698428871313 0.0 8
1698428882629 0.0 9
1698428895140 0.0 10
1698428911685 0.0 11
1698428922865 0.0 12
1698428934217 0.0 13
1698428945060 0.0 14
1698428956177 0.0 15
1698428972653 0.0 16
1698428983709 0.0 17
1698428995012 0.0 18
1698429006120 0.0 19
1698429017142 0.0 20
1698429034263 0.0 21
1698429046009 0.0 22
1698429057489 0.0 23
1698429068671 0.0 24
1698429079977 0.0 25
1698429096771 0.0 26
1698429107885 0.0 27
1698429119274 0.0 28
1698429130809 0.0 29
1698429142644 0.0 30
1698429159585 0.0 31
1698429171044 0.0 32
1698429182536 0.0 33
1698429193937 0.0 34
1698429206277 0.0 35
1698429223674 0.0 36
1698429234731 0.0 37
1698429245812 0.0 38
1698429257243 0.0 39
1698429268496 0.0 40
1698429285392 0.0 41
1698429297042 0.0 42
1698429308214 0.0 43
1698429319680 0.0 44
1698429330832 0.0 45
1698429347683 0.0 46
1698429358893 0.0 47
1698429369853 0.0 48
1698429381850 0.0 49
1698429393346 0.0 50
1698429410296 0.0 51
1698429422053 0.0 52
1698429433358 0.0 53
1698429444623 0.0 54
1698429456221 0.0 55
1698429472973 0.0 56
1698429484449 0.0 57
1698429495583 0.0 58
1698429506747 0.0 59
1698429518120 0.0 60
1698429534743 0.0 61
1698429546135 0.0 62
1698429557543 0.0 63
1698429569357 0.0 64
1698429581085 0.0 65
1698429597649 0.0 66
1698429609190 0.0 67
1698429620504 0.0 68
1698429631811 0.0 69
1698429643332 0.0 70
1698429660136 0.0 71
1698429671442 0.0 72
1698429683604 0.0 73
1698429694773 0.0 74
1698429706301 0.0 75
1698429723415 0.0 76
1698429734615 0.0 77
1698429746186 0.0 78
1698429757345 0.0 79
1698429768533 0.0 80
1698429785482 0.0 81
1698429796680 0.0 82
1698429808426 0.0 83
1698429819704 0.0 84
1698429830802 0.0 85
1698429847547 0.0 86
1698429858686 0.0 87
1698429869788 0.0 88
1698429881156 0.0 89
1698429892159 0.0 90
1698429909084 0.0 91
1698429920164 0.0 92
1698429931299 0.0 93
1698429943032 0.0 94
1698429954210 0.0 95
1698429971059 0.0 96
1698429982159 0.0 97
1698429993014 0.0 98
1698430005664 0.0 99
1698430018249 0.0 100
1698430034804 0.0 101
1698430046325 0.0 102
1698430057402 0.0 103
1698430068374 0.0 104
1698430079686 0.0 105
1698430096300 0.0 106
1698430107705 0.0 107
1698430119270 0.0 108
1698430130381 0.0 109
1698430141842 0.0 110
1698430158442 0.0 111
1698430169794 0.0 112
1698430181027 0.0 113
1698430192244 0.0 114
1698430203772 0.0 115
1698430220170 0.0 116
1698430231592 0.0 117
1698430243135 0.0 118
1698430254260 0.0 119
1698430265927 0.0 120
1698430282505 0.0 121
1698430293950 0.0 122
1698430305347 0.0 123
1698430316504 0.0 124
1698430327580 0.0 125
1698430344462 0.0 126
1698430355640 0.0 127
1698430367116 0.0 128
1698430379048 0.0 129
1698430390264 0.0 130
1698430407290 0.0 131
1698430418525 0.0 132
1698430430067 0.0 133
1698430441283 0.0 134
1698430452527 0.0 135
1698430469501 0.0 136
1698430480806 0.0 137
1698430491996 0.0 138
1698430504051 0.0 139
1698430515891 0.0 140
1698430532940 0.0 141
1698430544311 0.0 142
1698430555577 0.0 143
1698430567073 0.0 144
1698430578165 0.0 145
1698430595101 0.0 146
1698430606405 0.0 147
1698430617607 0.0 148
1698430629228 0.0 149
1698430640700 0.0 150
1698430658242 0.0 151
1698430670170 0.0 152
1698430681447 0.0 153
1698430693095 0.0 154
1698430704317 0.0 155
1698430721062 0.0 156
1698430732688 0.0 157
1698430743903 0.0 158
1698430755411 0.0 159
1698430766857 0.0 160
1698430783448 0.0 161
1698430794926 0.0 162
1698430806371 0.0 163
1698430817967 0.0 164
1698430829371 0.0 165
1698430846169 0.0 166
1698430857801 0.0 167
1698430869140 0.0 168
1698430880517 0.0 169
1698430891964 0.0 170
1698430908808 0.0 171
1698430920114 0.0 172
1698430931894 0.0 173
1698430943563 0.0 174
1698430955128 0.0 175
1698430972151 0.0 176
1698430983490 0.0 177
1698430995194 0.0 178
1698431006550 0.0 179
1698431017685 0.0 180
1698431034755 0.0 181
1698431045966 0.0 182
1698431057611 0.0 183
1698431068808 0.0 184
1698431079991 0.0 185
1698431099849 0.0 186
1698431112125 0.0 187
1698431124047 0.0 188
1698431136550 0.0 189
1698431147895 0.0 190
1698431165479 0.0 191
1698431177118 0.0 192
1698431188534 0.0 193
1698431200585 0.0 194
1698431212123 0.0 195
1698431229609 0.0 196
1698431241249 0.0 197
1698431252859 0.0 198
1698431264664 0.0 199
1698431277267 0.0 200
1698431294552 0.0 201
1698431306109 0.0 202
1698431317698 0.0 203
1698431330780 0.0 204
1698431342477 0.0 205
1698431359608 0.0 206
1698431371401 0.0 207
1698431383039 0.0 208
1698431394514 0.0 209
1698431406402 0.0 210
1698431423507 0.0 211
1698431435470 0.0 212
1698431447035 0.0 213
1698431458629 0.0 214
1698431471283 0.0 215
1698431489525 0.0 216
1698431501603 0.0 217
1698431513580 0.0 218
1698431525968 0.0 219
1698431544641 0.0 220
1698431564458 0.0 221
1698431578381 0.0 222
1698431591347 0.0 223
1698431603094 0.0 224
1698431615168 0.0 225
1698431632421 0.0 226
1698431644378 0.0 227
1698431656519 0.0 228
1698431668838 0.0 229
1698431681126 0.0 230
1698431699197 0.0 231
1698431711324 0.0 232
1698431723600 0.0 233
1698431735480 0.0 234
1698431748715 0.0 235
1698431766270 0.0 236
1698431778333 0.0 237
1698431790190 0.0 238
1698431802479 0.0 239
1698431814452 0.0 240
1698431832624 0.0 241
1698431844678 0.0 242
1698431856643 0.0 243
1698431869122 0.0 244
1698431881235 0.0 245
1698431898887 0.0 246
1698431910814 0.0 247
1698431923154 0.0 248
1698431935882 0.0 249
