1698428770422 1.0476224422454834 0
1698428787147 1.048081398010254 1
1698428798548 1.0477391481399536 2
1698428809701 1.0508753061294556 3
1698428820894 1.0530297756195068 4
1698428832085 1.0471513271331787 5
1698428848769 1.0483226776123047 6
1698428860143 1.0452250242233276 7
1698428871316 1.0484318733215332 8
1698428882632 1.0449177026748657 9
1698428895142 1.0435839891433716 10
1698428911687 1.0284560918807983 11
1698428922866 1.0200918912887573 12
1698428934219 0.9915768504142761 13
1698428945062 0.9680362939834595 14
1698428956180 0.9997462630271912 15
1698428972654 0.9962491989135742 16
1698428983713 0.9639266133308411 17
1698428995015 0.9582641124725342 18
1698429006123 0.9197912812232971 19
1698429017148 0.948345422744751 20
1698429034265 0.9660603404045105 21
1698429046012 0.9390424489974976 22
1698429057493 0.9337013959884644 23
1698429068674 0.8813865184783936 24
1698429079979 0.9323921203613281 25
1698429096774 0.9060966968536377 26
1698429107887 0.8864413499832153 27
1698429119276 0.8934938311576843 28
1698429130812 0.920587956905365 29
1698429142648 0.8442778587341309 30
1698429159589 0.841157078742981 31
1698429171047 0.8647530674934387 32
1698429182538 0.8467340469360352 33
1698429193941 0.7593713998794556 34
1698429206282 0.9064421057701111 35
1698429223676 0.837908148765564 36
1698429234733 0.8907421231269836 37
1698429245814 0.8106451630592346 38
1698429257248 0.84843510389328 39
1698429268498 0.7971532940864563 40
1698429285395 0.8371251225471497 41
1698429297044 0.8389919996261597 42
1698429308216 0.7691695094108582 43
1698429319683 0.8168506622314453 44
1698429330837 0.78693026304245 45
1698429347686 0.8232391476631165 46
1698429358895 0.868052065372467 47
1698429369856 0.7850750684738159 48
1698429381852 0.7638543248176575 49
1698429393349 0.8543723821640015 50
1698429410301 0.8335735201835632 51
1698429422056 0.7508621215820312 52
1698429433360 0.7744302749633789 53
1698429444626 0.8210321664810181 54
1698429456224 0.8095617890357971 55
1698429472976 0.805133044719696 56
1698429484453 0.7439116835594177 57
1698429495585 0.8016017079353333 58
1698429506749 0.7513437867164612 59
1698429518123 0.7625143527984619 60
1698429534745 0.7714185118675232 61
1698429546138 0.8374090194702148 62
1698429557547 0.7443149089813232 63
1698429569361 0.7762421369552612 64
1698429581088 0.7762661576271057 65
1698429597652 0.7602135539054871 66
1698429609192 0.7923464775085449 67
1698429620506 0.7402622103691101 68
1698429631814 0.8333675861358643 69
1698429643335 0.8010011315345764 70
1698429660139 0.8871110677719116 71
1698429671445 0.7931643128395081 72
1698429683609 0.7700927257537842 73
1698429694775 0.857701301574707 74
1698429706303 0.7813477516174316 75
1698429723418 0.8507465720176697 76
1698429734619 0.8816229701042175 77
1698429746190 0.7644182443618774 78
1698429757348 0.759030818939209 79
1698429768535 0.7370718121528625 80
1698429785485 0.7356827855110168 81
1698429796684 0.7570396661758423 82
1698429808430 0.7426571249961853 83
1698429819707 0.7676389813423157 84
1698429830804 0.7681461572647095 85
1698429847551 0.7573557496070862 86
1698429858689 0.7705116868019104 87
1698429869791 0.7816060185432434 88
1698429881160 0.8032599687576294 89
1698429892162 0.7526045441627502 90
1698429909088 0.7753806114196777 91
1698429920168 0.7873262763023376 92
1698429931302 0.8413549661636353 93
1698429943034 0.7318024039268494 94
1698429954213 0.8027467131614685 95
1698429971062 0.7765341997146606 96
1698429982162 0.7630771994590759 97
1698429993016 0.7389700412750244 98
1698430005669 0.7554917931556702 99
1698430018253 0.8444260954856873 100
1698430034806 0.7355839014053345 101
1698430046328 0.7888731956481934 102
1698430057405 0.745435357093811 103
1698430068377 0.7967913150787354 104
1698430079689 0.7820507287979126 105
1698430096304 0.7972126603126526 106
1698430107708 0.7990721464157104 107
1698430119272 0.7635573148727417 108
1698430130385 0.7208001017570496 109
1698430141844 0.7671512961387634 110
1698430158445 0.7712411284446716 111
1698430169799 0.8522534370422363 112
1698430181030 0.7443110346794128 113
1698430192246 0.7575201392173767 114
1698430203775 0.8353368043899536 115
1698430220172 0.7983576655387878 116
1698430231593 0.7191174626350403 117
1698430243139 0.7542262673377991 118
1698430254263 0.8146622776985168 119
1698430265930 0.7736414074897766 120
1698430282507 0.6705124378204346 121
1698430293954 0.8854779005050659 122
1698430305352 0.7912764549255371 123
1698430316507 0.8118392825126648 124
1698430327581 0.7839168906211853 125
1698430344465 0.784429669380188 126
1698430355643 0.7165471315383911 127
1698430367119 0.80437171459198 128
1698430379051 0.7909758687019348 129
1698430390269 0.7130749821662903 130
1698430407293 0.7504308819770813 131
1698430418528 0.820542573928833 132
1698430430072 0.8417494297027588 133
1698430441286 0.7383204102516174 134
1698430452529 0.7883831858634949 135
1698430469505 0.7489006519317627 136
1698430480808 0.7978760004043579 137
1698430491999 0.7209569215774536 138
1698430504056 0.7619778513908386 139
1698430515894 0.7378473877906799 140
1698430532942 0.7903293371200562 141
1698430544315 0.7624902129173279 142
1698430555579 0.7732272148132324 143
1698430567076 0.841945469379425 144
1698430578169 0.8006071448326111 145
1698430595102 0.8152878284454346 146
1698430606408 0.7714434862136841 147
1698430617612 0.7029263377189636 148
1698430629231 0.7602694630622864 149
1698430640702 0.7456470131874084 150
1698430658244 0.7065500617027283 151
1698430670172 0.7354879379272461 152
1698430681450 0.7824859023094177 153
1698430693099 0.7524583339691162 154
1698430704320 0.6755826473236084 155
1698430721065 0.7522786855697632 156
1698430732692 0.7416070699691772 157
1698430743905 0.8091685175895691 158
1698430755414 0.7266610860824585 159
1698430766861 0.7090751528739929 160
1698430783453 0.7482370138168335 161
1698430794928 0.7590007185935974 162
1698430806375 0.8540003299713135 163
1698430817970 0.7613621354103088 164
1698430829373 0.7227086424827576 165
1698430846172 0.7557216882705688 166
1698430857804 0.7780277729034424 167
1698430869143 0.8245576024055481 168
1698430880522 0.7196977138519287 169
1698430891965 0.7892357110977173 170
1698430908812 0.7478607296943665 171
1698430920121 0.7840240001678467 172
1698430931897 0.7610654830932617 173
1698430943566 0.7814531326293945 174
1698430955130 0.8068884015083313 175
1698430972153 0.7331783771514893 176
1698430983495 0.8533746004104614 177
1698430995199 0.8071756958961487 178
1698431006551 0.837592601776123 179
1698431017689 0.7675005793571472 180
1698431034757 0.7640016078948975 181
1698431045969 0.7525548338890076 182
1698431057615 0.8023887276649475 183
1698431068812 0.7589751482009888 184
1698431079993 0.8523058295249939 185
1698431099853 0.7073671221733093 186
1698431112129 0.7418638467788696 187
1698431124049 0.7218047976493835 188
1698431136552 0.7017958164215088 189
1698431147899 0.7857896685600281 190
1698431165484 0.7935328483581543 191
1698431177121 0.7653543949127197 192
1698431188536 0.7532273530960083 193
1698431200588 0.7935882806777954 194
1698431212127 0.7983371019363403 195
1698431229611 0.6923576593399048 196
1698431241253 0.7698037028312683 197
1698431252860 0.773091733455658 198
1698431264666 0.7399564981460571 199
1698431277270 0.7235565185546875 200
1698431294556 0.7571571469306946 201
1698431306112 0.8322792053222656 202
1698431317701 0.8199058771133423 203
1698431330784 0.7719391584396362 204
1698431342480 0.78105628490448 205
1698431359611 0.8136803507804871 206
1698431371405 0.7587658762931824 207
1698431383043 0.7360146045684814 208
1698431394516 0.7737054228782654 209
1698431406406 0.7251980900764465 210
1698431423510 0.7233184576034546 211
1698431435473 0.8015387058258057 212
1698431447038 0.7229670882225037 213
1698431458632 0.687708854675293 214
1698431471286 0.71559739112854 215
1698431489529 0.7422465682029724 216
1698431501605 0.8057873845100403 217
1698431513584 0.7549613118171692 218
1698431525971 0.7821271419525146 219
1698431544645 0.7512521147727966 220
1698431564461 0.7325911521911621 221
1698431578384 0.7268920540809631 222
1698431591350 0.7810658812522888 223
1698431603097 0.785419225692749 224
1698431615170 0.7259050011634827 225
1698431632424 0.6900374293327332 226
1698431644380 0.7233309745788574 227
1698431656523 0.7558656334877014 228
1698431668840 0.7297330498695374 229
1698431681129 0.7474034428596497 230
1698431699200 0.7843859195709229 231
1698431711328 0.763172447681427 232
1698431723603 0.7952466011047363 233
1698431735484 0.7481763362884521 234
1698431748718 0.7684028148651123 235
1698431766275 0.734695553779602 236
1698431778336 0.7764198184013367 237
1698431790194 0.8653641939163208 238
1698431802481 0.7810376286506653 239
1698431814454 0.8069730401039124 240
1698431832628 0.7430211901664734 241
1698431844680 0.7998765707015991 242
1698431856644 0.764711320400238 243
1698431869125 0.7910218238830566 244
1698431881238 0.7771903872489929 245
1698431898889 0.7490010857582092 246
1698431910817 0.745425283908844 247
1698431923156 0.7619463205337524 248
1698431935885 0.7644072771072388 249
