1701329698275 0.465311986863711 0
1701329733944 0.5685550082101807 1
1701329754106 0.6198686371100164 2
1701329774122 0.6635878489326765 3
1701329794125 0.6787766830870279 4
1701329814133 0.7032019704433498 5
1701329849466 0.7101806239737274 6
1701329869232 0.7200328407224958 7
1701329889114 0.7239326765188834 8
1701329908749 0.7235221674876847 9
1701329928403 0.7214696223316913 10
1701329961011 0.7255747126436781 11
1701329981031 0.7231116584564861 12
1701330000962 0.7239326765188834 13
1701330020847 0.7233169129720853 14
1701330040787 0.7233169129720853 15
1701330073201 0.7233169129720853 16
1701330092922 0.7233169129720853 17
1701330112610 0.7233169129720853 18
1701330132168 0.7233169129720853 19
1701330152120 0.7233169129720853 20
1701330184646 0.7233169129720853 21
1701330204381 0.7233169129720853 22
1701330224227 0.7233169129720853 23
1701330244064 0.7233169129720853 24
1701330263985 0.7233169129720853 25
1701330296474 0.7233169129720853 26
1701330316331 0.7233169129720853 27
1701330336290 0.7233169129720853 28
1701330356260 0.7233169129720853 29
1701330376085 0.7233169129720853 30
1701330408544 0.7233169129720853 31
1701330428670 0.7233169129720853 32
1701330448587 0.7233169129720853 33
1701330469275 0.7233169129720853 34
1701330489323 0.7233169129720853 35
1701330521710 0.7233169129720853 36
1701330541614 0.7233169129720853 37
1701330561521 0.7233169129720853 38
1701330581492 0.7233169129720853 39
1701330601895 0.7233169129720853 40
1701330634331 0.7233169129720853 41
1701330654303 0.7233169129720853 42
1701330674215 0.7233169129720853 43
1701330694120 0.7233169129720853 44
1701330714043 0.7233169129720853 45
1701330746392 0.7233169129720853 46
1701330766363 0.7233169129720853 47
1701330786186 0.7233169129720853 48
1701330805977 0.7233169129720853 49
1701330825764 0.7233169129720853 50
1701330857986 0.7233169129720853 51
1701330877694 0.7233169129720853 52
1701330897848 0.7233169129720853 53
1701330917500 0.7233169129720853 54
1701330937396 0.7233169129720853 55
