1701329698275 0.3822944452797154 0
1701329733944 0.48030970267547585 1
1701329754106 0.5560513032759699 2
1701329774122 0.6101343089297214 3
1701329794125 0.632441242635304 4
1701329814133 0.6651506744202328 5
1701329849466 0.6730609167745479 6
1701329869232 0.6831306265113476 7
1701329889114 0.6883130539887188 8
1701329908749 0.6886239297036028 9
1701329928403 0.6845152991593046 10
1701329961011 0.6918875107857873 11
1701329981031 0.6850673408522728 12
1701330000962 0.687737507210077 13
1701330020847 0.6872301505383368 14
1701330040787 0.6870293101244404 15
1701330073201 0.6870293101244404 16
1701330092922 0.6870293101244404 17
1701330112610 0.6870293101244404 18
1701330132168 0.6870293101244404 19
1701330152120 0.6870293101244404 20
1701330184646 0.6870293101244404 21
1701330204381 0.6870293101244404 22
1701330224227 0.6870293101244404 23
1701330244064 0.6870293101244404 24
1701330263985 0.6870293101244404 25
1701330296474 0.6870293101244404 26
1701330316331 0.6870293101244404 27
1701330336290 0.6870293101244404 28
1701330356260 0.6870293101244404 29
1701330376085 0.6870293101244404 30
1701330408544 0.6870293101244404 31
1701330428670 0.6870293101244404 32
1701330448587 0.6870293101244404 33
1701330469275 0.6870293101244404 34
1701330489323 0.6870293101244404 35
1701330521710 0.6870293101244404 36
1701330541614 0.6870293101244404 37
1701330561521 0.6870293101244404 38
1701330581492 0.6870293101244404 39
1701330601895 0.6870293101244404 40
1701330634331 0.6870293101244404 41
1701330654303 0.6870293101244404 42
1701330674215 0.6870293101244404 43
1701330694120 0.6870293101244404 44
1701330714043 0.6870293101244404 45
1701330746392 0.6870293101244404 46
1701330766363 0.6870293101244404 47
1701330786186 0.6870293101244404 48
1701330805977 0.6870293101244404 49
1701330825764 0.6870293101244404 50
1701330857986 0.6870293101244404 51
1701330877694 0.6870293101244404 52
1701330897848 0.6870293101244404 53
1701330917500 0.6870293101244404 54
1701330937396 0.6870293101244404 55
