1701329698275 0.4139275777075451 0
1701329733944 0.5669264182494044 1
1701329754106 0.6283136653203667 2
1701329774122 0.6853016016024599 3
1701329794125 0.7102441528076233 4
1701329814133 0.733057623364683 5
1701329849466 0.7425398352726504 6
1701329869232 0.7523200380541754 7
1701329889114 0.7566884516626521 8
1701329908749 0.7552856108886999 9
1701329928403 0.7522979222004397 10
1701329961011 0.7558595423011573 11
1701329981031 0.7559661635046603 12
1701330000962 0.7558221153694933 13
1701330020847 0.7555372010985614 14
1701330040787 0.7553932162565505 15
1701330073201 0.7554638451104775 16
1701330092922 0.7554638451104775 17
1701330112610 0.7554638451104775 18
1701330132168 0.7554638451104775 19
1701330152120 0.7554638451104775 20
1701330184646 0.7554638451104775 21
1701330204381 0.7554638451104775 22
1701330224227 0.7554638451104775 23
1701330244064 0.7554638451104775 24
1701330263985 0.7554638451104775 25
1701330296474 0.7554638451104775 26
1701330316331 0.7554638451104775 27
1701330336290 0.7554638451104775 28
1701330356260 0.7554638451104775 29
1701330376085 0.7554638451104775 30
1701330408544 0.7554638451104775 31
1701330428670 0.7554638451104775 32
1701330448587 0.7554638451104775 33
1701330469275 0.7554638451104775 34
1701330489323 0.7554638451104775 35
1701330521710 0.7554638451104775 36
1701330541614 0.7554638451104775 37
1701330561521 0.7554638451104775 38
1701330581492 0.7554638451104775 39
1701330601895 0.7554638451104775 40
1701330634331 0.7554638451104775 41
1701330654303 0.7554638451104775 42
1701330674215 0.7554638451104775 43
1701330694120 0.7554638451104775 44
1701330714043 0.7554638451104775 45
1701330746392 0.7554638451104775 46
1701330766363 0.7554638451104775 47
1701330786186 0.7554638451104775 48
1701330805977 0.7554638451104775 49
1701330825764 0.7554638451104775 50
1701330857986 0.7554638451104775 51
1701330877694 0.7554638451104775 52
1701330897848 0.7554638451104775 53
1701330917500 0.7554638451104775 54
1701330937396 0.7554638451104775 55
