1701329698275 0.34770020847258015 0
1701329733944 0.46381442045607163 1
1701329754106 0.5658979155721079 2
1701329774122 0.626334786127034 3
1701329794125 0.6515291390390222 4
1701329814133 0.6845269086376181 5
1701329849466 0.6929609105052519 6
1701329869232 0.703099150665938 7
1701329889114 0.7081759612513059 8
1701329908749 0.7084531414272237 9
1701329928403 0.7042101276006786 10
1701329961011 0.7110350031545597 11
1701329981031 0.7054197604243422 12
1701330000962 0.7076403941560426 13
1701330020847 0.7071713399004396 14
1701330040787 0.7069584341246786 15
1701330073201 0.7069750686872666 16
1701330092922 0.7069750686872666 17
1701330112610 0.7069750686872666 18
1701330132168 0.7069750686872666 19
1701330152120 0.7069750686872666 20
1701330184646 0.7069750686872666 21
1701330204381 0.7069750686872666 22
1701330224227 0.7069750686872666 23
1701330244064 0.7069750686872666 24
1701330263985 0.7069750686872666 25
1701330296474 0.7069750686872666 26
1701330316331 0.7069750686872666 27
1701330336290 0.7069750686872666 28
1701330356260 0.7069750686872666 29
1701330376085 0.7069750686872666 30
1701330408544 0.7069750686872666 31
1701330428670 0.7069750686872666 32
1701330448587 0.7069750686872666 33
1701330469275 0.7069750686872666 34
1701330489323 0.7069750686872666 35
1701330521710 0.7069750686872666 36
1701330541614 0.7069750686872666 37
1701330561521 0.7069750686872666 38
1701330581492 0.7069750686872666 39
1701330601895 0.7069750686872666 40
1701330634331 0.7069750686872666 41
1701330654303 0.7069750686872666 42
1701330674215 0.7069750686872666 43
1701330694120 0.7069750686872666 44
1701330714043 0.7069750686872666 45
1701330746392 0.7069750686872666 46
1701330766363 0.7069750686872666 47
1701330786186 0.7069750686872666 48
1701330805977 0.7069750686872666 49
1701330825764 0.7069750686872666 50
1701330857986 0.7069750686872666 51
1701330877694 0.7069750686872666 52
1701330897848 0.7069750686872666 53
1701330917500 0.7069750686872666 54
1701330937396 0.7069750686872666 55
