1701329698368 1.0167328871153538 0
1701329734092 0.8955642206996095 1
1701329754202 0.8196441480536866 2
1701329774217 0.7573660327718149 3
1701329794221 0.7204073838938295 4
1701329814228 0.6893098110856574 5
1701329849595 0.6738567611360862 6
1701329869331 0.6621630121679867 7
1701329889209 0.6596200882998946 8
1701329908845 0.6564219537513708 9
1701329928499 0.6570411119975296 10
1701329961108 0.6556331244559069 11
1701329981131 0.6563603059918273 12
1701330001060 0.6545195336045783 13
1701330020943 0.6551481851565293 14
1701330040883 0.6548666938457613 15
1701330073297 0.6533859062428568 16
1701330093017 0.6531364999565423 17
1701330112708 0.6564418583913566 18
1701330132264 0.6551656052957173 19
1701330152217 0.6545908844548892 20
1701330184742 0.654210779791564 21
1701330204477 0.655193889452741 22
1701330224323 0.6567622746517455 23
1701330244161 0.6536247239393347 24
1701330264081 0.6537885911324445 25
1701330296570 0.6532757586123896 26
1701330316428 0.6549083565185273 27
1701330336386 0.6565416977296468 28
1701330356358 0.653459186842239 29
1701330376181 0.6538630757066939 30
1701330408641 0.653796941821092 31
1701330428766 0.6534960542628968 32
1701330448686 0.6532289884448831 33
1701330469374 0.6556492849113116 34
1701330489420 0.6537801749955595 35
1701330521805 0.6561860796672846 36
1701330541710 0.6562184163557938 37
1701330561619 0.6537516220332751 38
1701330581590 0.6546929747450585 39
1701330601991 0.6541463598316791 40
1701330634429 0.6546699383289986 41
1701330654399 0.6560851004388597 42
1701330674311 0.654730087791393 43
1701330694223 0.6540601748267031 44
1701330714143 0.6551731663202148 45
1701330746504 0.6562937163060008 46
1701330766459 0.6548420905677321 47
1701330786281 0.6537768386937435 48
1701330806074 0.6554577800573087 49
1701330825860 0.6547502672750186 50
1701330858082 0.6561243701604457 51
1701330877790 0.6539840378792457 52
1701330897928 0.6533590646740658 53
1701330917593 0.6551103936690911 54
1701330937492 0.6555388162728228 55
