1701389275101 0.2958702912140206 0
1701389289858 0.290578213783066 1
1701389294294 0.3179589587928912 2
1701389298738 0.35484193612949166 3
1701389303860 0.3628999062504583 4
1701389308075 0.36780908883493607 5
1701389322375 0.3690597836735592 6
1701389326652 0.37294434680630434 7
1701389329611 0.37320906730325615 8
1701389332613 0.3662716055194288 9
1701389335661 0.37360153995354545 10
1701389350129 0.3719289957574809 11
1701389354131 0.37005551962935074 12
1701389357312 0.37407890989554726 13
1701389360486 0.37096941011930645 14
1701389364052 0.37281533055055727 15
1701389378116 0.37417206911524215 16
1701389381530 0.37043745995985033 17
1701389384688 0.37194190118724446 18
1701389387855 0.37597372306763277 19
1701389391098 0.37064665296702337 20
1701389403036 0.3710805636845698 21
1701389406220 0.37238568370952535 22
1701389409203 0.37513635529893574 23
1701389412155 0.37141450697702866 24
1701389415159 0.3679659199721093 25
1701389429117 0.36966123386591 26
1701389433143 0.3707796069579547 27
1701389436992 0.3716483485076018 28
1701389440701 0.37060718259948483 29
1701389444266 0.3714090408121766 30
1701389454764 0.37228555321660844 31
1701389458562 0.37527357009626466 32
1701389462314 0.37117111843566697 33
1701389466177 0.3745868275046163 34
1701389469734 0.3691410989001394 35
1701389484016 0.37171151078646014 36
1701389488207 0.37606673545003777 37
1701389492202 0.3665217124478342 38
1701389495438 0.3710545349889613 39
1701389498337 0.3699242945629731 40
1701389508830 0.3710835423198038 41
1701389512362 0.3711877280758244 42
1701389515701 0.3730504562553869 43
1701389518705 0.3741225193129997 44
1701389521646 0.3709659303944452 45
1701389532093 0.37167605353851313 46
1701389535534 0.36650875716256515 47
1701389538704 0.3770580045289427 48
1701389541649 0.3707710383967367 49
1701389544606 0.3704993075693821 50
1701389554606 0.3699923837706552 51
1701389557820 0.37207314345308956 52
1701389560882 0.37479778835340477 53
1701389563974 0.37485226832136226 54
1701389566985 0.3716788134001621 55
1701389577747 0.37236599205115356 56
1701389581523 0.372422439216777 57
1701389584889 0.3727498378612621 58
1701389587994 0.3737852510545976 59
1701389591115 0.37616656818430166 60
1701389601436 0.37645041153810926 61
1701389604852 0.3731019323751577 62
1701389608047 0.3727869080623159 63
1701389611103 0.375135446025245 64
1701389614184 0.3719774421729729 65
1701389624581 0.37722111570635825 66
1701389628029 0.37285278235005087 67
1701389631204 0.36930748147299264 68
1701389634376 0.37666673829895164 69
1701389637492 0.37166854250653136 70
1701389648740 0.37520107562408667 71
1701389652736 0.3748027766483186 72
1701389656609 0.3711793388007043 73
1701389660270 0.37671991551803896 74
1701389663602 0.37374171989747507 75
1701389674421 0.37247353189017757 76
1701389678262 0.3701644493383865 77
1701389682021 0.3753729377694021 78
1701389685722 0.37202482324902836 79
1701389689066 0.3737304837392634 80
1701389700043 0.3708655571865404 81
1701389704583 0.3705699533914586 82
1701389709167 0.37305083638587694 83
1701389713670 0.3740407202822474 84
1701389717723 0.37113177092588895 85
