1701389275101 0.40311986863711 0
1701389289858 0.4100985221674877 1
1701389294294 0.43349753694581283 2
1701389298738 0.48214285714285715 3
1701389303860 0.49363711001642036 4
1701389308075 0.5002052545155994 5
1701389322375 0.5018472906403941 6
1701389326652 0.5063628899835796 7
1701389329611 0.506568144499179 8
1701389332613 0.4977422003284072 9
1701389335661 0.5077996715927751 10
1701389350129 0.5053366174055829 11
1701389354131 0.5030788177339901 12
1701389357312 0.5084154351395731 13
1701389360486 0.5041050903119869 14
1701389364052 0.5067733990147784 15
1701389378116 0.5084154351395731 16
1701389381530 0.5026683087027914 17
1701389384688 0.5057471264367817 18
1701389387855 0.5100574712643678 19
1701389391098 0.5030788177339901 20
1701389403036 0.5045155993431856 21
1701389406220 0.5063628899835796 22
1701389409203 0.5088259441707718 23
1701389412155 0.5051313628899836 24
1701389415159 0.5 25
1701389429117 0.5024630541871922 26
1701389433143 0.5034893267651889 27
1701389436992 0.5053366174055829 28
1701389440701 0.5041050903119869 29
1701389444266 0.5049261083743842 30
1701389454764 0.5059523809523809 31
1701389458562 0.5092364532019704 32
1701389462314 0.5047208538587848 33
1701389466177 0.5084154351395731 34
1701389469734 0.5018472906403941 35
1701389484016 0.5057471264367817 36
1701389488207 0.5104679802955665 37
1701389492202 0.4975369458128079 38
1701389495438 0.5041050903119869 39
1701389498337 0.5028735632183908 40
1701389508830 0.5036945812807881 41
1701389512362 0.5045155993431856 42
1701389515701 0.507183908045977 43
1701389518705 0.5077996715927751 44
1701389521646 0.5043103448275862 45
1701389532093 0.5051313628899836 46
1701389535534 0.4981527093596059 47
1701389538704 0.5125205254515599 48
1701389541649 0.5041050903119869 49
1701389544606 0.5036945812807881 50
1701389554606 0.5032840722495895 51
1701389557820 0.5057471264367817 52
1701389560882 0.5075944170771757 53
1701389563974 0.5086206896551724 54
1701389566985 0.5049261083743842 55
1701389577747 0.5053366174055829 56
1701389581523 0.5061576354679803 57
1701389584889 0.506568144499179 58
1701389587994 0.5073891625615764 59
1701389591115 0.5110837438423645 60
1701389601436 0.5116995073891626 61
1701389604852 0.507183908045977 62
1701389608047 0.506568144499179 63
1701389611103 0.5100574712643678 64
1701389614184 0.5057471264367817 65
1701389624581 0.5127257799671593 66
1701389628029 0.5057471264367817 67
1701389631204 0.5020525451559934 68
1701389634376 0.5119047619047619 69
1701389637492 0.5053366174055829 70
1701389648740 0.5098522167487685 71
1701389652736 0.5096469622331691 72
1701389656609 0.5036945812807881 73
1701389660270 0.5112889983579638 74
1701389663602 0.507183908045977 75
1701389674421 0.5055418719211823 76
1701389678262 0.5022577996715928 77
1701389682021 0.5094417077175698 78
1701389685722 0.5049261083743842 79
1701389689066 0.5080049261083743 80
1701389700043 0.5034893267651889 81
1701389704583 0.5028735632183908 82
1701389709167 0.5069786535303776 83
1701389713670 0.5082101806239737 84
1701389717723 0.5049261083743842 85
