1701389275101 0.3295991882293252 0
1701389289858 0.3345424488415356 1
1701389294294 0.35479553526128865 2
1701389298738 0.39450887874175544 3
1701389303860 0.40405800777946893 4
1701389308075 0.4094403855910705 5
1701389322375 0.4107663622526636 6
1701389326652 0.41435700997801456 7
1701389329611 0.41453348554033487 8
1701389332613 0.40738643666497554 9
1701389335661 0.4156168611533908 10
1701389350129 0.41358498224251644 11
1701389354131 0.41177126670049047 12
1701389357312 0.41610460003382377 13
1701389360486 0.41259233891425673 14
1701389364052 0.414798241163538 15
1701389378116 0.41609969558599696 16
1701389381530 0.4116216082136597 17
1701389384688 0.413955098934551 18
1701389387855 0.41766084379627416 19
1701389391098 0.41196965489047344 20
1701389403036 0.4129452900388973 21
1701389406220 0.4144526467106376 22
1701389409203 0.4166363215571401 23
1701389412155 0.4134747167258583 24
1701389415159 0.40922712667004907 25
1701389429117 0.41125164890918314 26
1701389433143 0.4123471282542482 27
1701389436992 0.41361195670556405 28
1701389440701 0.41263893116861156 29
1701389444266 0.41328598004397094 30
1701389454764 0.414111956705564 31
1701389458562 0.41699417712960757 32
1701389462314 0.4131242178251311 33
1701389466177 0.41633486713468115 34
1701389469734 0.4107639100287502 35
1701389484016 0.413996786741079 36
1701389488207 0.41801379492091484 37
1701389492202 0.4074524893230796 38
1701389495438 0.41257026889903603 39
1701389498337 0.4115923389142567 40
1701389508830 0.41248191601004053 41
1701389512362 0.41293057669541683 42
1701389515701 0.41513402672078464 43
1701389518705 0.4158299626868543 44
1701389521646 0.4127761711483173 45
1701389532093 0.41342322002367665 46
1701389535534 0.40774429223744296 47
1701389538704 0.4194820733975985 48
1701389541649 0.41261686115339086 49
1701389544606 0.41226391002875024 50
1701389554606 0.4119649078302046 51
1701389557820 0.4139477422628108 52
1701389560882 0.4158396141949499 53
1701389563974 0.41648682045786733 54
1701389566985 0.41352850826439536 55
1701389577747 0.41381279711946045 56
1701389581523 0.4142590055809234 57
1701389584889 0.4146070522577372 58
1701389587994 0.41550153380134774 59
1701389591115 0.4182884322678843 60
1701389601436 0.4188031456113648 61
1701389604852 0.41512421782513104 62
1701389608047 0.41459724336208353 63
1701389611103 0.4174796211736851 64
1701389614184 0.4139600033823778 65
1701389624581 0.41964628784035174 66
1701389628029 0.41413386933322666 67
1701389631204 0.41093548114324374 68
1701389634376 0.41897962117368515 69
1701389637492 0.4136193133773043 70
1701389648740 0.4173031456113648 71
1701389652736 0.4171487400642652 72
1701389656609 0.41246475044264663 73
1701389660270 0.4186755571397547 74
1701389663602 0.4153127971194604 75
1701389674421 0.4139892726817808 76
1701389678262 0.41128582265641295 77
1701389682021 0.4171706526919279 78
1701389685722 0.41348191601004053 79
1701389689066 0.41578843226788437 80
1701389700043 0.41231279711946045 81
1701389704583 0.41180053599989347 82
1701389709167 0.41493793336715706 83
1701389713670 0.4159354811432437 84
1701389717723 0.41331785895484524 85
