1701389275179 1.050487333263447 0
1701389289962 1.0421914501127854 1
1701389294368 1.0339299919558507 2
1701389298820 1.0217665803977867 3
1701389303935 1.0099573785962621 4
1701389308153 1.002344531950608 5
1701389322500 0.9963526429693683 6
1701389326726 0.9935162566066568 7
1701389329688 0.9921680696649489 8
1701389332689 0.9915171892814387 9
1701389335738 0.9904344031234192 10
1701389350225 0.9907817143240786 11
1701389354205 0.989789519045088 12
1701389357386 0.9902661524566949 13
1701389360562 0.989331851208132 14
1701389364129 0.9893751078181796 15
1701389378258 0.9905359690485437 16
1701389381605 0.9912983938759449 17
1701389384766 0.9902607081762327 18
1701389387934 0.9915308621194627 19
1701389391176 0.989818198618546 20
1701389403125 0.9914191980767094 21
1701389406295 0.991843197470397 22
1701389409280 0.9909568986082389 23
1701389412228 0.9905046493399376 24
1701389415236 0.9892153498394037 25
1701389429208 0.9900407284693001 26
1701389433222 0.98979162780288 27
1701389437072 0.9895159859283298 28
1701389440776 0.9903191324152978 29
1701389444341 0.9902050615915285 30
1701389454840 0.9897613805883071 31
1701389458638 0.9904386097309636 32
1701389462399 0.9896766905691109 33
1701389466254 0.9906483354911305 34
1701389469810 0.9900396524691114 35
1701389484120 0.9895563421685711 36
1701389488284 0.9905261299968545 37
1701389492278 0.9903534506660661 38
1701389495513 0.9900907429994321 39
1701389498412 0.9903185122153338 40
1701389508905 0.9898056563209084 41
1701389512440 0.9900651613092111 42
1701389515780 0.9905007528323754 43
1701389518782 0.9897705281482023 44
1701389521727 0.9906603436844021 45
1701389532171 0.9911067832529156 46
1701389535615 0.9887122936498106 47
1701389538780 0.9887686212078418 48
1701389541725 0.9896280886301028 49
1701389544682 0.991725536343319 50
1701389554680 0.9899225842718985 51
1701389557896 0.9900373002282934 52
1701389560974 0.9905988924643573 53
1701389564051 0.9897066798864627 54
1701389567064 0.989506308159797 55
1701389577824 0.9911189527293436 56
1701389581600 0.9894652428969838 57
1701389584964 0.9914747414246105 58
1701389588077 0.989132681313683 59
1701389591203 0.9908306415564094 60
1701389601512 0.9905941575960396 61
1701389604927 0.989979927446328 62
1701389608123 0.9902422957950168 63
1701389611181 0.9898498315437168 64
1701389614261 0.988957402752895 65
1701389624657 0.9892690863484651 66
1701389628108 0.9896893294808132 67
1701389631287 0.9897541489476472 68
1701389634461 0.98932086018955 69
1701389637572 0.990591300079246 70
1701389648820 0.9893589701527864 71
1701389652815 0.9905512940649893 72
1701389656687 0.9906903357287637 73
1701389660361 0.991103903140897 74
1701389663682 0.9903056426765093 75
1701389674501 0.9893781908976487 76
1701389678342 0.9901129478722616 77
1701389682098 0.989631311566222 78
1701389685800 0.9892387635567609 79
1701389689145 0.9905469920120987 80
1701389700141 0.9891682204857372 81
1701389704661 0.9905258795015173 82
1701389709243 0.9897072455462288 83
1701389713748 0.9899182358598397 84
1701389717801 0.990232091713575 85
