1701389275101 0.2686038307839309 0
1701389289858 0.27245328511151296 1
1701389294294 0.2887102014294997 2
1701389298738 0.32259577304154236 3
1701389303860 0.3293515804126743 4
1701389308075 0.3338645662740902 5
1701389322375 0.3350483908483821 6
1701389326652 0.3393300565677077 7
1701389329611 0.3396936689843861 8
1701389332613 0.33274370127947345 9
1701389335661 0.3393363525744338 10
1701389350129 0.3379737023454174 11
1701389354131 0.33603184449958645 12
1701389357312 0.33981116989510224 13
1701389360486 0.3370288926363125 14
1701389364052 0.3385665341375919 15
1701389378116 0.3399836862431749 16
1701389381530 0.6691353635230616 17
1701389384688 0.33767934196332255 18
1701389387855 0.6742686348938562 19
1701389391098 0.6692311324413746 20
1701389403036 0.3369366438457188 21
1701389406220 0.33807982740021575 22
1701389409203 0.6735995518025771 23
1701389412155 0.33712257125719497 24
1701389415159 0.33432389926235134 25
1701389429117 0.3357416358372138 26
1701389433143 0.6691861588433264 27
1701389436992 0.33742571337967125 28
1701389440701 0.3363466686665313 29
1701389444266 0.3372538826069335 30
1701389454764 0.3381742197534245 31
1701389458562 0.6735346130306121 32
1701389462314 0.3369561429776427 33
1701389466177 0.672824153849319 34
1701389469734 0.33519344918263405 35
1701389484016 0.33726662427850673 36
1701389488207 0.6741429880328044 37
1701389492202 0.6654295807532139 38
1701389495438 0.3372219894291712 39
1701389498337 0.3359403026943628 40
1701389508830 0.6696072377338306 41
1701389512362 0.3371366585091748 42
1701389515701 0.33872753900954894 43
1701389518705 0.5057232609339138 44
1701389521646 0.3368653207286292 45
1701389532093 0.33763412937630416 46
1701389535534 0.33287510147104565 47
1701389538704 0.34245872776009656 48
1701389541649 0.33664268888298926 49
1701389544606 0.3364369711690909 50
1701389554606 0.3357816916457188 51
1701389557820 0.337920203928352 52
1701389560882 0.6725786037836398 53
1701389563974 0.6731854519258915 54
1701389566985 0.6698901038382735 55
1701389577747 0.6708483123542713 56
1701389581523 0.33830845435575324 57
1701389584889 0.338616585516655 58
1701389587994 0.672050629689735 59
1701389591115 0.3418206697340737 60
1701389601436 0.34191071591150496 61
1701389604852 0.33882846869883504 62
1701389608047 0.3386984443769489 63
1701389611103 0.34059717582811033 64
1701389614184 0.3377376602908518 65
1701389624581 0.34262209978602515 66
1701389628029 0.6714830131228103 67
1701389631204 0.3353548566907613 68
1701389634376 0.3421599052824482 69
1701389637492 0.33745515227367545 70
1701389648740 0.34085827863186324 71
1701389652736 0.3402693794173737 72
1701389656609 0.669793892619072 73
1701389660270 0.5081170785715278 74
1701389663602 0.6721245780069786 75
1701389674421 0.670899988049341 76
1701389678262 0.6689142537785889 77
1701389682021 0.6735693870431078 78
1701389685722 0.6704991387646307 79
1701389689066 0.33942926045016075 80
1701389700043 0.6693547000116343 81
1701389704583 0.6692280673112837 82
1701389709167 0.33889487327014095 83
1701389713670 0.3398911330692087 84
1701389717723 0.33676126509016857 85
