1701377446695 0.2748713092903186 0
1701377463216 0.38412194394752536 1
1701377468051 0.37038733975955823 2
1701377472711 0.3634335342199058 3
1701377477341 0.36191643288535097 4
1701377481913 0.36979052107881644 5
1701377494262 0.36685014921288445 6
1701377498979 0.3679232660114153 7
1701377503616 0.36948989429581774 8
1701377508210 0.36891585212907846 9
1701377513737 0.369355310019992 10
1701377529764 0.36359634032194216 11
1701377534563 0.3634699787929024 12
1701377539221 0.3677752769011245 13
1701377543844 0.37079095318221494 14
1701377548428 0.3652384255909671 15
1701377560669 0.36314288397566125 16
1701377565349 0.36955900781365175 17
1701377569981 0.37035313838457834 18
1701377574528 0.36730317966350046 19
1701377579095 0.36416205979141997 20
1701377591668 0.3672882816889807 21
1701377596412 0.3676801450167509 22
1701377601125 0.3684452005970455 23
1701377605737 0.3687812582258489 24
1701377610262 0.36946620635943805 25
1701377622751 0.3693721697514862 26
1701377627495 0.36785934124267583 27
1701377632123 0.3671540984814979 28
1701377636712 0.36732717129069914 29
1701377641240 0.36696393692913726 30
1701377653352 0.3677780578363776 31
1701377658069 0.3688875165253606 32
1701377662680 0.36624511095493045 33
1701377667244 0.3709587027333309 34
1701377671750 0.3668585382871097 35
1701377683791 0.3693815301850605 36
1701377688501 0.3687647748757977 37
1701377693105 0.3666573991560589 38
1701377697672 0.3694342605460517 39
1701377702192 0.3642687823937978 40
1701377719284 0.3690676483974618 41
1701377724812 0.3663395775364307 42
1701377729451 0.3666555333026234 43
1701377734066 0.3684393103515931 44
1701377738606 0.368526001201307 45
1701377750978 0.36574102470820447 46
1701377755705 0.36852407725049235 47
1701377760324 0.36892014035867543 48
1701377764911 0.36602676691420416 49
1701377769441 0.3673507462686567 50
1701377781507 0.36820093815956617 51
1701377786214 0.37015945971825587 52
1701377790857 0.3675314830458 53
1701377795431 0.3695853915559404 54
1701377799970 0.3721677366114906 55
1701377811916 0.36517619940615725 56
1701377816599 0.36607603567742886 57
1701377821160 0.3693727195870333 58
1701377825696 0.3656550590676461 59
1701377830150 0.36569627082865663 60
1701377842241 0.36638534032359305 61
1701377846981 0.36914355485784056 62
1701377852819 0.36635635239109093 63
1701377857452 0.36691169632097304 64
1701377862015 0.36833757049421356 65
1701377874388 0.3677864992150706 66
1701377879237 0.3671598204680892 67
1701377883909 0.3650032100750427 68
1701377888524 0.36685224253789656 69
1701377893170 0.3666403326000079 70
1701377907143 0.36170563989868504 71
1701377911869 0.3680670893353349 72
1701377916501 0.3672952004319929 73
1701377921118 0.3673092853377513 74
1701377925840 0.3713226114868013 75
1701377938127 0.3628521139387422 76
1701377942809 0.3640718711148314 77
1701377947396 0.3696349355397471 78
1701377952034 0.3701230182310154 79
1701377958943 0.36790610548811115 80
1701377971357 0.36521003321319356 81
1701377976082 0.365549394670293 82
1701377980741 0.3659061573347288 83
1701377985364 0.3688198812019567 84
1701377989908 0.3625832083923808 85
1701378002083 0.3658135247218392 86
1701378006775 0.36928699175724455 87
1701378011424 0.3691295130911552 88
1701378016027 0.3682009804031276 89
1701378020574 0.3663587395846288 90
