1701377446695 0.3370915778792491 0
1701377463216 0.3658802638254693 1
1701377468051 0.38796879756468794 2
1701377472711 0.39489294774226275 3
1701377477341 0.4063833079654997 4
1701377481913 0.4048979367495349 5
1701377494262 0.40408176898359544 6
1701377498979 0.40456215119228817 7
1701377503616 0.4040425334009809 8
1701377508210 0.4028636056147472 9
1701377513737 0.402711652291561 10
1701377529764 0.3998464400473533 11
1701377534563 0.3988366311516996 12
1701377539221 0.4027018433959073 13
1701377543844 0.405223913411128 14
1701377548428 0.4015498900727212 15
1701377560669 0.399339083375613 16
1701377565349 0.4040523422966345 17
1701377569981 0.4047165567393878 18
1701377574528 0.4047459834263487 19
1701377579095 0.4015449856248943 20
1701377591668 0.4037141045154744 21
1701377596412 0.4028611533908337 22
1701377601125 0.4040474378488077 23
1701377605737 0.40455724674446136 24
1701377610262 0.4055915778792491 25
1701377622751 0.40422146118721464 26
1701377627495 0.40220920006764754 27
1701377632123 0.40203762895315404 28
1701377636712 0.4015082022661931 29
1701377641240 0.40152046338576025 30
1701377653352 0.402525367833587 31
1701377658069 0.403868510062574 32
1701377662680 0.4018513444951801 33
1701377667244 0.4055498900727212 34
1701377671750 0.40134644004735326 35
1701377683791 0.40455479452054793 36
1701377688501 0.4033537967190935 37
1701377693105 0.3996527989176391 38
1701377697672 0.4035302722814138 39
1701377702192 0.4013734145104008 40
1701377719284 0.40387586673431425 41
1701377724812 0.4015155589379334 42
1701377729451 0.40168467782851347 43
1701377734066 0.40353762895315404 44
1701377738606 0.4048930323017081 45
1701377750978 0.4016748689328598 46
1701377755705 0.40253517672924066 47
1701377760324 0.40457686453576863 48
1701377764911 0.4023390833756131 49
1701377769441 0.4032141045154744 50
1701377781507 0.4025425334009809 51
1701377786214 0.4037092000676476 52
1701377790857 0.40203272450532723 53
1701377795431 0.40505234229663456 54
1701377799970 0.4053660578386606 55
1701377811916 0.40237586673431425 56
1701377816599 0.40169448672416713 57
1701377821160 0.4062459834263487 58
1701377825696 0.4018734145104008 59
1701377830150 0.4013660578386606 60
1701377842241 0.4023660578386606 61
1701377846981 0.403525367833587 62
1701377852819 0.40134644004735326 63
1701377857452 0.4022042956198207 64
1701377862015 0.4042263656350415 65
1701377874388 0.40268222560460004 66
1701377879237 0.4030498900727211 67
1701377883909 0.4003464400473533 68
1701377888524 0.40305724674446136 69
1701377893170 0.4010180111618468 70
1701377907143 0.39851065449010653 71
1701377911869 0.40301310671401996 72
1701377916501 0.402356248943007 73
1701377921118 0.40289303230170814 74
1701377925840 0.40623127008286825 75
1701377938127 0.3993341789277862 76
1701377942809 0.39985870116692035 77
1701377947396 0.4043954845256215 78
1701377952034 0.40419693894808056 79
1701377958943 0.40407931675968206 80
1701377971357 0.40221410451547435 81
1701377976082 0.4013930323017081 82
1701377980741 0.400839083375613 83
1701377985364 0.40353272450532723 84
1701377989908 0.4001895822763402 85
1701378002083 0.40185379671909355 86
1701378006775 0.40354498562489427 87
1701378011424 0.4035523422966345 88
1701378016027 0.40269203450025365 89
1701378020574 0.4029003889734483 90
