1701377446695 0.4129720853858785 0
1701377463216 0.44971264367816094 1
1701377468051 0.47619047619047616 2
1701377472711 0.48440065681444994 3
1701377477341 0.4981527093596059 4
1701377481913 0.4965106732348112 5
1701377494262 0.4954844006568144 6
1701377498979 0.49610016420361247 7
1701377503616 0.4954844006568144 8
1701377508210 0.49404761904761907 9
1701377513737 0.4938423645320197 10
1701377529764 0.49035303776683087 11
1701377534563 0.48912151067323484 12
1701377539221 0.4938423645320197 13
1701377543844 0.49692118226600984 14
1701377548428 0.4924055829228243 15
1701377560669 0.4897372742200328 16
1701377565349 0.4954844006568144 17
1701377569981 0.4963054187192118 18
1701377574528 0.4963054187192118 19
1701377579095 0.4924055829228243 20
1701377591668 0.49507389162561577 21
1701377596412 0.49404761904761907 22
1701377601125 0.4954844006568144 23
1701377605737 0.49610016420361247 24
1701377610262 0.49733169129720856 25
1701377622751 0.4956896551724138 26
1701377627495 0.4932266009852217 27
1701377632123 0.4930213464696223 28
1701377636712 0.4924055829228243 29
1701377641240 0.4924055829228243 30
1701377653352 0.49363711001642036 31
1701377658069 0.4952791461412151 32
1701377662680 0.492816091954023 33
1701377667244 0.49733169129720856 34
1701377671750 0.49220032840722494 35
1701377683791 0.49610016420361247 36
1701377688501 0.49466338259441706 37
1701377693105 0.49014778325123154 38
1701377697672 0.49486863711001644 39
1701377702192 0.49220032840722494 40
1701377719284 0.4952791461412151 41
1701377724812 0.4924055829228243 42
1701377729451 0.49261083743842365 43
1701377734066 0.49486863711001644 44
1701377738606 0.4965106732348112 45
1701377750978 0.49261083743842365 46
1701377755705 0.49363711001642036 47
1701377760324 0.49610016420361247 48
1701377764911 0.493431855500821 49
1701377769441 0.4944581280788177 50
1701377781507 0.49363711001642036 51
1701377786214 0.49507389162561577 52
1701377790857 0.4930213464696223 53
1701377795431 0.4967159277504105 54
1701377799970 0.49712643678160917 55
1701377811916 0.493431855500821 56
1701377816599 0.49261083743842365 57
1701377821160 0.4981527093596059 58
1701377825696 0.492816091954023 59
1701377830150 0.49220032840722494 60
1701377842241 0.493431855500821 61
1701377846981 0.49486863711001644 62
1701377852819 0.49220032840722494 63
1701377857452 0.4932266009852217 64
1701377862015 0.4956896551724138 65
1701377874388 0.4938423645320197 66
1701377879237 0.4942528735632184 67
1701377883909 0.4909688013136289 68
1701377888524 0.4942528735632184 69
1701377893170 0.4917898193760263 70
1701377907143 0.4887110016420361 71
1701377911869 0.4942528735632184 72
1701377916501 0.493431855500821 73
1701377921118 0.49404761904761907 74
1701377925840 0.4981527093596059 75
1701377938127 0.4897372742200328 76
1701377942809 0.49035303776683087 77
1701377947396 0.49589490968801314 78
1701377952034 0.4956896551724138 79
1701377958943 0.4954844006568144 80
1701377971357 0.4932266009852217 81
1701377976082 0.49220032840722494 82
1701377980741 0.49158456486042695 83
1701377985364 0.49486863711001644 84
1701377989908 0.4907635467980296 85
1701378002083 0.492816091954023 86
1701378006775 0.49486863711001644 87
1701378011424 0.49486863711001644 88
1701378016027 0.4938423645320197 89
1701378020574 0.49404761904761907 90
