1701377446815 1.0531370918472092 0
1701377463362 1.0413924029895238 1
1701377468168 1.0371532525335039 2
1701377472828 1.0361780292027956 3
1701377477458 1.033418457229416 4
1701377482030 1.034562377960651 5
1701377494380 1.0342657480921065 6
1701377499096 1.0329332460056653 7
1701377503734 1.0309986804986928 8
1701377508327 1.0317255335968811 9
1701377513855 1.0317934023869502 10
1701377529904 1.0337956632886613 11
1701377534680 1.033990115314335 12
1701377539339 1.0308355193633538 13
1701377543961 1.0317618111511329 14
1701377548545 1.0319527960442878 15
1701377560789 1.0328816988251426 16
1701377565467 1.0325884331356396 17
1701377570098 1.0314320171034181 18
1701377574645 1.0328689790391303 19
1701377579220 1.0315286029468884 20
1701377591786 1.032674323428761 21
1701377596531 1.0319908478043296 22
1701377601243 1.0315622455113893 23
1701377605854 1.0308167384816456 24
1701377610379 1.0314570007386146 25
1701377622871 1.0323538191906818 26
1701377627612 1.030807040728532 27
1701377632241 1.0319888762065343 28
1701377636829 1.0318632358080382 29
1701377641357 1.0327785657597828 30
1701377653469 1.0336525099618095 31
1701377658187 1.030611768945471 32
1701377662799 1.0332770773342677 33
1701377667361 1.0318597779645549 34
1701377671868 1.0333589276710113 35
1701377683909 1.0349344340237705 36
1701377688618 1.0330097017350135 37
1701377693223 1.033855765670925 38
1701377697789 1.0331068890435355 39
1701377702309 1.0340293769712572 40
1701377719456 1.0315198658348679 41
1701377724930 1.0317002202009227 42
1701377729568 1.0324205330439977 43
1701377734184 1.0350347021957496 44
1701377738723 1.0316057894136998 45
1701377751100 1.0323769481151135 46
1701377755824 1.0347511985085227 47
1701377760441 1.0326863504075385 48
1701377765030 1.0319679665875126 49
1701377769558 1.0332515781575984 50
1701377781625 1.032791453522521 51
1701377786339 1.0328455389320077 52
1701377790975 1.0306493036158673 53
1701377795548 1.0307451200175595 54
1701377800088 1.031612193429625 55
1701377812034 1.031909327228348 56
1701377816717 1.032672463299392 57
1701377821277 1.032700471289746 58
1701377825814 1.0320395347359892 59
1701377830268 1.0319267913892671 60
1701377842359 1.0340671554788368 61
1701377847102 1.030536706571455 62
1701377852938 1.0320328497267388 63
1701377857569 1.0320737656060752 64
1701377862150 1.0318819524405838 65
1701377874508 1.03285428610715 66
1701377879358 1.0303345098123922 67
1701377884026 1.03091107483034 68
1701377888642 1.0303648168390447 69
1701377893288 1.0340631333264438 70
1701377907262 1.0319853045723655 71
1701377911989 1.0319320265348855 72
1701377916620 1.0328602419271098 73
1701377921237 1.0318254650413217 74
1701377925958 1.0310121496002396 75
1701377938244 1.0328011582424115 76
1701377942929 1.0330063522636117 77
1701377947514 1.0312572880224748 78
1701377952152 1.0311832319606433 79
1701377959074 1.0317236757897712 80
1701377971475 1.0315548452464016 81
1701377976201 1.0326768454019126 82
1701377980859 1.0310185242008854 83
1701377985482 1.0339915017028907 84
1701377990027 1.0309033246783468 85
1701378002204 1.0329965933576806 86
1701378006899 1.032542279788426 87
1701378011543 1.0329893657139368 88
1701378016144 1.0308502061026437 89
1701378020691 1.0350159158954373 90
