1701377446695 0.29701567252051153 0
1701377463216 0.27753689035744195 1
1701377468051 0.32432640740290714 2
1701377472711 0.33870031986851923 3
1701377477341 0.35621306358326343 4
1701377481913 0.35156847635991406 5
1701377494262 0.3512962743471218 6
1701377498979 0.35108481329285834 7
1701377503616 0.3502702962537782 8
1701377508210 0.34905681110720826 9
1701377513737 0.3494922142548027 10
1701377529764 0.3460431842931225 11
1701377534563 0.34506149351064846 12
1701377539221 0.34900365621443696 13
1701377543844 0.3516368628998736 14
1701377548428 0.3484960581562553 15
1701377560669 0.34543154011174454 16
1701377565349 0.3506066732927598 17
1701377569981 0.3510281348297462 18
1701377574528 0.3516889203397582 19
1701377579095 0.34822521502881076 20
1701377591668 0.35000223733794167 21
1701377596412 0.34885182258918296 22
1701377601125 0.35033049565390334 23
1701377605737 0.35100954995714595 24
1701377610262 0.35284355497917996 25
1701377622751 0.35077567577835495 26
1701377627495 0.34894129798588397 27
1701377632123 0.34860001089220805 28
1701377636712 0.34730003184966113 29
1701377641240 0.34768355450501764 30
1701377653352 0.34856620347945827 31
1701377658069 0.3498561037592914 32
1701377662680 0.3477421125277196 33
1701377667244 0.35161847511088623 34
1701377671750 0.34731659861180897 35
1701377683791 0.3509886068746996 36
1701377688501 0.3490256154800613 37
1701377693105 0.34530659485774157 38
1701377697672 0.34953167314931494 39
1701377702192 0.3479676776583238 40
1701377719284 0.350122186609056 41
1701377724812 0.3474557388768999 42
1701377729451 0.34767605172113875 43
1701377734066 0.3496824328711492 44
1701377738606 0.3512772723944451 45
1701377750978 0.34725322679538967 46
1701377755705 0.3489722332417989 47
1701377760324 0.35167084605844723 48
1701377764911 0.3476216965113493 49
1701377769441 0.34969007445012296 50
1701377781507 0.34918758449558207 51
1701377786214 0.35012537323609544 52
1701377790857 0.3484727244443006 53
1701377795431 0.3512452943167765 54
1701377799970 0.3510485248125286 55
1701377811916 0.3487776929702728 56
1701377816599 0.3479509411926665 57
1701377821160 0.35285884594752104 58
1701377825696 0.34842556546592424 59
1701377830150 0.34786564008573134 60
1701377842241 0.3485710051851587 61
1701377846981 0.34933605150980807 62
1701377852819 0.34726776117765407 63
1701377857452 0.34868179353253836 64
1701377862015 0.3508336800598612 65
1701377874388 0.34833883340301997 66
1701377879237 0.3496462645991021 67
1701377883909 0.3464992630009438 68
1701377888524 0.349858535950837 69
1701377893170 0.347250409395967 70
1701377907143 0.3449252271338649 71
1701377911869 0.3484940690037576 72
1701377916501 0.34832953820627344 73
1701377921118 0.34988008351604877 74
1701377925840 0.3525721944469488 75
1701377938127 0.34523703036745124 76
1701377942809 0.3465021873138818 77
1701377947396 0.35115329683871915 78
1701377952034 0.3500231062100925 79
1701377958943 0.3513270999025391 80
1701377971357 0.3488370961601233 81
1701377976082 0.34874426499358496 82
1701377980741 0.3466545661722195 83
1701377985364 0.3495543774075503 84
1701377989908 0.346485258101113 85
1701378002083 0.34778306859390834 86
1701378006775 0.35001470996839346 87
1701378011424 0.3502454029441697 88
1701378016027 0.3487137556135666 89
1701378020574 0.3500236851072898 90
