1701374354681 0.48070607553366174 0
1701374373212 0.5566502463054187 1
1701374379780 0.6052955665024631 2
1701374385970 0.6639983579638752 3
1701374392131 0.6935550082101807 4
1701374398178 0.7288587848932676 5
1701374416581 0.7584154351395731 6
1701374422776 0.7900246305418719 7
1701374428774 0.8142446633825944 8
1701374434736 0.8327175697865353 9
1701374440685 0.8390804597701149 10
1701374454975 0.8487274220032841 11
1701374461004 0.8608374384236454 12
1701374466961 0.8690476190476191 13
1701374472901 0.8717159277504105 14
1701374478808 0.8762315270935961 15
1701374493210 0.8801313628899836 16
1701374499266 0.8838259441707718 17
1701374505453 0.8897783251231527 18
1701374511457 0.8901888341543513 19
1701374518837 0.8897783251231527 20
1701374533305 0.8897783251231527 21
1701374539441 0.8885467980295566 22
1701374545405 0.8914203612479474 23
1701374551462 0.8951149425287356 24
1701374557414 0.895320197044335 25
1701374571906 0.8918308702791461 26
1701374578010 0.896551724137931 27
1701374584034 0.8957307060755336 28
1701374590006 0.8949096880131363 29
1701374596030 0.8961412151067324 30
1701374611815 0.8951149425287356 31
1701374617931 0.8957307060755336 32
1701374623992 0.8957307060755336 33
1701374629967 0.8963464696223317 34
1701374636015 0.8971674876847291 35
1701374650556 0.896551724137931 36
1701374656651 0.8967569786535303 37
1701374662629 0.8973727422003284 38
1701374668609 0.8951149425287356 39
1701374674588 0.8951149425287356 40
1701374688922 0.8983990147783252 41
1701374694964 0.8981937602627258 42
1701374700957 0.8944991789819376 43
1701374706962 0.8971674876847291 44
1701374712874 0.8934729064039408 45
1701374727278 0.895935960591133 46
1701374733327 0.8967569786535303 47
1701374739312 0.8949096880131363 48
1701374745272 0.895320197044335 49
1701374751181 0.8961412151067324 50
1701374765620 0.8967569786535303 51
1701374771688 0.8918308702791461 52
1701374777682 0.8990147783251231 53
1701374783605 0.8996305418719212 54
1701374789496 0.8971674876847291 55
