1701374354796 1.004946519736371 0
1701374373363 0.9186156501177869 1
1701374379895 0.843667051760979 2
1701374386087 0.7645620290749993 3
1701374392246 0.7106851370506038 4
1701374398295 0.6425161476618324 5
1701374416746 0.5760379868005615 6
1701374422893 0.5207237617837058 7
1701374428890 0.46564721301490186 8
1701374434868 0.4341805960033454 9
1701374440801 0.4122264217707067 10
1701374455096 0.3906730405645433 11
1701374461123 0.36457415728592407 12
1701374467077 0.3428117365034577 13
1701374473017 0.33936748541648093 14
1701374478923 0.33703531495301553 15
1701374493326 0.3170771389907482 16
1701374499382 0.31086984763737596 17
1701374505569 0.30154377212321837 18
1701374511573 0.29927099846741734 19
1701374518954 0.296840160939039 20
1701374533423 0.29118995300305434 21
1701374539557 0.29267222663156345 22
1701374545520 0.2834248772146655 23
1701374551577 0.2824958766402762 24
1701374557531 0.2882808230184262 25
1701374572022 0.28621334042034896 26
1701374578125 0.2753816877120461 27
1701374584150 0.28037819943202086 28
1701374590124 0.2825378329048749 29
1701374596146 0.2801778149468447 30
1701374611931 0.28340114906332853 31
1701374618047 0.2816596124199481 32
1701374624109 0.27640875316912833 33
1701374630083 0.2789156212915782 34
1701374636130 0.27952813668773063 35
1701374650671 0.27619027701857823 36
1701374656767 0.2809275405031014 37
1701374662745 0.27812003953004977 38
1701374668724 0.2775714007370612 39
1701374674704 0.27934251599062504 40
1701374689040 0.2766418365968598 41
1701374695080 0.27686312999211105 42
1701374701072 0.2818535776212325 43
1701374707077 0.2793970765436397 44
1701374712989 0.2787913896289526 45
1701374727393 0.27910802386749806 46
1701374733443 0.27830247108648026 47
1701374739427 0.2768550472808819 48
1701374745387 0.27457144973324793 49
1701374751298 0.2787981690729366 50
1701374765735 0.2803537039682756 51
1701374771804 0.27810271018568206 52
1701374777798 0.273593974951046 53
1701374783722 0.2703741348646825 54
1701374789611 0.2793174067548677 55
