1701374354681 0.3936330589327716 0
1701374373212 0.45785007122326643 1
1701374379780 0.5268642870643945 2
1701374385970 0.6161669508464672 3
1701374392131 0.6617748238282323 4
1701374398178 0.709622112942513 5
1701374416581 0.7443306546477756 6
1701374422776 0.7826823882477951 7
1701374428774 0.8118059618819911 8
1701374434736 0.8313446099594696 9
1701374440685 0.8390120938776896 10
1701374454975 0.8491110729138921 11
1701374461004 0.862635552638677 12
1701374466961 0.8709849615578308 13
1701374472901 0.8729630489301682 14
1701374478808 0.8796717484922422 15
1701374493210 0.8818832575676949 16
1701374499266 0.8877465200644267 17
1701374505453 0.892832190513838 18
1701374511457 0.8909562792943105 19
1701374518837 0.8919871410517244 20
1701374533305 0.8923986307751708 21
1701374539441 0.8906124346869789 22
1701374545405 0.8937662952432919 23
1701374551462 0.8963817799828929 24
1701374557414 0.8977559413568516 25
1701374571906 0.8934872984392822 26
1701374578010 0.8977590959591097 27
1701374584034 0.8985081210853716 28
1701374590006 0.8980349381608611 29
1701374596030 0.8990447470565148 30
1701374611815 0.8975843702423579 31
1701374617931 0.898084370242358 32
1701374623992 0.8970899770685294 33
1701374629967 0.8996327123422816 34
1701374636015 0.8998609148224542 35
1701374650556 0.8993805326137615 36
1701374656651 0.8997431352464978 37
1701374662629 0.8996308051091549 38
1701374668609 0.894958731518224 39
1701374674588 0.8965777159489624 40
1701374688922 0.9004837562337955 41
1701374694964 0.9001113447054055 42
1701374700957 0.8963104352737332 43
1701374706962 0.8990624576146953 44
1701374712874 0.8970445896689568 45
1701374727278 0.8972738093025902 46
1701374733327 0.8991479706765487 47
1701374739312 0.8964159537301226 48
1701374745272 0.899362664668023 49
1701374751181 0.8982340287291888 50
1701374765620 0.8987487420726693 51
1701374771688 0.8940751063374911 52
1701374777682 0.9003812349921062 53
1701374783605 0.901486208457709 54
1701374789496 0.9006912509410875 55
