1701374354681 0.35526658827628493 0
1701374373212 0.4202990726360451 1
1701374379780 0.5266227402895584 2
1701374385970 0.6291849707580441 3
1701374392131 0.6713960665486355 4
1701374398178 0.7154152781919146 5
1701374416581 0.7456076408581138 6
1701374422776 0.7814949379932035 7
1701374428774 0.8079865571830385 8
1701374434736 0.8264797091383641 9
1701374440685 0.8343751301415292 10
1701374454975 0.8442683866771591 11
1701374461004 0.8571336809324538 12
1701374466961 0.8655607991094777 13
1701374472901 0.8677909962446199 14
1701374478808 0.8724882157375284 15
1701374493210 0.8774961812322571 16
1701374499266 0.8815562936004575 17
1701374505453 0.886308307022042 18
1701374511457 0.886606276009758 19
1701374518837 0.8862049867450447 20
1701374533305 0.8871109835471344 21
1701374539441 0.8850038166124508 22
1701374545405 0.8878133659973618 23
1701374551462 0.8913059441775205 24
1701374557414 0.8920473003028246 25
1701374571906 0.8878005190074951 26
1701374578010 0.892978143899498 27
1701374584034 0.8926930355799056 28
1701374590006 0.8932749433374894 29
1701374596030 0.8936282107617973 30
1701374611815 0.8927534715232214 31
1701374617931 0.892553763426835 32
1701374623992 0.8932960169821179 33
1701374629967 0.8934455210942422 34
1701374636015 0.8940518338882049 35
1701374650556 0.893748022425109 36
1701374656651 0.8928661830042713 37
1701374662629 0.8942482137085129 38
1701374668609 0.8910070006614159 39
1701374674588 0.8914090541152245 40
1701374688922 0.8953792080009887 41
1701374694964 0.8946314773045762 42
1701374700957 0.8908214046804522 43
1701374706962 0.8942136553852628 44
1701374712874 0.8901137698358603 45
1701374727278 0.8922983003469372 46
1701374733327 0.8937292413754699 47
1701374739312 0.891527156413385 48
1701374745272 0.8930549343491161 49
1701374751181 0.8922671741636122 50
1701374765620 0.893553655195138 51
1701374771688 0.8893118278951149 52
1701374777682 0.8953531237654122 53
1701374783605 0.896040911705934 54
1701374789496 0.8944409360588423 55
