1701374354681 0.4282924361131755 0
1701374373212 0.5253953383891314 1
1701374379780 0.6045431640806775 2
1701374385970 0.671928502476263 3
1701374392131 0.696231198652994 4
1701374398178 0.7325762322860809 5
1701374416581 0.7552657834673703 6
1701374422776 0.787527455698059 7
1701374428774 0.8102743339929875 8
1701374434736 0.82745504915877 9
1701374440685 0.8342742778670905 10
1701374454975 0.8442316220171685 11
1701374461004 0.8562662643806093 12
1701374466961 0.8643255396126599 13
1701374472901 0.8667310843729167 14
1701374478808 0.8705133667804557 15
1701374493210 0.876679457296829 16
1701374499266 0.8789049994462085 17
1701374505453 0.8831553605763451 18
1701374511457 0.8847732031593845 19
1701374518837 0.8841072242631082 20
1701374533305 0.8853009574808528 21
1701374539441 0.8822664035003372 22
1701374545405 0.8850317993176353 23
1701374551462 0.8893109540977789 24
1701374557414 0.8898381650556596 25
1701374571906 0.8853631549716905 26
1701374578010 0.8910532674956201 27
1701374584034 0.8900430130960876 28
1701374590006 0.8914981054445232 29
1701374596030 0.891296463543488 30
1701374611815 0.8911742305752308 31
1701374617931 0.8903424053424054 32
1701374623992 0.8920410068641217 33
1701374629967 0.8900787522505088 34
1701374636015 0.8917762080160637 35
1701374650556 0.8909753373361768 36
1701374656651 0.8893441427101115 37
1701374662629 0.8920262935603903 38
1701374668609 0.8900541751631169 39
1701374674588 0.8895325152018408 40
1701374688922 0.8930793706480231 41
1701374694964 0.8922517378399731 42
1701374700957 0.8878583415326126 43
1701374706962 0.8923611364612339 44
1701374712874 0.8868065245712428 45
1701374727278 0.8899906480293502 46
1701374733327 0.891123612113354 47
1701374739312 0.8894418495295539 48
1701374745272 0.8903306235674945 49
1701374751181 0.8894327989875038 50
1701374765620 0.8911526899151966 51
1701374771688 0.8880536858774436 52
1701374777682 0.8932974988163345 53
1701374783605 0.8935227931355687 54
1701374789496 0.8912991505744197 55
