1701382089353 0.26767326348085446 0
1701382107411 0.2649505106937866 1
1701382113190 0.36572569315041425 2
1701382118831 0.2944010763271985 3
1701382124458 0.34645303234183505 4
1701382130066 0.3355070210523461 5
1701382147533 0.3483767903021198 6
1701382153293 0.34030542494904287 7
1701382158981 0.34162373133487733 8
1701382164588 0.3378970633913487 9
1701382170179 0.34381291337201975 10
1701382187663 0.3398517925173774 11
1701382193376 0.3412266850680575 12
1701382199000 0.3424005991621606 13
1701382204620 0.3413264852824394 14
1701382210162 0.3397149732874609 15
1701382223597 0.3435293025300306 16
1701382229219 0.34113004033544486 17
1701382234834 0.3394319781503991 18
1701382240407 0.34049093317628 19
1701382245947 0.34094461808930204 20
1701382259530 0.3433294807927533 21
1701382265211 0.34346524154658375 22
1701382270797 0.33864000757467716 23
1701382276396 0.3433903362232947 24
1701382281946 0.3425614327926218 25
1701382295482 0.34242602648413883 26
1701382301025 0.3426399624191246 27
1701382306488 0.34420835735372735 28
1701382312052 0.34039633626586024 29
1701382317521 0.3441796775130108 30
1701382331119 0.3397933613120931 31
1701382336680 0.3426363370216608 32
1701382342159 0.34035890362344623 33
1701382347734 0.34333931149977376 34
1701382353283 0.3401624819436928 35
1701382371098 0.3399050211744082 36
1701382376852 0.34161759892147997 37
1701382382510 0.3394412450995645 38
1701382388135 0.3402655048437267 39
1701382393698 0.3414925390715878 40
1701382407178 0.343608514805414 41
1701382412770 0.3428814369588115 42
1701382419262 0.33898802619237384 43
1701382424740 0.3415154867260961 44
1701382430343 0.3422405753376518 45
1701382443881 0.3397933613120931 46
1701382449467 0.34241073863911625 47
1701382454944 0.3426995593382058 48
1701382460514 0.3442491724983309 49
1701382466150 0.33960479665074456 50
1701382479781 0.341343393046718 51
1701382485385 0.3416582152542424 52
1701382490955 0.33814941349784555 53
1701382496622 0.34068514696179447 54
1701382503000 0.3405393348183761 55
1701382518230 0.3428574219135337 56
1701382523869 0.34283104544647974 57
1701382529440 0.3398649695883605 58
1701382535239 0.3423174744080204 59
1701382540835 0.34193140670301175 60
1701382554449 0.341587914876407 61
1701382560250 0.3426215028726251 62
1701382566511 0.3406330649513412 63
1701382572100 0.340947383245285 64
1701382577737 0.3402655048437267 65
1701382593007 0.3411549249247134 66
1701382599607 0.34391569421761287 67
1701382605356 0.3400660912769405 68
1701382611068 0.3417970917742614 69
1701382617091 0.3410349923467216 70
1701382631387 0.3404162830018134 71
1701382637064 0.34306432364091916 72
1701382642638 0.3415577495270458 73
1701382648199 0.3422744748635836 74
1701382653818 0.34008630646308385 75
1701382667819 0.34336043961972046 76
1701382673497 0.3426146764460278 77
1701382679147 0.34052442238555525 78
1701382684800 0.34265415246094527 79
1701382690407 0.3383887377792459 80
1701382707569 0.34288997370843965 81
1701382713561 0.34037711520306063 82
1701382719164 0.34056354935421046 83
1701382724852 0.3435956783870693 84
1701382730436 0.3405441338190653 85
