1701382089353 0.33406637869529937 0
1701382107411 0.3511670049044478 1
1701382113190 0.4065432098765432 2
1701382118831 0.3783460172501268 3
1701382124458 0.4035767799763233 4
1701382130066 0.39887324539151026 5
1701382147533 0.40477777777777774 6
1701382153293 0.40030466768138 7
1701382158981 0.401647809910367 8
1701382164588 0.3987703365465922 9
1701382170179 0.40301056993066126 10
1701382187663 0.4001306443429731 11
1701382193376 0.40049340436326736 12
1701382199000 0.40199340436326736 13
1701382204620 0.4013095721292068 14
1701382210162 0.3991453576864536 15
1701382223597 0.403003213258921 16
1701382229219 0.4013071199052934 17
1701382234834 0.3994664299002199 18
1701382240407 0.4009639776763065 19
1701382245947 0.4008120243531202 20
1701382259530 0.4028340943683409 21
1701382265211 0.4021870454929816 22
1701382270797 0.3987899543378995 23
1701382276396 0.40316252325384744 24
1701382281946 0.40199830881109416 25
1701382295482 0.40248359546761375 26
1701382301025 0.4023267376966007 27
1701382306488 0.40383899881616775 28
1701382312052 0.40030711990529344 29
1701382317521 0.40302283105022835 30
1701382331119 0.3996380010147133 31
1701382336680 0.4021625232538475 32
1701382342159 0.4001429054625401 33
1701382347734 0.4033242854726873 34
1701382353283 0.40030221545746664 35
1701382371098 0.4002948587857264 36
1701382376852 0.4013193810248605 37
1701382382510 0.39978995433789954 38
1701382388135 0.39997623879587346 39
1701382393698 0.4014786910197869 40
1701382407178 0.4033316421444275 41
1701382412770 0.40282183324877385 42
1701382419262 0.3984737865719601 43
1701382424740 0.40066497547776087 44
1701382430343 0.40199095213935393 45
1701382443881 0.3996380010147133 46
1701382449467 0.4016674277016743 47
1701382454944 0.4026551665821072 48
1701382460514 0.4040007610350076 49
1701382466150 0.40044926433282596 50
1701382479781 0.40098604769152707 51
1701382485385 0.4018095721292068 52
1701382490955 0.3984517165567394 53
1701382496622 0.4003144765770337 54
1701382503000 0.40030957212920687 55
1701382518230 0.4018439032639946 56
1701382523869 0.40314780991036697 57
1701382529440 0.3998022154574666 58
1701382535239 0.4015007610350076 59
1701382540835 0.40100076103500754 60
1701382554449 0.4018095721292068 61
1701382560250 0.4023242854726872 62
1701382566511 0.4003144765770337 63
1701382572100 0.40097623879587346 64
1701382577737 0.39997623879587346 65
1701382593007 0.400490952139354 66
1701382599607 0.40350321325892097 67
1701382605356 0.4002973110096398 68
1701382611068 0.4013242854726873 69
1701382617091 0.4008144765770337 70
1701382631387 0.400961525452393 71
1701382637064 0.402990952139354 72
1701382642638 0.40099095213935393 73
1701382648199 0.40198849991544056 74
1701382653818 0.4001355487907999 75
1701382667819 0.4026723321495011 76
1701382673497 0.40199830881109416 77
1701382679147 0.4004737865719601 78
1701382684800 0.4021625232538475 79
1701382690407 0.398949264332826 80
1701382707569 0.40233164214442757 81
1701382713561 0.4004688821241333 82
1701382719164 0.4008022154574666 83
1701382724852 0.4028414510400811 84
1701382730436 0.4006380010147133 85
