1701382089475 1.0535196279868102 0
1701382107558 1.0429226053066742 1
1701382113303 1.0414910591565645 2
1701382118955 1.0405629781576304 3
1701382124575 1.0445730502788837 4
1701382130181 1.0395231751295237 5
1701382147686 1.0369048898036664 6
1701382153411 1.0370518274796314 7
1701382159099 1.0397150485943525 8
1701382164720 1.0394731973990416 9
1701382170297 1.0390422879121242 10
1701382187811 1.0346989631652832 11
1701382193495 1.0390960023953364 12
1701382199125 1.0369635728689341 13
1701382204744 1.0366712441811194 14
1701382210281 1.036958913008372 15
1701382223716 1.0413255233031053 16
1701382229337 1.0369324195079315 17
1701382234967 1.0391717767104125 18
1701382240525 1.0415922219936664 19
1701382246065 1.0348270825850658 20
1701382259664 1.0413868855207393 21
1701382265328 1.0370796980001988 22
1701382270929 1.0371104922050085 23
1701382276521 1.0373050952569032 24
1701382282075 1.0368356781128125 25
1701382295601 1.0391705357111418 26
1701382301143 1.0347472903056023 27
1701382306606 1.0415815374790094 28
1701382312175 1.0373430909254613 29
1701382317662 1.0393426922651439 30
1701382331239 1.0346566285842504 31
1701382336797 1.0347452927858403 32
1701382342276 1.0368530307060633 33
1701382347856 1.0412978239548512 34
1701382353415 1.0365990996360779 35
1701382371247 1.0367178198618767 36
1701382376969 1.0344501397548578 37
1701382382628 1.0391638829157903 38
1701382388266 1.0414479420735285 39
1701382393816 1.034710401143783 40
1701382407297 1.041397255200606 41
1701382412886 1.036865967970628 42
1701382419381 1.0344012883993297 43
1701382424859 1.039455994581565 44
1701382430461 1.043890276016333 45
1701382444000 1.0392755499252906 46
1701382449585 1.041502290811294 47
1701382455064 1.0391965890542054 48
1701382460630 1.0390299191841712 49
1701382466265 1.0437665841518304 50
1701382479904 1.036630364564749 51
1701382485504 1.0371519464712877 52
1701382491075 1.0392096867928138 53
1701382496740 1.0368047478871467 54
1701382503118 1.0391732179201567 55
1701382518351 1.0391789628909185 56
1701382523985 1.0391187301048865 57
1701382529557 1.0416786808233995 58
1701382535357 1.036982007515736 59
1701382540954 1.039548933506012 60
1701382554568 1.0389318557885976 61
1701382560386 1.0392962036988673 62
1701382566632 1.039159187903771 63
1701382572218 1.043957600226769 64
1701382577858 1.0370088815689087 65
1701382593130 1.0347649439787254 66
1701382599725 1.039290875960619 67
1701382605474 1.0370297401379316 68
1701382611187 1.0412905292633252 69
1701382617210 1.0439224533545666 70
1701382631505 1.0371031852868886 71
1701382637183 1.0392803855431385 72
1701382642756 1.0393081720058734 73
1701382648325 1.039129873116811 74
1701382653937 1.0369837008989775 75
1701382667939 1.0345129523521814 76
1701382673615 1.0418314735094707 77
1701382679266 1.0416706785177574 78
1701382684924 1.0391974204625838 79
1701382690532 1.0343185357558422 80
1701382707702 1.037054798541925 81
1701382713683 1.039048997255472 82
1701382719282 1.0343124652520204 83
1701382724971 1.0414409056687965 84
1701382730556 1.0345008633075616 85
