1701382089353 0.4016830870279146 0
1701382107411 0.4316502463054187 1
1701382113190 0.49692118226600984 2
1701382118831 0.4649014778325123 3
1701382124458 0.49507389162561577 4
1701382130066 0.4895320197044335 5
1701382147533 0.4965106732348112 6
1701382153293 0.49117405582922824 7
1701382158981 0.492816091954023 8
1701382164588 0.48932676518883417 9
1701382170179 0.4944581280788177 10
1701382187663 0.4909688013136289 11
1701382193376 0.49137931034482757 12
1701382199000 0.4932266009852217 13
1701382204620 0.4924055829228243 14
1701382210162 0.4897372742200328 15
1701382223597 0.4944581280788177 16
1701382229219 0.4924055829228243 17
1701382234834 0.49014778325123154 18
1701382240407 0.4919950738916256 19
1701382245947 0.4917898193760263 20
1701382259530 0.4942528735632184 21
1701382265211 0.493431855500821 22
1701382270797 0.48932676518883417 23
1701382276396 0.49466338259441706 24
1701382281946 0.4932266009852217 25
1701382295482 0.4938423645320197 26
1701382301025 0.49363711001642036 27
1701382306488 0.4954844006568144 28
1701382312052 0.49117405582922824 29
1701382317521 0.4944581280788177 30
1701382331119 0.49035303776683087 31
1701382336680 0.493431855500821 32
1701382342159 0.4909688013136289 33
1701382347734 0.49486863711001644 34
1701382353283 0.49117405582922824 35
1701382371098 0.49117405582922824 36
1701382376852 0.4924055829228243 37
1701382382510 0.4905582922824302 38
1701382388135 0.4907635467980296 39
1701382393698 0.49261083743842365 40
1701382407178 0.49486863711001644 41
1701382412770 0.4942528735632184 42
1701382419262 0.48891625615763545 43
1701382424740 0.49158456486042695 44
1701382430343 0.4932266009852217 45
1701382443881 0.49035303776683087 46
1701382449467 0.492816091954023 47
1701382454944 0.49404761904761907 48
1701382460514 0.4956896551724138 49
1701382466150 0.49137931034482757 50
1701382479781 0.4919950738916256 51
1701382485385 0.4930213464696223 52
1701382490955 0.48891625615763545 53
1701382496622 0.49117405582922824 54
1701382503000 0.49117405582922824 55
1701382518230 0.4930213464696223 56
1701382523869 0.49466338259441706 57
1701382529440 0.4905582922824302 58
1701382535239 0.49261083743842365 59
1701382540835 0.4919950738916256 60
1701382554449 0.4930213464696223 61
1701382560250 0.49363711001642036 62
1701382566511 0.49117405582922824 63
1701382572100 0.4919950738916256 64
1701382577737 0.4907635467980296 65
1701382593007 0.49137931034482757 66
1701382599607 0.49507389162561577 67
1701382605356 0.49117405582922824 68
1701382611068 0.4924055829228243 69
1701382617091 0.4917898193760263 70
1701382631387 0.4919950738916256 71
1701382637064 0.4944581280788177 72
1701382642638 0.4919950738916256 73
1701382648199 0.4932266009852217 74
1701382653818 0.4909688013136289 75
1701382667819 0.49404761904761907 76
1701382673497 0.4932266009852217 77
1701382679147 0.49137931034482757 78
1701382684800 0.493431855500821 79
1701382690407 0.4895320197044335 80
1701382707569 0.49363711001642036 81
1701382713561 0.49137931034482757 82
1701382719164 0.4917898193760263 83
1701382724852 0.4942528735632184 84
1701382730436 0.49158456486042695 85
