1701382089353 0.34613038303950266 0
1701382107411 0.32677543661525355 1
1701382113190 0.3326736740397535 2
1701382118831 0.40576796849360025 3
1701382124458 0.3826102576139769 4
1701382130066 0.3893428446201128 5
1701382147533 0.38110200800790667 6
1701382153293 0.3841336929850064 7
1701382158981 0.3850717493624704 8
1701382164588 0.3841129221080195 9
1701382170179 0.3867727507947069 10
1701382187663 0.3836011156169259 11
1701382193376 0.3827050097412836 12
1701382199000 0.38581428162477055 13
1701382204620 0.38671087757294603 14
1701382210162 0.3818598468161407 15
1701382223597 0.38705532204657717 16
1701382229219 0.38542374621426 17
1701382234834 0.3821465078781221 18
1701382240407 0.38522541744517075 19
1701382245947 0.3843492142296736 20
1701382259530 0.3871471867699549 21
1701382265211 0.38381308070686826 22
1701382270797 0.3827269147562638 23
1701382276396 0.3879078784481349 24
1701382281946 0.3852331661179611 25
1701382295482 0.3874907662839299 26
1701382301025 0.38621991783644244 27
1701382306488 0.38777562367397156 28
1701382312052 0.3839627502030322 29
1701382317521 0.38498693370351655 30
1701382331119 0.3828451238018396 31
1701382336680 0.3862032353392786 32
1701382342159 0.3834711013553762 33
1701382347734 0.38859264582584735 34
1701382353283 0.38358420842230484 35
1701382371098 0.3843383983321395 36
1701382376852 0.3850416431918731 37
1701382382510 0.38517378679602876 38
1701382388135 0.38362667909687675 39
1701382393698 0.386128022175453 40
1701382407178 0.388056011009059 41
1701382412770 0.3880334685077768 42
1701382419262 0.38045180937833295 43
1701382424740 0.3824603550604886 44
1701382430343 0.38503201807938714 45
1701382443881 0.3828451238018396 46
1701382449467 0.38466104355912795 47
1701382454944 0.38697611141195365 48
1701382460514 0.3896736872523625 49
1701382466150 0.38603816552702647 50
1701382479781 0.3841606823669604 51
1701382485385 0.38695907811898733 52
1701382490955 0.38169711449687 53
1701382496622 0.3836918680418513 54
1701382503000 0.3845120464894063 55
1701382518230 0.38384295122389567 56
1701382523869 0.3887401374976119 57
1701382529440 0.38381581579704166 58
1701382535239 0.3848137059214904 59
1701382540835 0.3838584122787692 60
1701382554449 0.38598292353233066 61
1701382560250 0.38736225270814445 62
1701382566511 0.3829814453433791 63
1701382572100 0.38436339429612504 64
1701382577737 0.38362667909687675 65
1701382593007 0.38310416204627784 66
1701382599607 0.38802655421926 67
1701382605356 0.3851387379988993 68
1701382611068 0.3846997645699594 69
1701382617091 0.38417893543085163 70
1701382631387 0.38564510645734473 71
1701382637064 0.3876937627363228 72
1701382642638 0.3842963357988052 73
1701382648199 0.3868872183383547 74
1701382653818 0.38398148842792307 75
1701382667819 0.3862384374439088 76
1701382673497 0.3859469723012163 77
1701382679147 0.3842856446407504 78
1701382684800 0.38644332328008835 79
1701382690407 0.3821131317520927 80
1701382707569 0.3868327313797768 81
1701382713561 0.3851154085697119 82
1701382719164 0.3847955194310269 83
1701382724852 0.3866246869610969 84
1701382730436 0.38454024281981064 85
