1700144368155 0.3298563605837654 0
1700144412259 0.33171033707538733 1
1700144450725 0.332094715650051 2
1700144488242 0.3298642278855369 3
1700144526877 0.3358690208892878 4
1700144564015 0.33380864948202577 5
1700144609040 0.3327846171322803 6
1700144647625 0.3307482409954212 7
1700144685240 0.3338863484528544 8
1700144723394 0.3345587592425927 9
1700144760608 0.33888609365530115 10
1700144805566 0.33107896737655673 11
1700144842503 0.3306522411821385 12
1700144879956 0.3353379686538787 13
1700144917029 0.33164645271183596 14
1700144954001 0.335066687230295 15
1700144998835 0.3362270393149019 16
1700145035897 0.34041968364811576 17
1700145073864 0.3429746554592457 18
1700145110850 0.34562924229613906 19
1700145149094 0.3668659557229567 20
1700145195279 0.37023568965671133 21
1700145234339 0.41799031443366746 22
1700145273186 0.43052428420174343 23
1700145311903 0.4436325165369294 24
1700145350943 0.4915818950885822 25
1700145398439 0.5104696536912984 26
1700145437201 0.5420427029183664 27
1700145476191 0.5775517232375832 28
1700145515503 0.5932057070775314 29
1700145554273 0.6027243174661535 30
1700145601335 0.6200029763926497 31
1700145640755 0.6295101606595358 32
1700145679347 0.6426683086720882 33
1700145718603 0.6509472331108611 34
1700145755624 0.6591753388123853 35
1700145801092 0.6686599022426211 36
1700145838018 0.6739336204288858 37
1700145875421 0.6850541582596065 38
1700145912995 0.6868509886385058 39
1700145949701 0.6968947958430493 40
1700145994461 0.7072242946509939 41
1700146031124 0.7064932292877003 42
1700146067771 0.7129966475721448 43
1700146104502 0.7154078933411703 44
1700146142442 0.7216420275573947 45
1700146187680 0.7256787037556421 46
1700146224000 0.7311433582654865 47
1700146260663 0.736950839529997 48
1700146297465 0.7380305873637001 49
1700146333460 0.7408016165401538 50
1700146377096 0.748665870111593 51
1700146413335 0.7529214980041766 52
1700146449471 0.7535380624741217 53
1700146485496 0.7545982732634493 54
1700146521835 0.7627404205382945 55
1700146565403 0.7643003237522298 56
1700146601332 0.7652356515260667 57
1700146637660 0.7669357150287212 58
1700146673661 0.7711872535179266 59
1700146709589 0.7750004859862885 60
1700146753216 0.7738722363317582 61
1700146789639 0.7773135713290333 62
1700146825676 0.7781442504083288 63
1700146861610 0.7803199514034644 64
1700146897974 0.7833142501115017 65
1700146941596 0.7839240782017064 66
1700146977574 0.7865487536526902 67
1700147013399 0.7841774884886136 68
1700147050920 0.7887305769988212 69
1700147086863 0.7906544247797908 70
1700147130390 0.7892681369929919 71
1700147168097 0.794078283876566 72
1700147205191 0.7923595232609849 73
1700147241665 0.7960441964311386 74
1700147278857 0.7974956134891672 75
1700147323027 0.799017649133539 76
1700147360025 0.8006259700628912 77
1700147397309 0.8009685150057019 78
1700147438059 0.8011373215441107 79
1700147482666 0.8019886702737918 80
1700147533937 0.8028302462219612 81
1700147577161 0.8044751923443645 82
