1700144368159 1.098004659823386 0
1700144412264 1.097893801782404 1
1700144450730 1.0978615950394381 2
1700144488246 1.0979343197442508 3
1700144526882 1.0977219701693066 4
1700144564021 1.0977723732645661 5
1700144609044 1.0978221556797239 6
1700144647629 1.0978127181310056 7
1700144685245 1.0977354984441807 8
1700144723399 1.09764067647202 9
1700144760612 1.097588159061446 10
1700144805570 1.0977237011233818 11
1700144842508 1.0977167456352404 12
1700144879960 1.097583294574625 13
1700144917034 1.0976339050764528 14
1700144954006 1.0975841609314358 15
1700144998839 1.0974489626409383 16
1700145035906 1.0972678881289775 17
1700145073870 1.097105758656435 18
1700145110855 1.096714448005071 19
1700145149100 1.0959735684289265 20
1700145195283 1.094381763706348 21
1700145234344 1.0913586040264567 22
1700145273191 1.0831052872087683 23
1700145311908 1.0609996203346885 24
1700145350950 1.0191765480375818 25
1700145398447 0.9822836524885958 26
1700145437206 0.9455589477206509 27
1700145476196 0.9011661038627484 28
1700145515509 0.8678154391116322 29
1700145554278 0.8405099445163544 30
1700145601340 0.8203719035065922 31
1700145640759 0.8013227636963679 32
1700145679351 0.782043646952323 33
1700145718607 0.7700374972116464 34
1700145755629 0.7544018674600608 35
1700145801097 0.7419803904651275 36
1700145838022 0.7275124820725944 37
1700145875428 0.7150221784286394 38
1700145913001 0.7046085533400743 39
1700145949706 0.6931813313622316 40
1700145994466 0.6842482439156388 41
1700146031130 0.6739217500405118 42
1700146067777 0.6644097257034365 43
1700146104509 0.6562855832031292 44
1700146142447 0.6481049609580163 45
1700146187686 0.6398385375518201 46
1700146224004 0.6302608200984687 47
1700146260668 0.6221044980731837 48
1700146297470 0.6153631553988615 49
1700146333465 0.610632998806964 50
1700146377101 0.5994168780056753 51
1700146413339 0.596826895081689 52
1700146449476 0.5883897385144146 53
1700146485501 0.5847576428273508 54
1700146521840 0.5748231623225546 55
1700146565408 0.5684773129620675 56
1700146601337 0.5672583186868372 57
1700146637664 0.560754147292943 58
1700146673665 0.5552892291237947 59
1700146709594 0.5482355965459479 60
1700146753221 0.543269042654231 61
1700146789644 0.5424233400623737 62
1700146825681 0.5361126899389324 63
1700146861615 0.5337873647243774 64
1700146897979 0.5287088581336821 65
1700146941601 0.5264706877764741 66
1700146977579 0.5235215741659882 67
1700147013404 0.5201167660005858 68
1700147050924 0.5159149041255022 69
1700147086868 0.5130365463420474 70
1700147130396 0.5095805342676895 71
1700147168102 0.5075450428517542 72
1700147205195 0.5043876508175227 73
1700147241671 0.5026307186297385 74
1700147278862 0.49947573992379035 75
1700147323032 0.49762418313549894 76
1700147360030 0.49387450505226743 77
1700147397314 0.4932697619899173 78
1700147438064 0.4909453090706435 79
1700147482672 0.48916966069448475 80
1700147533942 0.4859019583606632 81
1700147577167 0.4848174715613967 82
