1700144368151 0.3405813819356327 0
1700144412256 0.3444457261506517 1
1700144450722 0.34340754412273616 2
1700144488239 0.34219633175683467 3
1700144526866 0.3473872418964125 4
1700144564011 0.3458876456338678 5
1700144609036 0.34548390817856733 6
1700144647621 0.34340754412273616 7
1700144685237 0.34634905986849696 8
1700144723390 0.3460029991925251 9
1700144760604 0.35004037374553004 10
1700144805563 0.34363825124005076 11
1700144842499 0.34306148344676435 12
1700144879952 0.3470988579997693 13
1700144917026 0.34427269581266584 14
1700144953998 0.3479640096896989 15
1700144998832 0.34934825239358636 16
1700145035892 0.35090552543545966 17
1700145073860 0.3558080516783943 18
1700145110847 0.35955704233475605 19
1700145149090 0.3799746222170954 20
1700145195276 0.38389664321144307 21
1700145234335 0.43147998615757294 22
1700145273182 0.44526473641711845 23
1700145311899 0.45720382973814744 24
1700145350939 0.4933094935978775 25
1700145398435 0.5080170723266813 26
1700145437197 0.538701118929519 27
1700145476186 0.5729611258507324 28
1700145515499 0.5890529472834237 29
1700145554269 0.5989156765486215 30
1700145601331 0.6165070942438574 31
1700145640751 0.6256777021571115 32
1700145679343 0.638828007844042 33
1700145718599 0.6470757872880378 34
1700145755620 0.6549198292767332 35
1700145801088 0.6642634675279733 36
1700145838014 0.6693390241088938 37
1700145875417 0.6805283192986503 38
1700145912991 0.6823162994578382 39
1700145949697 0.6922943822816934 40
1700145994456 0.7026185257815204 41
1700146031120 0.7018110508709193 42
1700146067767 0.7083862037143845 43
1700146104498 0.7104048909908871 44
1700146142438 0.7169223670550237 45
1700146187676 0.7211904487253432 46
1700146223996 0.7264390356442496 47
1700146260658 0.7323220671357712 48
1700146297461 0.7333602491636867 49
1700146333456 0.7363594416887761 50
1700146377093 0.7442034836774715 51
1700146413331 0.7485292421271196 52
1700146449467 0.7489906563617488 53
1700146485492 0.7503172222863075 54
1700146521831 0.7584496481716461 55
1700146565399 0.7600645979928481 56
1700146601328 0.7609874264621064 57
1700146637656 0.762833083400623 58
1700146673657 0.7669858115122852 59
1700146709585 0.7708501557273042 60
1700146753212 0.76975429692006 61
1700146789635 0.7732725804591072 62
1700146825672 0.7741377321490368 63
1700146861606 0.7762717729841966 64
1700146897969 0.7793286422886146 65
1700146941592 0.7799630868612296 66
1700146977570 0.7825585419310186 67
1700147013395 0.7801361171992156 68
1700147050916 0.7848656131041643 69
1700147086859 0.7867112700426808 70
1700147130385 0.7853270273387934 71
1700147168093 0.790229553581728 72
1700147205187 0.7885569269811974 73
1700147241661 0.7923059176375591 74
1700147278853 0.7936901603414466 75
1700147323023 0.7951320798246626 76
1700147360022 0.7969200599838505 77
1700147397304 0.7971507671011651 78
1700147438054 0.7974391509978083 79
1700147482662 0.7982466259084092 80
1700147533933 0.799111777598339 81
1700147577155 0.8008420809781982 82
