1700144368158 0.22701360076836086 0
1700144412263 0.2275555534090092 1
1700144450728 0.3189762470546646 2
1700144488246 0.22517755712803122 3
1700144526881 0.23199361646373928 4
1700144564020 0.22942384687851006 5
1700144609043 0.22885154305773034 6
1700144647628 0.22590974976302514 7
1700144685244 0.22939021053768216 8
1700144723398 0.2301306440236391 9
1700144760611 0.23319994955071102 10
1700144805570 0.22627473294596098 11
1700144842507 0.2268966335069564 12
1700144879959 0.2303015526553317 13
1700144917033 0.2289042685098566 14
1700144954006 0.23421839013837706 15
1700144998838 0.23497714128239533 16
1700145035905 0.2343031509381194 17
1700145073868 0.2423603444588819 18
1700145110854 0.3174144747708871 19
1700145149099 0.2674829153085888 20
1700145195283 0.283663008220664 21
1700145234344 0.2935747920109802 22
1700145273190 0.3290715849474665 23
1700145311907 0.5046661287339783 24
1700145350948 0.49508637063982314 25
1700145398446 0.5011725237131146 26
1700145437205 0.531879691114734 27
1700145476195 0.5646473551743615 28
1700145515508 0.5830864490586923 29
1700145554278 0.595182942147642 30
1700145601339 0.6155020593372122 31
1700145640758 0.6236884206550662 32
1700145679350 0.6380965975812255 33
1700145718607 0.6472004885011651 34
1700145755628 0.6542183767723602 35
1700145801096 0.6636664716734242 36
1700145838021 0.6683650930296468 37
1700145875426 0.6803260163060308 38
1700145913000 0.681796179509823 39
1700145949705 0.6920944559719184 40
1700145994465 0.7028796577570494 41
1700146031130 0.7023478499023638 42
1700146067775 0.7092217424469899 43
1700146104507 0.7104723991470593 44
1700146142446 0.7183512453565459 45
1700146187685 0.7235194666855751 46
1700146224004 0.7281368005801024 47
1700146260667 0.7339620299583608 48
1700146297469 0.7354291545094128 49
1700146333464 0.7395689351811267 50
1700146377100 0.7469786039608507 51
1700146413338 0.752021282030677 52
1700146449475 0.7519916262175043 53
1700146485500 0.7547621987090234 54
1700146521839 0.7623434415215353 55
1700146565407 0.7641287718583353 56
1700146601336 0.7652991899522634 57
1700146637664 0.768582639680291 58
1700146673664 0.7712891977461515 59
1700146709593 0.7760080554474197 60
1700146753220 0.7753287241551078 61
1700146789644 0.7787691900595326 62
1700146825680 0.7803258593913825 63
1700146861614 0.781901208207509 64
1700146897978 0.7854169891110051 65
1700146941600 0.7864620472566722 66
1700146977578 0.7884157495850524 67
1700147013403 0.7861540485318067 68
1700147050924 0.7914318900043642 69
1700147086867 0.7932433270726195 70
1700147130395 0.7917573374008399 71
1700147168102 0.7966319336610082 72
1700147205195 0.7955371179869181 73
1700147241669 0.7992164622202829 74
1700147278861 0.8004993869885052 75
1700147323031 0.8013252025532452 76
1700147360030 0.8045983350808692 77
1700147397313 0.8037280857980408 78
1700147438063 0.8046377433808093 79
1700147482671 0.805273248696487 80
1700147533941 0.8067432312914437 81
1700147577166 0.8080907522859394 82
