1700144368145 0.26892105044639336 0
1700144412250 0.23710141036791435 1
1700144450720 0.2704580753849606 2
1700144488235 0.2471202201299795 3
1700144526862 0.27102107581985085 4
1700144564008 0.26003474442752017 5
1700144609032 0.24083544671598678 6
1700144647617 0.23791679501113513 7
1700144685233 0.2507721598453731 8
1700144723385 0.2700993229543673 9
1700144760600 0.27606652468065307 10
1700144805559 0.24224387367056624 11
1700144842494 0.24632408062070846 12
1700144879948 0.26747392757888955 13
1700144917020 0.24111530250044924 14
1700144953994 0.238246992449657 15
1700144998829 0.23113016393695732 16
1700145035889 0.275548286843001 17
1700145073854 0.25705301609475306 18
1700145110846 0.21133900363850455 19
1700145149088 0.29103219011548537 20
1700145195272 0.28518581361145057 21
1700145234332 0.34334875728813735 22
1700145273178 0.35523699975775774 23
1700145311895 0.3831523184616778 24
1700145350937 0.4919328637541754 25
1700145398432 0.503304790930447 26
1700145437189 0.5337197514851754 27
1700145476181 0.5665472661006296 28
1700145515495 0.5858843592444821 29
1700145554266 0.597901442843609 30
1700145601324 0.6172937801964763 31
1700145640746 0.6259635015678748 32
1700145679341 0.6399693186788337 33
1700145718593 0.6486771229338667 34
1700145755618 0.656058511576131 35
1700145801086 0.6655598299005762 36
1700145838013 0.6704386802168947 37
1700145875413 0.6820068315655544 38
1700145912986 0.6837187917931065 39
1700145949692 0.693888334220683 40
1700145994451 0.7044270395612228 41
1700146031113 0.7038078142561869 42
1700146067761 0.7105357888773578 43
1700146104492 0.7123105571351132 44
1700146142435 0.7193187649788418 45
1700146187670 0.7240144384816148 46
1700146223992 0.7290535813830162 47
1700146260656 0.7349906451021901 48
1700146297460 0.7362233868159672 49
1700146333454 0.7395946474069667 50
1700146377091 0.7473260210527952 51
1700146413329 0.751837221262534 52
1700146449464 0.752207457968128 53
1700146485489 0.7539742073345597 54
1700146521830 0.7619515111267079 55
1700146565397 0.7635504168472512 56
1700146601325 0.764615858849475 57
1700146637655 0.7668020483963972 58
1700146673653 0.7705759869378533 59
1700146709583 0.774658419479256 60
1700146753210 0.7737818167744676 61
1700146789634 0.7771440296728803 62
1700146825671 0.7782076274413877 63
1700146861603 0.7802986036145231 64
1700146897968 0.783305292934576 65
1700146941591 0.7840523910544173 66
1700146977569 0.7865033123111095 67
1700147013393 0.7842080964845102 68
1700147050913 0.7889192912566566 69
1700147086858 0.7906652703011715 70
1700147130382 0.7893676191866338 71
1700147168091 0.7942569836077009 72
1700147205185 0.792677090757909 73
1700147241659 0.7963302857396651 74
1700147278851 0.7976901941081934 75
1700147323021 0.7990808126632928 76
1700147360020 0.8009797803273765 77
1700147397302 0.8011621399433193 78
1700147438052 0.8015355038243999 79
1700147482658 0.802276751700617 80
1700147533928 0.8032746795824116 81
1700147577150 0.8049725199596004 82
