1701334665435 0.3901888341543514 0
1701334682310 0.40455665024630544 1
1701334687110 0.40578817733990147 2
1701334691682 0.41707717569786534 3
1701334696832 0.46264367816091956 4
1701334701349 0.42302955665024633 5
1701334717637 0.4197454844006568 6
1701334722437 0.47023809523809523 7
1701334727030 0.416871921182266 8
1701334731378 0.43000821018062396 9
1701334735615 0.4482758620689655 10
1701334751981 0.46921182266009853 11
1701334756929 0.4690065681444992 12
1701334761721 0.47064860426929395 13
1701334766448 0.4753694581280788 14
1701334771231 0.48111658456486045 15
1701334789530 0.43452380952380953 16
1701334795662 0.4571018062397373 17
1701334801259 0.44519704433497537 18
1701334806344 0.4745484400656814 19
1701334810585 0.4729064039408867 20
1701334827918 0.4870689655172414 21
1701334832833 0.4710591133004926 22
1701334837253 0.4792692939244663 23
1701334841523 0.4628489326765189 24
1701334845628 0.4735221674876847 25
1701334857536 0.4887110016420361 26
1701334862073 0.4956896551724138 27
1701334867816 0.4813218390804598 28
1701334873754 0.4638752052545156 29
1701334879864 0.46921182266009853 30
1701334892573 0.4938423645320197 31
1701334897509 0.4671592775041051 32
1701334902297 0.4989737274220033 33
1701334906735 0.4829638752052545 34
1701334911019 0.4661330049261084 35
1701334928193 0.48460591133004927 36
1701334932818 0.49014778325123154 37
1701334937145 0.5096469622331691 38
1701334941347 0.520935960591133 39
1701334945291 0.4905582922824302 40
1701334960963 0.5217569786535303 41
1701334965890 0.5168308702791461 42
1701334970236 0.5258620689655172 43
1701334974387 0.5303776683087028 44
1701334978473 0.5285303776683087 45
1701334990552 0.5199096880131363 46
1701334995053 0.5129310344827587 47
1701334999418 0.5338669950738916 48
1701335003644 0.5385878489326765 49
1701335007548 0.5379720853858785 50
1701335023582 0.5379720853858785 51
1701335028220 0.5406403940886699 52
1701335032611 0.5350985221674877 53
1701335037067 0.5326354679802956 54
1701335041049 0.5357142857142857 55
1701335056859 0.5363300492610837 56
1701335061537 0.5381773399014779 57
1701335065951 0.5383825944170771 58
1701335070210 0.5369458128078818 59
1701335074282 0.5371510673234812 60
1701335090226 0.5398193760262726 61
1701335094845 0.5396141215106732 62
1701335099265 0.5435139573070608 63
1701335103568 0.5420771756978654 64
1701335107768 0.5420771756978654 65
1701335123867 0.548440065681445 66
1701335128694 0.5504926108374384 67
1701335133561 0.5539819376026273 68
1701335138029 0.5548029556650246 69
1701335142427 0.5605500821018062 70
1701335154789 0.5619868637110016 71
1701335159498 0.5701970443349754 72
1701335163980 0.5671182266009852 73
1701335168338 0.5790229885057471 74
1701335172556 0.5806650246305419 75
1701335188865 0.5872331691297209 76
1701335193659 0.589696223316913 77
1701335198243 0.5907224958949097 78
1701335202769 0.5933908045977011 79
1701335207207 0.5944170771756979 80
1701335219242 0.5935960591133005 81
1701335223956 0.6026272577996716 82
1701335228777 0.6061165845648604 83
1701335233166 0.6057060755336617 84
1701335237217 0.6094006568144499 85
1701335249391 0.6124794745484401 86
1701335253924 0.6102216748768473 87
1701335258290 0.6141215106732348 88
1701335262538 0.6194581280788177 89
1701335266795 0.6264367816091954 90
1701335283887 0.6274630541871922 91
1701335288709 0.6327996715927751 92
1701335293290 0.6348522167487685 93
1701335297780 0.6405993431855501 94
1701335302140 0.6428571428571429 95
1701335318676 0.6414203612479474 96
1701335323395 0.6430623973727422 97
1701335327956 0.6397783251231527 98
1701335332724 0.6514778325123153 99
1701335336975 0.646551724137931 100
1701335349092 0.6537356321839081 101
1701335353672 0.6477832512315271 102
1701335358176 0.6522988505747126 103
1701335362514 0.6576354679802956 104
1701335366700 0.6607142857142857 105
1701335378803 0.6475779967159278 106
1701335383671 0.6642036124794746 107
1701335388082 0.6576354679802956 108
1701335392396 0.6701559934318555 109
1701335396658 0.6635878489326765 110
1701335409410 0.6639983579638752 111
1701335413942 0.6756978653530378 112
1701335418279 0.6754926108374384 113
1701335422433 0.6625615763546798 114
1701335426486 0.6791871921182266 115
1701335438564 0.6703612479474549 116
1701335443095 0.6726190476190477 117
1701335447528 0.6781609195402298 118
1701335452255 0.6756978653530378 119
1701335456410 0.6859605911330049 120
1701335468474 0.6736453201970444 121
1701335473018 0.6750821018062397 122
1701335477443 0.6876026272577996 123
1701335481744 0.6804187192118226 124
1701335485852 0.6822660098522167 125
1701335502377 0.6986863711001642 126
1701335507095 0.6791871921182266 127
1701335511566 0.701559934318555 128
1701335515932 0.6915024630541872 129
1701335520219 0.6995073891625616 130
1701335532190 0.6810344827586207 131
1701335536812 0.6828817733990148 132
1701335541269 0.6980706075533661 133
1701335545639 0.7095648604269293 134
1701335549832 0.7056650246305419 135
1701335561459 0.6993021346469622 136
1701335565911 0.6951970443349754 137
1701335570281 0.701559934318555 138
1701335574901 0.7167487684729064 139
1701335578988 0.6988916256157636 140
1701335590844 0.6986863711001642 141
1701335595246 0.7206486042692939 142
1701335599559 0.7198275862068966 143
1701335604489 0.7206486042692939 144
1701335609994 0.7007389162561576 145
1701335621639 0.7128489326765188 146
1701335626157 0.7253694581280788 147
1701335630697 0.7229064039408867 148
1701335634971 0.7227011494252874 149
1701335639102 0.7101806239737274 150
1701335651299 0.7222906403940886 151
1701335655771 0.7341954022988506 152
1701335660234 0.743431855500821 153
1701335664700 0.7198275862068966 154
1701335668783 0.7292692939244664 155
1701335680285 0.7216748768472906 156
1701335684593 0.7317323481116584 157
1701335688846 0.7331691297208539 158
1701335692959 0.728448275862069 159
1701335696890 0.6701559934318555 160
1701335709311 0.7393267651888341 161
1701335713648 0.7263957307060755 162
1701335717885 0.7491789819376026 163
1701335722038 0.7598522167487685 164
1701335726023 0.7383004926108374 165
1701335737715 0.7561576354679803 166
1701335742045 0.743431855500821 167
1701335746271 0.7473316912972086 168
1701335750431 0.7569786535303776 169
1701335754384 0.7563628899835796 170
1701335765458 0.7545155993431856 171
1701335769625 0.7376847290640394 172
1701335773649 0.69376026272578 173
1701335777555 0.7614942528735632 174
1701335781107 0.7684729064039408 175
