1701334665601 1.0957476634245653 0
1701334682460 1.0644489358632991 1
1701334687225 1.0524504398688292 2
1701334691802 1.0486762126286824 3
1701334696947 1.0484004891835725 4
1701334701465 1.0435703442646906 5
1701334717775 1.0429011201247191 6
1701334722554 1.0402040863648438 7
1701334727146 1.049304289695544 8
1701334731495 1.040132802266341 9
1701334735731 1.0467019371497326 10
1701334752123 1.0465269547242384 11
1701334757047 1.0440382223862867 12
1701334761839 1.0416613832498207 13
1701334766566 1.0391962849176848 14
1701334771356 1.045908660460741 15
1701334789702 1.043659480718466 16
1701334795819 1.0412448445955913 17
1701334801407 1.041034854375399 18
1701334806464 1.040967047214508 19
1701334810702 1.0385577052067487 20
1701334828090 1.0431747956153674 21
1701334832951 1.0453909513277886 22
1701334837371 1.0425838323739858 23
1701334841640 1.0403222273557613 24
1701334845785 1.0448275758669927 25
1701334857653 1.0398602485656738 26
1701334862190 1.0443748938731658 27
1701334867945 1.041590724235926 28
1701334873872 1.0389697597577021 29
1701334879980 1.0413737770838616 30
1701334892693 1.0430455666321974 31
1701334897632 1.0428777505189946 32
1701334902412 1.0353099306424458 33
1701334906851 1.0349039618785565 34
1701334911133 1.0391955421521113 35
1701334928363 1.036352915641589 36
1701334932934 1.0333902912262158 37
1701334937260 1.0325607107235835 38
1701334941461 1.0317260989776025 39
1701334945409 1.0359430618775196 40
1701334961106 1.0300033673261986 41
1701334966007 1.0355867758775368 42
1701334970352 1.0322286929839697 43
1701334974503 1.0289160441129634 44
1701334978588 1.033512227046184 45
1701334990673 1.0249085472180293 46
1701334995169 1.0224042244446583 47
1701334999533 1.0234164672020154 48
1701335003761 1.019890649196429 49
1701335007665 1.015492633367196 50
1701335023741 1.017873152708396 51
1701335028335 1.005582644389226 52
1701335032727 1.0049753830983088 53
1701335037182 0.9970741409521836 54
1701335041171 0.9947327161446596 55
1701335057016 0.9864857838704035 56
1701335061653 0.9842480314083588 57
1701335066066 0.9743066124427013 58
1701335070326 0.9683557198597834 59
1701335074399 0.964738375101334 60
1701335090376 0.9553899245384412 61
1701335094960 0.9525355329880347 62
1701335099380 0.9478201056138064 63
1701335103682 0.9369634344027593 64
1701335107891 0.929700608436878 65
1701335124070 0.9298584262530009 66
1701335128809 0.9269190751589261 67
1701335133678 0.9212732727711017 68
1701335138146 0.9124646110412402 69
1701335142546 0.9084335122352991 70
1701335154905 0.8925148263955728 71
1701335159616 0.8844333382753226 72
1701335164096 0.89045322399873 73
1701335168453 0.885166999621269 74
1701335172672 0.8726788224318088 75
1701335188991 0.8628952151689774 76
1701335193776 0.8630084227292966 77
1701335198372 0.8632177588267204 78
1701335202887 0.8476902980070847 79
1701335207322 0.8435492301598574 80
1701335219358 0.836159022954794 81
1701335224072 0.8333353980993613 82
1701335228894 0.8323678618822342 83
1701335233281 0.8290045261383057 84
1701335237332 0.8232734050506201 85
1701335249507 0.8076911293543302 86
1701335254038 0.8088243359174484 87
1701335258408 0.8197242678740085 88
1701335262653 0.812890995771457 89
1701335266910 0.8021127337064499 90
1701335284062 0.8048746188481649 91
1701335288824 0.785627692937851 92
1701335293405 0.798007893256652 93
1701335297894 0.7885826306465344 94
1701335302256 0.7847891938992035 95
1701335318818 0.7748906681170831 96
1701335323512 0.7760552167892456 97
1701335328071 0.7746632145001338 98
1701335332839 0.7708914478619894 99
1701335337091 0.7798380622496972 100
1701335349209 0.754635716860111 101
1701335353787 0.7690286009739606 102
1701335358292 0.7617539350803082 103
1701335362628 0.7689997187027564 104
1701335366816 0.7584149378996629 105
1701335378932 0.7600352687713428 106
1701335383787 0.7464222541222205 107
1701335388196 0.755289831222632 108
1701335392510 0.7380315325199029 109
1701335396772 0.7382155534548637 110
1701335409526 0.7511212764642178 111
1701335414057 0.7393547082558657 112
1701335418394 0.7196448567586068 113
1701335422549 0.7404735928926712 114
1701335426601 0.7187000222695179 115
1701335438681 0.7243267450577173 116
1701335443210 0.7264997989703448 117
1701335447644 0.7301623958807725 118
1701335452372 0.7293951572516025 119
1701335456526 0.7124006671783252 120
1701335468589 0.7134326704037495 121
1701335473132 0.7249201429195893 122
1701335477557 0.7084513520583128 123
1701335481859 0.7016340692838033 124
1701335485967 0.7153993783852993 125
1701335502536 0.6870144070723118 126
1701335507209 0.721009068000011 127
1701335511683 0.6924137931603652 128
1701335516048 0.6971245545607346 129
1701335520335 0.7060153958124992 130
1701335532306 0.716072528790205 131
1701335536928 0.7241894465226394 132
1701335541384 0.6854763520069611 133
1701335545754 0.6762637801659412 134
1701335549948 0.6673808907851194 135
1701335561575 0.7093294706100073 136
1701335566036 0.7017418314249088 137
1701335570396 0.6859621161069626 138
1701335575017 0.6676724705940638 139
1701335579111 0.6818550060956906 140
1701335590960 0.6935556171796261 141
1701335595361 0.6505078146090875 142
1701335599675 0.6745364146354871 143
1701335604606 0.6621879843565134 144
1701335610110 0.6966103987816052 145
1701335621754 0.6779040678953513 146
1701335626277 0.6616311531800491 147
1701335630812 0.6448830366134644 148
1701335635087 0.6476083512489612 149
1701335639216 0.6643996475598751 150
1701335651413 0.6480003006947346 151
1701335655887 0.640119378383343 152
1701335660355 0.6209365893632938 153
1701335664815 0.6501765541541271 154
1701335668898 0.6378203737430084 155
1701335680400 0.6639790336290995 156
1701335684707 0.6273372440766065 157
1701335688959 0.6300210998608515 158
1701335693075 0.6460212346835014 159
1701335697006 0.7537302298423572 160
1701335709425 0.6389266649881998 161
1701335713765 0.6505932739147773 162
1701335718001 0.6085297564665476 163
1701335722154 0.6070365164524469 164
1701335726139 0.6356626397524124 165
1701335737830 0.5961500352773911 166
1701335742161 0.6156343267514155 167
1701335746388 0.6114256397271768 168
1701335750547 0.5922677134856199 169
1701335754500 0.5922252734502157 170
1701335765575 0.6007449932587452 171
1701335769741 0.6320504653148162 172
1701335773765 0.7510250669259292 173
1701335777671 0.5906582077344259 174
1701335781222 0.5844642168436295 175
