1701334665435 0.2310363273609869 0
1701334682310 0.19204910844782228 1
1701334687110 0.19811044997717334 2
1701334691682 0.23293155698800438 3
1701334696832 0.3402149701895154 4
1701334701349 0.226751166958026 5
1701334717637 0.21609043549288218 6
1701334722437 0.3382018845131814 7
1701334727030 0.21127662890395027 8
1701334731378 0.23636738364668194 9
1701334735615 0.3113449889684002 10
1701334751981 0.3413658854260333 11
1701334756929 0.31896872482238336 12
1701334761721 0.32107408058762493 13
1701334766448 0.3295572180157411 14
1701334771231 0.34546284392741605 15
1701334789530 0.24470301342030443 16
1701334795662 0.29109128766068837 17
1701334801259 0.2663074860546097 18
1701334806344 0.32183186360200744 19
1701334810585 0.3204370687102291 20
1701334827918 0.358315785235165 21
1701334832833 0.3410687071265673 22
1701334837253 0.3304768744105943 23
1701334841523 0.3003297415062121 24
1701334845628 0.3200157349553454 25
1701334857536 0.34767166068910793 26
1701334862073 0.3619107601057259 27
1701334867816 0.3366186529902131 28
1701334873754 0.30073801913611486 29
1701334879864 0.3105459578756366 30
1701334892573 0.35268526193310296 31
1701334897509 0.30617193678807403 32
1701334902297 0.356755655711326 33
1701334906735 0.3322068239752431 34
1701334911019 0.29855451955471873 35
1701334928193 0.33412707242832823 36
1701334932818 0.345322968996733 37
1701334937145 0.37048272672803967 38
1701334941347 0.3836808233665816 39
1701334945291 0.34205924120881065 40
1701334960963 0.3836050567945708 41
1701334965890 0.3760828059290154 42
1701334970236 0.3865131189394357 43
1701334974387 0.39036125443891107 44
1701334978473 0.3895734780267412 45
1701334990552 0.3771151668523383 46
1701334995053 0.3686578337414015 47
1701334999418 0.39371690645410756 48
1701335003644 0.3951998751610432 49
1701335007548 0.39535180629052524 50
1701335023582 0.3949435941191671 51
1701335028220 0.3971746501828526 52
1701335032611 0.3939329035750357 53
1701335037067 0.3921374978948185 54
1701335041049 0.3950754140422646 55
1701335056859 0.39540851674924643 56
1701335061537 0.3966554393700572 57
1701335065951 0.3967874003096192 58
1701335070210 0.395783729410547 59
1701335074282 0.39583971978188615 60
1701335090226 0.3981790745908416 61
1701335094845 0.3979138576747892 62
1701335099265 0.401016667483002 63
1701335103568 0.4000034599978585 64
1701335107768 0.4000330109132278 65
1701335123867 0.4048039636147749 66
1701335128694 0.4064027080891062 67
1701335133561 0.40924902253922807 68
1701335138029 0.4099167862803301 69
1701335142427 0.41428001416927057 70
1701335154789 0.4153733406306788 71
1701335159498 0.4217597223224104 72
1701335163980 0.41927741331912144 73
1701335168338 0.4285405815120707 74
1701335172556 0.42973638418461174 75
1701335188865 0.43466662821946883 76
1701335193659 0.4366702527421709 77
1701335198243 0.43749528356567485 78
1701335202769 0.43957888157096464 79
1701335207207 0.44040217821571215 80
1701335219242 0.43969303007001354 81
1701335223956 0.44649742785794216 82
1701335228777 0.45003027324255157 83
1701335233166 0.45032976876344616 84
1701335237217 0.4557787790453443 85
1701335249391 0.4663435654448658 86
1701335253924 0.4629258338899573 87
1701335258290 0.4859111046863573 88
1701335262538 0.5208861159650625 89
1701335266795 0.5300436384975229 90
1701335283887 0.5332022356070106 91
1701335288709 0.5463150743771207 92
1701335293290 0.5426292841554837 93
1701335297780 0.5646330784534482 94
1701335302140 0.5725705600145289 95
1701335318676 0.5628231404052418 96
1701335323395 0.5688592471496089 97
1701335327956 0.579691205766189 98
1701335332724 0.5876568493287838 99
1701335336975 0.5801997624639063 100
1701335349092 0.6002164353602634 101
1701335353672 0.5909180650353903 102
1701335358176 0.5962553445403246 103
1701335362514 0.6105463883557567 104
1701335366700 0.606204938503732 105
1701335378803 0.5997377200189439 106
1701335383671 0.6141801361274625 107
1701335388082 0.6169740873400739 108
1701335392396 0.6274865372364289 109
1701335396658 0.6245982381619499 110
1701335409410 0.6285032845476264 111
1701335413942 0.6390019115937441 112
1701335418279 0.640927771737884 113
1701335422433 0.6294750033290505 114
1701335426486 0.6492694711266228 115
1701335438564 0.6406509309075507 116
1701335443095 0.6465610526776353 117
1701335447528 0.6470937266357872 118
1701335452255 0.6437187035394252 119
1701335456410 0.6577175088761146 120
1701335468474 0.6440117104149623 121
1701335473018 0.6501077627787888 122
1701335477443 0.6643394537350971 123
1701335481744 0.6602704835012081 124
1701335485852 0.6593943655274972 125
1701335502377 0.6754754222094576 126
1701335507095 0.6590319727230084 127
1701335511566 0.6782741252329064 128
1701335515932 0.6729089186520293 129
1701335520219 0.6829872247666811 130
1701335532190 0.6625214423161044 131
1701335536812 0.6610997435798533 132
1701335541269 0.6797319961666556 133
1701335545639 0.691931933421834 134
1701335549832 0.6894663278029342 135
1701335561459 0.6859571171887149 136
1701335565911 0.6772481006688347 137
1701335570281 0.683415100535648 138
1701335574901 0.7000527876290482 139
1701335578988 0.6849873533910498 140
1701335590844 0.681220622011291 141
1701335595246 0.7062704011267149 142
1701335599559 0.7043223945243252 143
1701335604489 0.7065938162404425 144
1701335609994 0.6856446843137084 145
1701335621639 0.6992019491694043 146
1701335626157 0.7121407788910133 147
1701335630697 0.7118371929267414 148
1701335634971 0.7112462449497162 149
1701335639102 0.6976641724992891 150
1701335651299 0.7119334900234383 151
1701335655771 0.7249197941090314 152
1701335660234 0.736896516546344 153
1701335664700 0.7074767098563447 154
1701335668783 0.7205437481710607 155
1701335680285 0.71214794039164 156
1701335684593 0.7245314889387339 157
1701335688846 0.7254492251494744 158
1701335692959 0.719759873200478 159
1701335696890 0.6564135486539192 160
1701335709311 0.7348363655657776 161
1701335713648 0.7170509058289367 162
1701335717885 0.743592218442194 163
1701335722038 0.7557346440449743 164
1701335726023 0.7295940365477146 165
1701335737715 0.7507393455711083 166
1701335742045 0.7344818908013528 167
1701335746271 0.7411072155240882 168
1701335750431 0.7530237813022791 169
1701335754384 0.7522096065068286 170
1701335765458 0.7482569027422915 171
1701335769625 0.7348019873094299 172
1701335773649 0.6815532450413323 173
1701335777555 0.760611738991083 174
1701335781107 0.7654085815770232 175
