1701334665435 0.2048634809765668 0
1701334682310 0.13487990145760623 1
1701334687110 0.289571248020491 2
1701334691682 0.2933716058716059 3
1701334696832 0.3091554012020285 4
1701334701349 0.3723234241862523 5
1701334717637 0.38878565706728185 6
1701334722437 0.33099048947910964 7
1701334727030 0.37300257105135154 8
1701334731378 0.3979841702738092 9
1701334735615 0.29536398560334337 10
1701334751981 0.3230649778762838 11
1701334756929 0.3605460896109423 12
1701334761721 0.36135520591479137 13
1701334766448 0.3591231463571889 14
1701334771231 0.3425207677228472 15
