1701334665435 0.338365605760028 0
1701334682310 0.3333333333333333 1
1701334687110 0.33430145442245895 2
1701334691682 0.34331117875866735 3
1701334696832 0.37846710637578224 4
1701334701349 0.34375503128699475 5
1701334717637 0.3409976323355319 6
1701334722437 0.3837387113140538 7
1701334727030 0.3386299678674108 8
1701334731378 0.34949036022323693 9
1701334735615 0.36789413157449685 10
1701334751981 0.38315060037206156 11
1701334756929 0.38211094199222057 12
1701334761721 0.3834712497886013 13
1701334766448 0.38745171655673943 14
1701334771231 0.3925720446473871 15
1701334789530 0.3532256891594791 16
1701334795662 0.37202739726027395 17
1701334801259 0.36209098596313205 18
1701334806344 0.3865937764248266 19
1701334810585 0.38525308641975303 20
1701334827918 0.3984990698461018 21
1701334832833 0.38598706240487063 22
1701334837253 0.39057424319296463 23
1701334841523 0.3767970573313039 24
1701334845628 0.3857359208523592 25
1701334857536 0.3986038389988162 26
1701334862073 0.40480999492643327 27
1701334867816 0.39238559107052257 28
1701334873754 0.3776279384407239 29
1701334879864 0.38208633519364116 30
1701334892573 0.4028391679350583 31
1701334897509 0.3803583629291392 32
1701334902297 0.4070328090647725 33
1701334906735 0.3935570776255708 34
1701334911019 0.3793999661762219 35
1701334928193 0.3949149331980382 36
1701334932818 0.3996429900219855 37
1701334937145 0.41603788263148994 38
1701334941347 0.4258592930830374 39
1701334945291 0.39986106883138844 40
1701334960963 0.42634694740402507 41
1701334965890 0.421905547099611 42
1701334970236 0.4296385929308304 43
1701334974387 0.43339844410620665 44
1701334978473 0.4320848131236259 45
1701334990552 0.4243123625909014 46
1701334995053 0.4184593269068155 47
1701334999418 0.43649906984610176 48
1701335003644 0.4398713850837139 49
1701335007548 0.43946702181633684 50
1701335023582 0.439395907322848 51
1701335028220 0.44159690512430244 52
1701335032611 0.43721706409605954 53
1701335037067 0.43521951631997297 54
1701335041049 0.4378838153221715 55
1701335056859 0.43839117199391175 56
1701335061537 0.4398298663960764 57
1701335065951 0.4399965330627431 58
1701335070210 0.43887891087434466 59
1701335074282 0.4389769152714358 60
1701335090226 0.4412735498055133 61
1701335094845 0.44108726534753934 62
1701335099265 0.4442441231185524 63
1701335103568 0.44321478099103667 64
1701335107768 0.44328344326061225 65
1701335123867 0.44827109758159983 66
1701335128694 0.4499745476069677 67
1701335133561 0.45285202097074245 68
1701335138029 0.4535628276678505 69
1701335142427 0.4582785388127854 70
1701335154789 0.45939616100118386 71
1701335159498 0.46613639438525284 72
1701335163980 0.4636952477591747 73
1701335168338 0.4733692710975816 74
1701335172556 0.47471731777439535 75
1701335188865 0.48015609673600546 76
1701335193659 0.4821560967360054 77
1701335198243 0.48291586335193637 78
1701335202769 0.4851046000338237 79
1701335207207 0.4860482834432606 80
1701335219242 0.48534483341789275 81
1701335223956 0.4927149501099273 82
1701335228777 0.4957810027680314 83
1701335233166 0.4956460576246811 84
1701335237217 0.4994396103846132 85
1701335249391 0.5046118413631021 86
1701335253924 0.5021048722945906 87
1701335258290 0.5124382779867832 88
1701335262538 0.5295520730390889 89
1701335266795 0.5368696030473685 90
1701335283887 0.538959475566262 91
1701335288709 0.5477578902596717 92
1701335293290 0.5465882688926542 93
1701335297780 0.5608121417602968 94
1701335302140 0.5663194559176876 95
1701335318676 0.5602909315109788 96
1701335323395 0.5640294453632424 97
1701335327956 0.5700528654202173 98
1701335332724 0.5784140329825008 99
1701335336975 0.5724080810674499 100
1701335349092 0.5881978492056387 101
1701335353672 0.5798325220882222 102
1701335358176 0.5859951015586154 103
1701335362514 0.5966059844249197 104
1701335366700 0.5940702607340286 105
1701335378803 0.5865753528831767 106
1701335383671 0.6007391797227014 107
1701335388082 0.6032582403226361 108
1701335392396 0.6120827819137764 109
1701335396658 0.6097620547888896 110
1701335409410 0.6145334950192516 111
1701335413942 0.622816191416306 112
1701335418279 0.6249372404677291 113
1701335422433 0.6156226651598005 114
1701335426486 0.6338204658446475 115
1701335438564 0.6260390168167245 116
1701335443095 0.6313724650232665 117
1701335447528 0.632992036959141 118
1701335452255 0.6274772087424517 119
1701335456410 0.6419559134644353 120
1701335468474 0.6288795494342401 121
1701335473018 0.6351285320461527 122
1701335477443 0.6508331444119534 123
1701335481744 0.6458399560929068 124
1701335485852 0.6439597582444522 125
1701335502377 0.65879215898377 126
1701335507095 0.6468385513362175 127
1701335511566 0.6617844147088011 128
1701335515932 0.6578501100774399 129
1701335520219 0.6686511343823209 130
1701335532190 0.6509494767168712 131
1701335536812 0.6450990628448425 132
1701335541269 0.6644179125811128 133
1701335545639 0.6758135989795054 134
1701335549832 0.6742389422805298 135
1701335561459 0.6725110848892365 136
1701335565911 0.664653816821905 137
1701335570281 0.6684219572630369 138
1701335574901 0.6846742518647657 139
1701335578988 0.6709898746399184 140
1701335590844 0.6667524507692283 141
1701335595246 0.6913140589415935 142
1701335599559 0.6902824948058353 143
1701335604489 0.6919067712876291 144
1701335609994 0.6732466440411494 145
1701335621639 0.684931681129992 146
1701335626157 0.6974277513212765 147
1701335630697 0.696409883375538 148
1701335634971 0.6976466473822329 149
1701335639102 0.6837961909958549 150
1701335651299 0.6999046216382458 151
1701335655771 0.7096374983505745 152
1701335660234 0.7224696991879854 153
1701335664700 0.6942576152772357 154
1701335668783 0.7078540995751755 155
1701335680285 0.7018809166506651 156
1701335684593 0.7133493100005573 157
1701335688846 0.7124855025130391 158
1701335692959 0.7083998320636278 159
1701335696890 0.6450770109427993 160
1701335709311 0.7238341665394991 161
1701335713648 0.7022141351107898 162
1701335717885 0.7297178645483445 163
1701335722038 0.7429378926359704 164
1701335726023 0.7144134979398841 165
1701335737715 0.7370819868109789 166
1701335742045 0.72324363415661 167
1701335746271 0.7300744727516807 168
1701335750431 0.7428236127511513 169
1701335754384 0.7425465231802685 170
1701335765458 0.7361380731858714 171
1701335769625 0.7240413464716751 172
1701335773649 0.6738744505278443 173
1701335777555 0.7503307695209843 174
1701335781107 0.7526101236144592 175
