1701378034567 0.28789738450312863 0
1701378051893 0.2785704897390437 1
1701378057201 0.27182426948051946 2
1701378062354 0.27442738791423 3
1701378067435 0.2735590953307393 4
1701378072466 0.27114646410034604 5
1701378089439 0.2733126952253458 6
1701378094722 0.27762215316379973 7
1701378099772 0.2729485365080737 8
1701378104795 0.2733556065416902 9
1701378109753 0.27348917929520716 10
1701378122592 0.27130544576196747 11
1701378127723 0.27360389210270686 12
1701378132739 0.2778109079526811 13
1701378137761 0.2738913218564381 14
1701378142720 0.27615378077713165 15
1701378156064 0.2639877031181379 16
1701378161172 0.2692017259978425 17
1701378166256 0.27390503275495753 18
1701378171318 0.26434087069674 19
1701378176308 0.2787307775611869 20
1701378189273 0.2669176706827309 21
1701378194407 0.27805131372108693 22
1701378199425 0.2772428513968115 23
1701378204398 0.27034507333420377 24
1701378209297 0.27878925120772946 25
1701378222058 0.2688490120555338 26
1701378227116 0.2736392972063771 27
1701378232073 0.26436246237813393 28
1701378237000 0.2709343093425401 29
1701378241866 0.2712117126833477 30
1701378254690 0.2710727969348659 31
1701378259754 0.26944905869324476 32
1701378264759 0.2632978723404255 33
1701378269686 0.26718955862977606 34
1701378274551 0.2744524044795784 35
1701378287274 0.27314096125163606 36
1701378292437 0.2657254584681769 37
1701378297521 0.2632252007252007 38
1701378302490 0.2743485322710675 39
1701378307399 0.2682117527862209 40
1701378320410 0.2659654418859176 41
1701378325546 0.2650292832037649 42
1701378330526 0.27157380941991044 43
1701378335468 0.2712660299777497 44
1701378340339 0.2727440668824164 45
1701378353090 0.2756057313048378 46
1701378358154 0.26806420906888195 47
1701378363132 0.2771671335405086 48
1701378368038 0.2755193787455635 49
1701378372894 0.26808101619334607 50
1701378385561 0.2779623477297896 51
1701378390650 0.2748243933588761 52
1701378395598 0.26994364235055723 53
1701378400516 0.2762997544678216 54
1701378405396 0.26966502026342454 55
1701378422675 0.26582500581835106 56
1701378427851 0.27269256680889287 57
1701378432872 0.2707847027699969 58
1701378437837 0.2698899004046063 59
1701378442763 0.2671434211664936 60
1701378455618 0.26859763736587666 61
1701378460679 0.2666318389057751 62
1701378465674 0.2796290494504703 63
1701378470596 0.27770176183242484 64
1701378475487 0.2713716535001097 65
1701378488224 0.2782526115859449 66
1701378493273 0.2711673889490791 67
1701378498319 0.2830169567258902 68
1701378503248 0.2644642083604072 69
1701378508160 0.27609706681401663 70
1701378520948 0.264292071197411 71
1701378526058 0.2776416122004357 72
1701378531063 0.27238276018490515 73
1701378536043 0.2710817413263065 74
1701378540957 0.27747172815107596 75
1701378554947 0.2674071230071669 76
1701378560024 0.27826610118276784 77
1701378565033 0.26815978990686595 78
1701378569954 0.268978543951185 79
1701378574827 0.26216210714867283 80
1701378587476 0.2668379435750496 81
1701378592523 0.26498633422579204 82
1701378597499 0.2670727985881109 83
1701378602442 0.269495784695201 84
1701378607390 0.2728452100424739 85
1701378621814 0.263711171734697 86
1701378626923 0.2618864346273985 87
1701378631984 0.27394036246692965 88
1701378636939 0.2675268045907581 89
1701378641834 0.2608095048394712 90
1701378654666 0.27307173678532903 91
1701378663366 0.2676095191040843 92
1701378668626 0.2729166666666667 93
1701378673656 0.2702355783751133 94
1701378678666 0.26872947898215754 95
1701378691636 0.27035440613026823 96
1701378696815 0.27087201018910284 97
1701378701822 0.266624081387611 98
1701378706837 0.2751073066042337 99
1701378711805 0.28269806084198384 100
1701378724779 0.27684779077322935 101
1701378729930 0.2628899701144398 102
1701378735051 0.26980324074074075 103
1701378740054 0.26919664781458424 104
1701378745024 0.274629199106113 105
