1701378034567 0.35339353965837983 0
1701378051893 0.3417683916793506 1
1701378057201 0.3337729578893962 2
1701378062354 0.3366261626923727 3
1701378067435 0.33571672585827833 4
1701378072466 0.33232234060544563 5
1701378089439 0.3351603247082699 6
1701378094722 0.3401971926264163 7
1701378099772 0.3348369693894808 8
1701378104795 0.33537857263656345 9
1701378109753 0.33623871131405375 10
1701378122592 0.3329226281075596 11
1701378127723 0.33565085405039746 12
1701378132739 0.3407634872315238 13
1701378137761 0.33605022831050224 14
1701378142720 0.33877075934381873 15
1701378156064 0.32418729917131744 16
1701378161172 0.3302536783358701 17
1701378166256 0.3358882969727719 18
1701378171318 0.3247876712328767 19
1701378176308 0.34183696938948077 20
1701378189273 0.32760392355826146 21
1701378194407 0.3419568746829021 22
1701378199425 0.33994013191273464 23
1701378204398 0.3316800270590225 24
1701378209297 0.341972010823609 25
1701378222058 0.33045450701843393 26
1701378227116 0.335623625909014 27
1701378232073 0.32427811601555895 28
1701378237000 0.33236132250972433 29
1701378241866 0.33275613055978354 30
1701378254690 0.332726534753932 31
1701378259754 0.33059436834094363 32
1701378264759 0.3229912903771351 33
1701378269686 0.3276851851851852 34
1701378274551 0.33614569592423477 35
1701378287274 0.3350279046169457 36
1701378292437 0.3260060882800609 37
1701378297521 0.32288356164383564 38
1701378302490 0.3360498900727211 39
1701378307399 0.3290305259597497 40
1701378320410 0.32628302046338575 41
1701378325546 0.32589556908506684 42
1701378330526 0.3330035514967022 43
1701378335468 0.3333931168611534 44
1701378340339 0.33462869947573143 45
1701378353090 0.33798613225097246 46
1701378358154 0.3286507694909521 47
1701378363132 0.3400060037206156 48
1701378368038 0.3380231692880095 49
1701378372894 0.3293146456959242 50
1701378385561 0.340981650600372 51
1701378390650 0.3372584136648063 52
1701378395598 0.3310846440047353 53
1701378400516 0.3390625739895146 54
1701378405396 0.33102316928800946 55
1701378422675 0.3261138170133604 56
1701378427851 0.3352558768814477 57
1701378432872 0.33167994249957716 58
1701378437837 0.331474040250296 59
1701378442763 0.32774868932859796 60
1701378455618 0.3296774902756638 61
1701378460679 0.32723904955183497 62
1701378465674 0.3429178927786234 63
1701378470596 0.34058971757145273 64
1701378475487 0.3341969389480805 65
1701378488224 0.3413640284119736 66
1701378493273 0.3329326906815491 67
1701378498319 0.34663335024522235 68
1701378503248 0.32452807373583625 69
1701378508160 0.3385107390495518 70
1701378520948 0.32428792491121256 71
1701378526058 0.3408686791814646 72
1701378531063 0.3341801961779131 73
1701378536043 0.3322731270082868 74
1701378540957 0.3403123625909014 75
1701378554947 0.3282289869778454 76
1701378560024 0.34135912396414675 77
1701378565033 0.32891045154743787 78
1701378569954 0.3298588702858109 79
1701378574827 0.32080246913580246 80
1701378587476 0.32767994249957716 81
1701378592523 0.32590047353289364 82
1701378597499 0.3275596989683747 83
1701378602442 0.330527989176391 84
1701378607390 0.3348295281582953 85
1701378621814 0.32443962455606296 86
1701378626923 0.32172399797057327 87
1701378631984 0.3352116522915609 88
1701378636939 0.3282487738880433 89
1701378641834 0.32043235244376794 90
1701378654666 0.33504532386267544 91
1701378663366 0.32855251141552516 92
1701378668626 0.33527304244884154 93
1701378673656 0.33154777608658886 94
1701378678666 0.32963605614747166 95
1701378691636 0.3314079147640791 96
1701378696815 0.3323394216133942 97
1701378701822 0.3270305259597497 98
1701378706837 0.33646406223575176 99
1701378711805 0.34699644850329775 100
1701378724779 0.3396408760358532 101
1701378729930 0.3227216303061052 102
1701378735051 0.33126805344156945 103
1701378740054 0.33082437003213255 104
1701378745024 0.33697911381701334 105
