1701378034567 0.4318555008210181 0
1701378051893 0.4178981937602627 1
1701378057201 0.4088669950738916 2
1701378062354 0.41174055829228245 3
1701378067435 0.4109195402298851 4
1701378072466 0.4061986863711002 5
1701378089439 0.41030377668308704 6
1701378094722 0.41625615763546797 7
1701378099772 0.40948275862068967 8
1701378104795 0.41030377668308704 9
1701378109753 0.41174055829228245 10
1701378122592 0.4074302134646962 11
1701378127723 0.4100985221674877 12
1701378132739 0.4166666666666667 13
1701378137761 0.4109195402298851 14
1701378142720 0.4144088669950739 15
1701378156064 0.3967569786535304 16
1701378161172 0.40373563218390807 17
1701378166256 0.4111247947454844 18
1701378171318 0.3977832512315271 19
1701378176308 0.41810344827586204 20
1701378189273 0.40106732348111657 21
1701378194407 0.4187192118226601 22
1701378199425 0.41522988505747127 23
1701378204398 0.40578817733990147 24
1701378209297 0.4176929392446634 25
1701378222058 0.40435139573070605 26
1701378227116 0.4107142857142857 27
1701378232073 0.39655172413793105 28
1701378237000 0.40681444991789817 29
1701378241866 0.40681444991789817 30
1701378254690 0.4072249589490969 31
1701378259754 0.4041461412151067 32
1701378264759 0.39511494252873564 33
1701378269686 0.4002463054187192 34
1701378274551 0.41133004926108374 35
1701378287274 0.41030377668308704 36
1701378292437 0.39860426929392445 37
1701378297521 0.3947044334975369 38
1701378302490 0.41174055829228245 39
1701378307399 0.402504105090312 40
1701378320410 0.39901477832512317 41
1701378325546 0.39901477832512317 42
1701378330526 0.4074302134646962 43
1701378335468 0.4082512315270936 44
1701378340339 0.40907224958949095 45
1701378353090 0.41420361247947457 46
1701378358154 0.4016830870279146 47
1701378363132 0.41605090311986864 48
1701378368038 0.4135878489326765 49
1701378372894 0.40332512315270935 50
1701378385561 0.416871921182266 51
1701378390650 0.41276683087027916 52
1701378395598 0.40455665024630544 53
1701378400516 0.4144088669950739 54
1701378405396 0.4049671592775041 55
1701378422675 0.39901477832512317 56
1701378427851 0.41050903119868637 57
1701378432872 0.4059934318555008 58
1701378437837 0.40578817733990147 59
1701378442763 0.40086206896551724 60
1701378455618 0.4035303776683087 61
1701378460679 0.39983579638752054 62
1701378465674 0.41933497536945813 63
1701378470596 0.4158456486042693 64
1701378475487 0.40948275862068967 65
1701378488224 0.4172824302134647 66
1701378493273 0.40681444991789817 67
1701378498319 0.4244663382594417 68
1701378503248 0.3969622331691297 69
1701378508160 0.41461412151067323 70
1701378520948 0.39655172413793105 71
1701378526058 0.4172824302134647 72
1701378531063 0.4084564860426929 73
1701378536043 0.40660919540229884 74
1701378540957 0.4164614121510673 75
1701378554947 0.4016830870279146 76
1701378560024 0.4172824302134647 77
1701378565033 0.40229885057471265 78
1701378569954 0.40373563218390807 79
1701378574827 0.3926518883415435 80
1701378587476 0.40106732348111657 81
1701378592523 0.39901477832512317 82
1701378597499 0.40127257799671595 83
1701378602442 0.40455665024630544 84
1701378607390 0.409688013136289 85
1701378621814 0.3973727422003284 86
1701378626923 0.39388341543513955 87
1701378631984 0.4107142857142857 88
1701378636939 0.40127257799671595 89
1701378641834 0.3922413793103448 90
1701378654666 0.409688013136289 91
1701378663366 0.4020935960591133 92
1701378668626 0.41050903119868637 93
1701378673656 0.4053776683087028 94
1701378678666 0.4029146141215107 95
1701378691636 0.40558292282430214 96
1701378696815 0.4064039408866995 97
1701378701822 0.40004105090311987 98
1701378706837 0.41235632183908044 99
1701378711805 0.42405582922824303 100
1701378724779 0.4154351395730706 101
1701378729930 0.3949096880131363 102
1701378735051 0.40578817733990147 103
1701378740054 0.4053776683087028 104
1701378745024 0.4121510673234811 105
