1701378034683 1.0436695112901575 0
1701378052046 1.0414792061631197 1
1701378057315 1.0498829078830145 2
1701378062466 1.046612959282071 3
1701378067548 1.0479720219287998 4
1701378072580 1.0510421940703798 5
1701378089587 1.046658894594978 6
1701378094835 1.0472867784936444 7
1701378099886 1.048683186761694 8
1701378104908 1.0448405832247016 9
1701378109867 1.0483355592278873 10
1701378122705 1.0484601683865964 11
1701378127836 1.0476273781333874 12
1701378132854 1.0480916441655626 13
1701378137875 1.049764384241665 14
1701378142832 1.0485483053462956 15
1701378156188 1.0479822287372513 16
1701378161284 1.0479085340219385 17
1701378166367 1.0481386819696115 18
1701378171446 1.0483979317877028 19
1701378176420 1.0492574794619691 20
1701378189387 1.0489137842764262 21
1701378194521 1.0486481462428772 22
1701378199538 1.0479328519378612 23
1701378204510 1.0491813974442825 24
1701378209408 1.046331458231982 25
1701378222173 1.0474282444692125 26
1701378227228 1.0474910786728453 27
1701378232185 1.049296129373164 28
1701378237112 1.0471963208485273 29
1701378241979 1.0477905822735207 30
1701378254803 1.0480035196721944 31
1701378259867 1.047360033381219 32
1701378264871 1.047366317580728 33
1701378269799 1.0476281903927622 34
1701378274663 1.0481809607518264 35
1701378287389 1.0480565880638322 36
1701378292549 1.0507926859107672 37
1701378297633 1.0483600988107569 38
1701378302603 1.0479955447265525 39
1701378307511 1.0483849122633342 40
1701378320524 1.049798762876224 41
1701378325658 1.0487050569914524 42
1701378330638 1.048628578778186 43
1701378335581 1.0474938267196705 44
1701378340451 1.0467235886193569 45
1701378353205 1.049801820633458 46
1701378358267 1.0480590314646951 47
1701378363244 1.0464272238070669 48
1701378368151 1.047194205467997 49
1701378373007 1.0474680315435323 50
1701378385673 1.0473112818462398 51
1701378390762 1.048641884638593 52
1701378395711 1.0481963336857316 53
1701378400629 1.0493573573679706 54
1701378405508 1.048966461536931 55
1701378422821 1.049223335350261 56
1701378427965 1.0489327218018325 57
1701378432985 1.0479074961998884 58
1701378437949 1.0470003766172074 59
1701378442876 1.0469704285945767 60
1701378455731 1.0469585894759184 61
1701378460792 1.0473204477160585 62
1701378465786 1.0457297660946068 63
1701378470708 1.0452052280793782 64
1701378475601 1.0461473651960784 65
1701378488337 1.0472063959813585 66
1701378493386 1.0471540284312628 67
1701378498433 1.0456510766658909 68
1701378503360 1.0469112150809343 69
1701378508275 1.046906885368372 70
1701378521076 1.0490833591012394 71
1701378526172 1.0447857161752538 72
1701378531176 1.0475931907790939 73
1701378536157 1.0503826086817225 74
1701378541070 1.0457847095003314 75
1701378555067 1.046434865667929 76
1701378560137 1.0476994833915063 77
1701378565147 1.0494795823408887 78
1701378570067 1.0466709382393782 79
1701378574941 1.0464769660257827 80
1701378587588 1.0463916745061188 81
1701378592636 1.0472865392959196 82
1701378597613 1.048379526418798 83
1701378602558 1.046212021042319 84
1701378607503 1.0456683616233027 85
1701378621929 1.0465515738998363 86
1701378627037 1.0487137978373011 87
1701378632098 1.045794987990186 88
1701378637052 1.0480673048231337 89
1701378641946 1.0463223484606525 90
1701378654780 1.0476706830504674 91
1701378663498 1.0474049978786044 92
1701378668741 1.0469353206796583 93
1701378673769 1.048647586037131 94
1701378678779 1.046617493909948 95
1701378691749 1.047405838187224 96
1701378696930 1.0462932999617134 97
1701378701934 1.0472543987573362 98
1701378706952 1.0452516667203966 99
1701378711918 1.0442064708354426 100
1701378724892 1.0445032840460733 101
1701378730042 1.04734076510847 102
1701378735164 1.0467225246959262 103
1701378740168 1.0477156327440849 104
1701378745137 1.046982737927655 105
