1701378034567 0.31697966135996253 0
1701378051893 0.30693933111905597 1
1701378057201 0.2946247235306057 2
1701378062354 0.3021199698588376 3
1701378067435 0.29980556217844057 4
1701378072466 0.2983830076241086 5
1701378089439 0.2987869348853948 6
1701378094722 0.30477645306024825 7
1701378099772 0.30065701119283145 8
1701378104795 0.30069244902744025 9
1701378109753 0.2985773396934959 10
1701378122592 0.2977968704013567 11
1701378127723 0.30075562995682875 12
1701378132739 0.30605165045136357 13
1701378137761 0.30180216865385817 14
1701378142720 0.30390581493671326 15
1701378156064 0.28986372408380445 16
1701378161172 0.29658298037771363 17
1701378166256 0.30000693912318915 18
1701378171318 0.2876700017911368 19
1701378176308 0.30683017536899837 20
1701378189273 0.29191234768604124 21
1701378194407 0.3039031850935385 22
1701378199425 0.3039808634602959 23
1701378204398 0.29733765070827745 24
1701378209297 0.3056614813407497 25
1701378222058 0.29593894354015715 26
1701378227116 0.3003539907617965 27
1701378232073 0.2912040543915751 28
1701378237000 0.29680029396023944 29
1701378241866 0.2988423127718391 30
1701378254690 0.29738530586886897 31
1701378259754 0.2968803603301298 32
1701378264759 0.28972065376381484 33
1701378269686 0.2929200932338817 34
1701378274551 0.3009920549165049 35
1701378287274 0.2970118562147587 36
1701378292437 0.29279128292711476 37
1701378297521 0.2899449712271465 38
1701378302490 0.29545677920290925 39
1701378307399 0.29513222832379543 40
1701378320410 0.2929853743822396 41
1701378325546 0.29001005584511513 42
1701378330526 0.2984327935864093 43
1701378335468 0.2961042966511757 44
1701378340339 0.30049744576078136 45
1701378353090 0.2956884206175998 46
1701378358154 0.2950051774883407 47
1701378363132 0.3044253994883424 48
1701378368038 0.30284208927808764 49
1701378372894 0.2917121393254496 50
1701378385561 0.3062369945389852 51
1701378390650 0.30147142633887064 52
1701378395598 0.29683645612582443 53
1701378400516 0.30432743324312844 54
1701378405396 0.29681617640122565 55
1701378422675 0.29217997534393 56
1701378427851 0.2980010182462263 57
1701378432872 0.29612078767251115 58
1701378437837 0.29550473415315864 59
1701378442763 0.2941986801992332 60
1701378455618 0.29438822554622296 61
1701378460679 0.2932821020472019 62
1701378465674 0.3079695605106435 63
1701378470596 0.30310354403826456 64
1701378475487 0.2935821581409368 65
1701378488224 0.3065168333777378 66
1701378493273 0.29848047357123875 67
1701378498319 0.30789246847578317 68
1701378503248 0.29120117531954626 69
1701378508160 0.29956270484073144 70
1701378520948 0.29122818757062424 71
1701378526058 0.3039408899902167 72
1701378531063 0.29998259622798656 73
1701378536043 0.2973992045997924 74
1701378540957 0.304493455476729 75
1701378554947 0.29361446288847903 76
1701378560024 0.3065230404508818 77
1701378565033 0.2952087723569039 78
1701378569954 0.2946893834831939 79
1701378574827 0.2866410984027064 80
1701378587476 0.29273448973556 81
1701378592523 0.2900720668919748 82
1701378597499 0.2889250124992209 83
1701378602442 0.295270215084723 84
1701378607390 0.2999380243403036 85
1701378621814 0.28715945838245077 86
1701378626923 0.2865303235253968 87
1701378631984 0.29472341772498695 88
1701378636939 0.2947676016616981 89
1701378641834 0.28590869021677157 90
1701378654666 0.30089648707867095 91
1701378663366 0.29380707462999894 92
1701378668626 0.2982353234445101 93
1701378673656 0.29776701172070563 94
1701378678666 0.29593412136739755 95
1701378691636 0.29641982266584593 96
1701378696815 0.29844256131243047 97
1701378701822 0.29339834242468227 98
1701378706837 0.29408349334871065 99
1701378711805 0.31130327775659933 100
1701378724779 0.3048030852069787 101
1701378729930 0.2888898709321143 102
1701378735051 0.29255335909303976 103
1701378740054 0.2902085829769305 104
1701378745024 0.30248360511364797 105
