1701368904411 0.2934071562911784 0
1701368920297 0.33206212464585655 1
1701368925231 0.36249424047460516 2
1701368930053 0.3684311802364714 3
1701368934968 0.3698781535052024 4
1701368939857 0.3890486228839895 5
1701368955086 0.39297777299715336 6
1701368960973 0.39964631010692137 7
1701368966099 0.4019093025066722 8
1701368971019 0.40351901923391836 9
1701368975688 0.40978085099001965 10
1701368991647 0.40829350187877295 11
1701368996894 0.4107546119902152 12
1701369002477 0.41453385098677686 13
1701369007514 0.4160887348267293 14
1701369012223 0.4178953310752474 15
1701369028284 0.41695845475661586 16
1701369033740 0.4186065801490502 17
1701369038431 0.4179701890709569 18
1701369043020 0.41911707127603653 19
1701369047608 0.4174804310000728 20
1701369063625 0.418080833327966 21
1701369068473 0.41779867190404896 22
1701369073114 0.41991717835648795 23
1701369077637 0.4194725226502835 24
1701369082104 0.4196151094777499 25
1701369094247 0.4200847855710616 26
1701369099268 0.4196282436977166 27
1701369104003 0.41888111692108404 28
1701369108740 0.4194725226502835 29
1701369113360 0.4191769594754669 30
1701369125740 0.42021877925014284 31
1701369130605 0.42006846397589737 32
1701369135473 0.4199181401515569 33
1701369140072 0.4199181401515569 34
1701369144467 0.4196229071070942 35
1701369156589 0.4197732828206344 36
1701369161205 0.4197732828206344 37
1701369165837 0.4199290557687021 38
1701369170509 0.4197732828206344 39
1701369175082 0.4197732828206344 40
1701369187420 0.4197732828206344 41
1701369192178 0.4197732828206344 42
1701369196812 0.4197732828206344 43
1701369201387 0.4197732828206344 44
1701369205846 0.4197732828206344 45
1701369218268 0.4197732828206344 46
1701369223079 0.4197732828206344 47
1701369227749 0.4197732828206344 48
1701369232349 0.4197732828206344 49
1701369237021 0.4197732828206344 50
1701369249200 0.4197732828206344 51
1701369253981 0.4197732828206344 52
1701369258742 0.4197732828206344 53
1701369263481 0.4197732828206344 54
1701369268093 0.4197732828206344 55
1701369280661 0.4197732828206344 56
1701369285467 0.4197732828206344 57
1701369290190 0.4197732828206344 58
1701369294805 0.4197732828206344 59
1701369299394 0.4197732828206344 60
1701369311744 0.4197732828206344 61
1701369316577 0.4197732828206344 62
1701369321305 0.4197732828206344 63
1701369325994 0.4197732828206344 64
1701369330636 0.4197732828206344 65
1701369342797 0.4197732828206344 66
1701369347820 0.4197732828206344 67
1701369352462 0.4197732828206344 68
1701369357039 0.4197732828206344 69
1701369361581 0.4197732828206344 70
