1701368904411 0.4256978653530378 0
1701368920297 0.4628489326765189 1
1701368925231 0.4975369458128079 2
1701368930053 0.5069786535303776 3
1701368934968 0.5088259441707718 4
1701368939857 0.5285303776683087 5
1701368955086 0.5338669950738916 6
1701368960973 0.5426929392446633 7
1701368966099 0.5451559934318555 8
1701368971019 0.5472085385878489 9
1701368975688 0.5552134646962233 10
1701368991647 0.5539819376026273 11
1701368996894 0.5564449917898193 12
1701369002477 0.5617816091954023 13
1701369007514 0.5634236453201971 14
1701369012223 0.5660919540229885 15
1701369028284 0.5646551724137931 16
1701369033740 0.5669129720853858 17
1701369038431 0.5658866995073891 18
1701369043020 0.5675287356321839 19
1701369047608 0.5652709359605911 20
1701369063625 0.5660919540229885 21
1701369068473 0.5656814449917899 22
1701369073114 0.5685550082101807 23
1701369077637 0.5679392446633826 24
1701369082104 0.5681444991789819 25
1701369094247 0.56876026272578 26
1701369099268 0.5681444991789819 27
1701369104003 0.5671182266009852 28
1701369108740 0.5679392446633826 29
1701369113360 0.5675287356321839 30
1701369125740 0.5689655172413793 31
1701369130605 0.56876026272578 32
1701369135473 0.5685550082101807 33
1701369140072 0.5685550082101807 34
1701369144467 0.5681444991789819 35
1701369156589 0.5683497536945813 36
1701369161205 0.5683497536945813 37
1701369165837 0.5685550082101807 38
1701369170509 0.5683497536945813 39
1701369175082 0.5683497536945813 40
1701369187420 0.5683497536945813 41
1701369192178 0.5683497536945813 42
1701369196812 0.5683497536945813 43
1701369201387 0.5683497536945813 44
1701369205846 0.5683497536945813 45
1701369218268 0.5683497536945813 46
1701369223079 0.5683497536945813 47
1701369227749 0.5683497536945813 48
1701369232349 0.5683497536945813 49
1701369237021 0.5683497536945813 50
1701369249200 0.5683497536945813 51
1701369253981 0.5683497536945813 52
1701369258742 0.5683497536945813 53
1701369263481 0.5683497536945813 54
1701369268093 0.5683497536945813 55
1701369280661 0.5683497536945813 56
1701369285467 0.5683497536945813 57
1701369290190 0.5683497536945813 58
1701369294805 0.5683497536945813 59
1701369299394 0.5683497536945813 60
1701369311744 0.5683497536945813 61
1701369316577 0.5683497536945813 62
1701369321305 0.5683497536945813 63
1701369325994 0.5683497536945813 64
1701369330636 0.5683497536945813 65
1701369342797 0.5683497536945813 66
1701369347820 0.5683497536945813 67
1701369352462 0.5683497536945813 68
1701369357039 0.5683497536945813 69
1701369361581 0.5683497536945813 70
