1701368904411 0.34697615423642825 0
1701368920297 0.3776896668357856 1
1701368925231 0.40626340267207844 2
1701368930053 0.41387857263656347 3
1701368934968 0.4153663115169965 4
1701368939857 0.43189844410620665 5
1701368955086 0.4362342296634534 6
1701368960973 0.4434572974801285 7
1701368966099 0.44553331642144434 8
1701368971019 0.4472073397598512 9
1701368975688 0.4538520209707424 10
1701368991647 0.45269998308811094 11
1701368996894 0.45490596989683746 12
1701369002477 0.4591559276171148 13
1701369007514 0.46062903771351255 14
1701369012223 0.46271232876712326 15
1701369028284 0.46159961102655167 16
1701369033740 0.4634035176729241 17
1701369038431 0.46265355995264673 18
1701369043020 0.46393049213597165 19
1701369047608 0.46211677659394557 20
1701369063625 0.4627760865888719 21
1701369068473 0.462474632166413 22
1701369073114 0.4647834432606122 23
1701369077637 0.4642932521562659 24
1701369082104 0.46444275325553863 25
1701369094247 0.46496482327075933 26
1701369099268 0.4644623710468459 27
1701369104003 0.46363148993742603 28
1701369108740 0.4642932521562659 29
1701369113360 0.46396237104684596 30
1701369125740 0.46512413326568575 31
1701369130605 0.4649574665990191 32
1701369135473 0.46479079993235245 33
1701369140072 0.46479079993235245 34
1701369144467 0.4644599188229326 35
1701369156589 0.4646265854895992 36
1701369161205 0.4646265854895992 37
1701369165837 0.4647957043801793 38
1701369170509 0.4646265854895992 39
1701369175082 0.4646265854895992 40
1701369187420 0.4646265854895992 41
1701369192178 0.4646265854895992 42
1701369196812 0.4646265854895992 43
1701369201387 0.4646265854895992 44
1701369205846 0.4646265854895992 45
1701369218268 0.4646265854895992 46
1701369223079 0.4646265854895992 47
1701369227749 0.4646265854895992 48
1701369232349 0.4646265854895992 49
1701369237021 0.4646265854895992 50
1701369249200 0.4646265854895992 51
1701369253981 0.4646265854895992 52
1701369258742 0.4646265854895992 53
1701369263481 0.4646265854895992 54
1701369268093 0.4646265854895992 55
1701369280661 0.4646265854895992 56
1701369285467 0.4646265854895992 57
1701369290190 0.4646265854895992 58
1701369294805 0.4646265854895992 59
1701369299394 0.4646265854895992 60
1701369311744 0.4646265854895992 61
1701369316577 0.4646265854895992 62
1701369321305 0.4646265854895992 63
1701369325994 0.4646265854895992 64
1701369330636 0.4646265854895992 65
1701369342797 0.4646265854895992 66
1701369347820 0.4646265854895992 67
1701369352462 0.4646265854895992 68
1701369357039 0.4646265854895992 69
1701369361581 0.4646265854895992 70
