1701368904411 0.2910793561585065 0
1701368920297 0.3228530198306123 1
1701368925231 0.34741152129185887 2
1701368930053 0.35921717691518157 3
1701368934968 0.36384815909271334 4
1701368939857 0.36514198101407724 5
1701368955086 0.3701372961877158 6
1701368960973 0.37642070280320583 7
1701368966099 0.3769647385208026 8
1701368971019 0.378943750206699 9
1701368975688 0.381814420999842 10
1701368991647 0.3847756370824209 11
1701368996894 0.38137866593266473 12
1701369002477 0.3884447456573033 13
1701369007514 0.3863078467646677 14
1701369012223 0.3908058222848505 15
1701369028284 0.3881129638947424 16
1701369033740 0.39103012565203327 17
1701369038431 0.3879149566032527 18
1701369043020 0.3908329849210724 19
1701369047608 0.38835088135615564 20
1701369063625 0.3892691876609458 21
1701369068473 0.3880192499680981 22
1701369073114 0.39122907842680116 23
1701369077637 0.39041765799015565 24
1701369082104 0.3911203038277982 25
1701369094247 0.3909917712785451 26
1701369099268 0.3905323540581899 27
1701369104003 0.3896148074201833 28
1701369108740 0.39041765799015565 29
1701369113360 0.3900157764255128 30
1701369125740 0.39133874819388126 31
1701369130605 0.39116590032239307 32
1701369135473 0.39099313799121926 33
1701369140072 0.39099313799121926 34
1701369144467 0.39059004952590004 35
1701369156589 0.3907625255688811 36
1701369161205 0.3907625255688811 37
1701369165837 0.39087715960910363 38
1701369170509 0.3907625255688811 39
1701369175082 0.3907625255688811 40
1701369187420 0.3907625255688811 41
1701369192178 0.3907625255688811 42
1701369196812 0.3907625255688811 43
1701369201387 0.3907625255688811 44
1701369205846 0.3907625255688811 45
1701369218268 0.3907625255688811 46
1701369223079 0.3907625255688811 47
1701369227749 0.3907625255688811 48
1701369232349 0.3907625255688811 49
1701369237021 0.3907625255688811 50
1701369249200 0.3907625255688811 51
1701369253981 0.3907625255688811 52
1701369258742 0.3907625255688811 53
1701369263481 0.3907625255688811 54
1701369268093 0.3907625255688811 55
1701369280661 0.3907625255688811 56
1701369285467 0.3907625255688811 57
1701369290190 0.3907625255688811 58
1701369294805 0.3907625255688811 59
1701369299394 0.3907625255688811 60
1701369311744 0.3907625255688811 61
1701369316577 0.3907625255688811 62
1701369321305 0.3907625255688811 63
1701369325994 0.3907625255688811 64
1701369330636 0.3907625255688811 65
1701369342797 0.3907625255688811 66
1701369347820 0.3907625255688811 67
1701369352462 0.3907625255688811 68
1701369357039 0.3907625255688811 69
1701369361581 0.3907625255688811 70
