1701368904496 1.0490549965338274 0
1701368920390 1.042340746173611 1
1701368925307 1.0375533583876375 2
1701368930129 1.02998119515258 3
1701368935044 1.0264674378679943 4
1701368939934 1.0188010350450294 5
1701368955181 1.006339485769148 6
1701368961055 0.9986737920092298 7
1701368966421 0.985240334814245 8
1701368971093 0.9769258088879771 9
1701368975763 0.9697625698981347 10
1701368991745 0.9609781759125846 11
1701368996972 0.9569053502825947 12
1701369002556 0.9544806526852893 13
1701369007590 0.9493369289806911 14
1701369012298 0.9477379778762917 15
1701369028381 0.9462033347650007 16
1701369033814 0.9415447820316661 17
1701369038510 0.9395100714324357 18
1701369043096 0.937289035939551 19
1701369047684 0.9387241841910722 20
1701369063742 0.9367930819461872 21
1701369068549 0.9392058919002484 22
1701369073190 0.9349919727870396 23
1701369077713 0.9380148386026358 24
1701369082179 0.9357659778037628 25
1701369094322 0.9354909317834037 26
1701369099346 0.9364638003436002 27
1701369104080 0.9359055997489335 28
1701369108818 0.9340932740793599 29
1701369113436 0.9373564635004316 30
1701369125819 0.9359614253044128 31
1701369130686 0.9353389739990234 32
1701369135549 0.9343489826499641 33
1701369140147 0.933232370135072 34
1701369144543 0.9359714551405474 35
1701369156665 0.9345231017509064 36
1701369161282 0.9357263678080076 37
1701369165915 0.9355732210270771 38
1701369170585 0.9348664639832137 39
1701369175160 0.9326888709873348 40
1701369187497 0.9362171749015907 41
1701369192258 0.9356133604978586 42
1701369196888 0.9339205645895624 43
1701369201464 0.9337973540479486 44
1701369205923 0.9360008262968683 45
1701369218345 0.9339021831363826 46
1701369223158 0.9329439897041816 47
1701369227825 0.9352167581582999 48
1701369232426 0.9336571654716095 49
1701369237098 0.937506432657118 50
1701369249278 0.935012682691797 51
1701369254059 0.9350284585705051 52
1701369258842 0.9317575724093945 53
1701369263560 0.9335823724796246 54
1701369268172 0.9335288134488192 55
1701369280741 0.9366116709523387 56
1701369285544 0.9354834757842027 57
1701369290268 0.9366262431268568 58
1701369294884 0.9372003047497242 59
1701369299472 0.9353956448567378 60
1701369311823 0.9359604004141572 61
1701369316656 0.9370067584050166 62
1701369321382 0.9370361357540279 63
1701369326071 0.93488326630035 64
1701369330712 0.9360717031862829 65
1701369342877 0.9351993791468731 66
1701369347897 0.9373192121456195 67
1701369352538 0.9351416477909336 68
1701369357115 0.9378574498288044 69
1701369361658 0.9370300305354131 70
