1701376283303 0.12459132191984636 0
1701376301841 0.2664664817818226 1
1701376307980 0.19405229709406682 2
1701376313971 0.194390363355054 3
1701376319974 0.19402405898331396 4
1701376326042 0.194390363355054 5
1701376344214 0.19402405898331396 6
1701376350496 0.19512196920720568 7
1701376356469 0.19402405898331396 8
1701376362527 0.1947563332548847 9
1701376368611 0.1947563332548847 10
1701376388527 0.194390363355054 11
1701376394704 0.19512196920720568 12
1701376400783 0.19402405898331396 13
1701376406913 0.1965811839926003 14
1701376412870 0.1962168786073342 15
1701376431272 0.200231611378387 16
1701376437611 0.20195841043418516 17
1701376443654 0.20738099875309912 18
1701376449664 0.2128538787402924 19
1701376455563 0.22295515147387368 20
1701376475559 0.23213594477827917 21
1701376481885 0.23963143007577267 22
1701376487780 0.252463160402392 23
1701376493711 0.2584476726990618 24
1701376499507 0.2616378359557157 25
1701376517605 0.26245667485604945 26
1701376523670 0.2787433775546498 27
1701376529558 0.2790175683286144 28
1701376535413 0.2858042996473195 29
1701376541278 0.28993853733183683 30
1701376559461 0.30211901434376087 31
1701376565739 0.3049990834375562 32
1701376571612 0.3106969507774749 33
1701376577535 0.3123533262177232 34
1701376583460 0.3189707030213152 35
1701376601843 0.30940049363883854 36
1701376607922 0.3225116690624565 37
1701376613765 0.32515551222876543 38
1701376619550 0.3281427429162719 39
1701376625283 0.32268444376972877 40
1701376643212 0.32646240757192796 41
1701376649239 0.3307025776892151 42
1701376655097 0.3298991708175132 43
1701376660920 0.33071003385339304 44
1701376666668 0.3376344828727476 45
1701376684572 0.3371125363527936 46
1701376690607 0.33834779659568875 47
1701376696439 0.3426828703540556 48
1701376702212 0.3433148401243106 49
1701376707944 0.34033913048999626 50
1701376727293 0.34173316781865 51
1701376733294 0.34642276480064965 52
1701376739133 0.3465365456804286 53
1701376744911 0.3436869487631926 54
1701376750670 0.35414499486609774 55
1701376770065 0.3459781356519589 56
1701376776125 0.35134957794768157 57
1701376781962 0.3486792944010568 58
1701376787809 0.3530984877035129 59
1701376793561 0.35807289599783565 60
1701376807695 0.3563748055190126 61
1701376813649 0.3587410773123816 62
1701376819544 0.3625700453836059 63
1701376825348 0.3634750925660097 64
1701376831182 0.36199044407808295 65
1701376849840 0.35702039971552285 66
1701376855890 0.36652921385815745 67
1701376861747 0.3676164091127106 68
1701376867590 0.3696075328380659 69
1701376873338 0.3678604077053503 70
1701376891376 0.37042351411340046 71
1701376897409 0.37404467014161885 72
1701376903250 0.3714530015421576 73
1701376909037 0.3758889521081789 74
1701376914782 0.3772272774630175 75
1701376928976 0.3770186364905173 76
1701376934853 0.3792129668052304 77
1701376940712 0.3877344283041529 78
1701376946487 0.387891002701854 79
1701376952212 0.38091439754361095 80
1701376966170 0.38661703837057865 81
1701376973048 0.390095119007835 82
1701376978845 0.3905875600134255 83
1701376984735 0.38838442734393075 84
1701376990484 0.3935757914856887 85
1701377008915 0.39527327765209597 86
1701377014948 0.39684082783659136 87
1701377020834 0.3965558980049188 88
1701377027749 0.39746542287867376 89
1701377033697 0.4005012552730005 90
1701377051705 0.39856548785076035 91
1701377057706 0.39802388772550845 92
1701377063524 0.39589932278981604 93
1701377069291 0.4018211960078924 94
1701377075007 0.40141694512297593 95
1701377089361 0.4056105449057193 96
1701377095304 0.40250356920086566 97
1701377101290 0.40731050547934444 98
1701377107160 0.407886792559097 99
1701377113035 0.403545986039445 100
1701377127965 0.4065849342539427 101
1701377133938 0.4058879560336129 102
1701377139859 0.40656043897536104 103
1701377146024 0.4088547803562288 104
1701377151857 0.4071630384454303 105
1701377166127 0.40594065307723354 106
1701377172090 0.41202611856755816 107
1701377179784 0.4106043079453869 108
1701377186351 0.4092076383462884 109
1701377192655 0.41110877813309027 110
1701377207254 0.4083852695300685 111
1701377213712 0.41213863695366343 112
1701377219952 0.4124852049119692 113
1701377226093 0.4125088130669334 114
1701377232279 0.41382102333493725 115
1701377247241 0.41173073254740106 116
1701377253653 0.4155163350694849 117
1701377260030 0.4129958116021917 118
1701377266462 0.4127682175150693 119
1701377272721 0.41751189570349095 120
1701377287526 0.41646166046291766 121
1701377293905 0.4154737109103797 122
1701377300187 0.4175104472852757 123
1701377306516 0.41781339054859856 124
1701377312736 0.41439294221882256 125
1701377327621 0.4158907289778764 126
1701377334155 0.4182386748506451 127
1701377340539 0.4193684281699746 128
1701377346786 0.41823037133094454 129
1701377353012 0.4232414829205802 130
1701377367789 0.42261161103686673 131
1701377374151 0.42036926346549786 132
1701377380606 0.4212056828366528 133
1701377387057 0.42117471076506563 134
1701377393381 0.4214243251157632 135
1701377407874 0.4200717816142517 136
1701377414102 0.4222545442507408 137
1701377420260 0.42557577752618075 138
1701377426315 0.4246349136100513 139
1701377432314 0.4264513949659589 140
