1701376283303 0.33684073251942287 0
1701376301841 0.3554239733629301 1
1701376307980 0.3333333333333333 2
1701376313971 0.3335024522239134 3
1701376319974 0.3333333333333333 4
1701376326042 0.3335024522239134 5
1701376344214 0.3333333333333333 6
1701376350496 0.3338406900050736 7
1701376356469 0.3333333333333333 8
1701376362527 0.33367157111449347 9
1701376368611 0.33367157111449347 10
1701376388527 0.3335024522239134 11
1701376394704 0.3338406900050736 12
1701376400783 0.3333333333333333 13
1701376406913 0.3345171655673939 14
1701376412870 0.33434804667681384 15
1701376431272 0.33620835447319464 16
1701376437611 0.3368872822594284 17
1701376443654 0.3395907322847962 18
1701376449664 0.34196330120074414 19
1701376455563 0.3465368679181465 20
1701376475559 0.35126974463047517 21
1701376481885 0.35466193133773044 22
1701376487780 0.36076492474209365 23
1701376493711 0.36447573143920176 24
1701376499507 0.3653409436834094 25
1701376517605 0.365681633688483 26
1701376523670 0.3738263148993743 27
1701376529558 0.37366455268053445 28
1701376535413 0.37689742939286325 29
1701376541278 0.37959842719431763 30
1701376559461 0.38489996617622185 31
1701376565739 0.386924488415356 32
1701376571612 0.3904808895653645 33
1701376577535 0.3905078640284119 34
1701376583460 0.3952382885168273 35
1701376601843 0.3888117706747844 36
1701376607922 0.3964539996617622 37
1701376613765 0.3974907830204633 38
1701376619550 0.3980471841704718 39
1701376625283 0.3953094030103162 40
1701376643212 0.39703001860307796 41
1701376649239 0.40023592085235915 42
1701376655097 0.40038051750380516 43
1701376660920 0.4000741586335194 44
1701376666668 0.4020350076103501 45
1701376684572 0.40349577202773546 46
1701376690607 0.40287324539151026 47
1701376696439 0.40559140876035854 48
1701376702212 0.40675562320311176 49
1701376707944 0.4030840520886183 50
1701376727293 0.4040987654320987 51
1701376733294 0.4092825976661593 52
1701376739133 0.40749585658718085 53
1701376744911 0.4056232876712329 54
1701376750670 0.41179249112125826 55
1701376770065 0.4063389988161677 56
1701376776125 0.40877287332995094 57
1701376781962 0.4073978521900896 58
1701376787809 0.4104591577879249 59
1701376793561 0.413868510062574 60
1701376807695 0.4117018433959074 61
1701376813649 0.41405479452054794 62
1701376819544 0.41581219347201087 63
1701376825348 0.41600828682563845 64
1701376831182 0.4144984779299848 65
1701376849840 0.4110817689835955 66
1701376855890 0.41742499577202774 67
1701376861747 0.4185990191104347 68
1701376867590 0.420932352443768 69
1701376873338 0.41892499577202774 70
1701376891376 0.4209715880263825 71
1701376897409 0.42306232031117874 72
1701376903250 0.4216652291560967 73
1701376909037 0.42490791476407913 74
1701376914782 0.4259471503466938 75
1701376928976 0.4249790292575681 76
1701376934853 0.4276358870285811 77
1701376940712 0.434802638254693 78
1701376946487 0.4346703027228141 79
1701376952212 0.428363859293083 80
1701376966170 0.43363106714019956 81
1701376973048 0.4367046338576019 82
1701376978845 0.4373614916286149 83
1701376984735 0.4351653982749873 84
1701376990484 0.43946203280906476 85
1701377008915 0.4411458650431253 86
1701377014948 0.4429791983764586 87
1701377020834 0.4424890072721123 88
1701377027749 0.44272188398444107 89
1701377033697 0.44606993066125483 90
1701377051705 0.4445159817351598 91
1701377057706 0.44263859293083035 92
1701377063524 0.4412022661931338 93
1701377069291 0.4471336884830035 94
1701377075007 0.4466312362590901 95
1701377089361 0.45041806189751393 96
1701377095304 0.4479596651445967 97
1701377101290 0.45256756299678674 98
1701377107160 0.45308227634026715 99
1701377113035 0.4483812785388128 100
1701377127965 0.45174894300693386 101
1701377133938 0.45089844410620666 102
1701377139859 0.4510038897344833 103
1701377146024 0.4535210553018772 104
1701377151857 0.4517955352612886 105
1701377166127 0.4504597497040419 106
1701377172090 0.4568838153221715 107
1701377179784 0.4555112464062236 108
1701377186351 0.45386664975477764 109
1701377192655 0.45586419753086416 110
1701377207254 0.45317055640114995 111
1701377213712 0.4567514797902925 112
1701377219952 0.45724902756637914 113
1701377226093 0.45712650093015395 114
1701377232279 0.45877845425334013 115
1701377247241 0.45629561982073397 116
1701377253653 0.46077600202942665 117
1701377260030 0.45791324200913247 118
1701377266462 0.45746228648740067 119
1701377272721 0.46268780652798913 120
1701377287526 0.461361829866396 121
1701377293905 0.460192710975816 122
1701377300187 0.46262895315406727 123
1701377306516 0.46271232876712326 124
1701377312736 0.4591534753932014 125
1701377327621 0.46069761542364285 126
1701377334155 0.4632245898866903 127
1701377340539 0.46455792322002365 128
1701377346786 0.4632221376627769 129
1701377353012 0.4686118721461187 130
1701377367789 0.46808489768307115 131
1701377374151 0.4657172332149501 132
1701377380606 0.46646727549467276 133
1701377387057 0.46640596989683747 134
1701377393381 0.46673930323017077 135
1701377407874 0.4652368510062574 136
1701377414102 0.4674697277185862 137
1701377420260 0.4714721799424996 138
1701377426315 0.47013394216133947 139
1701377432314 0.47214620328090645 140
