1701376283425 1.1226300975076513 0
1701376301988 1.1020035361931995 1
1701376308096 1.0883249800189647 2
1701376314089 1.078318634064369 3
1701376320091 1.0708767308129206 4
1701376326158 1.065339509957756 5
1701376344365 1.0616253030066396 6
1701376350612 1.0574105592334972 7
1701376356585 1.0551564814218508 8
1701376362646 1.0524871664888718 9
1701376368726 1.051123143800723 10
1701376388676 1.048679579706753 11
1701376394821 1.0485709052459866 12
1701376400903 1.046232991748386 13
1701376407030 1.0450810957578271 14
1701376412986 1.0452794861170203 15
1701376431430 1.0450573489556905 16
1701376437729 1.043083163258297 17
1701376443770 1.0429796876471027 18
1701376449778 1.0425873885746875 19
1701376455679 1.042117948625602 20
1701376475712 1.0420865171095903 21
1701376482002 1.0412821925543492 22
1701376487897 1.0401984554490233 23
1701376493828 1.0415632611785839 24
1701376499623 1.0402719545987695 25
1701376517754 1.0394468291912204 26
1701376523787 1.0394648547266043 27
1701376529674 1.0393062475460026 28
1701376535530 1.0385563615100835 29
1701376541395 1.038824326072643 30
1701376559606 1.0375739211350485 31
1701376565855 1.0382478396876964 32
1701376571728 1.037715580728319 33
1701376577650 1.0382708930501752 34
1701376583576 1.0359215381877873 35
1701376601993 1.0361205039460675 36
1701376608037 1.036215460767933 37
1701376613880 1.0355707399206224 38
1701376619665 1.0354365702548058 39
1701376625398 1.034719174204309 40
1701376643354 1.0343618003371495 41
1701376649355 1.0334010412490446 42
1701376655212 1.032604025080313 43
1701376661035 1.0332757920221565 44
1701376666783 1.031682737902099 45
1701376684713 1.0314662822710923 46
1701376690723 1.0308814547420326 47
1701376696554 1.0298812615326027 48
1701376702328 1.0302790021584705 49
1701376708059 1.028969975857953 50
1701376727436 1.0299451978378047 51
1701376733410 1.0278564473382787 52
1701376739247 1.0279953238231685 53
1701376745028 1.026263870834525 54
1701376750787 1.0260094599007001 55
1701376770208 1.0244702030630672 56
1701376776244 1.0246467769535539 57
1701376782078 1.0242709661620895 58
1701376787926 1.0224995071591894 59
1701376793678 1.021586820191028 60
1701376807815 1.0211163767023024 61
1701376813766 1.0206492095211752 62
1701376819660 1.0198815694821426 63
1701376825464 1.0178923735431595 64
1701376831300 1.0179670799791423 65
1701376849995 1.0169172746683257 66
1701376856007 1.0154185104214288 67
1701376861865 1.0148565056277257 68
1701376867707 1.013295785274381 69
1701376873456 1.0129263143913418 70
1701376891524 1.0110526673154894 71
1701376897526 1.0097508060386757 72
1701376903369 1.0095166575674916 73
1701376909154 1.0081525180074904 74
1701376914900 1.0066733075902352 75
1701376929094 1.0058758371795704 76
1701376934970 1.0047247783810485 77
1701376940829 1.0031687523804458 78
1701376946606 1.0013763573434618 79
1701376952330 1.0009128065670239 80
1701376966288 0.999325818096111 81
1701376973166 0.9984936694693721 82
1701376978964 0.9967642005752114 83
1701376984852 0.9951820533260022 84
1701376990602 0.9941716622682958 85
1701377009071 0.9924688004200755 86
1701377015067 0.9910597306450987 87
1701377020963 0.9912644663667367 88
1701377027881 0.9887218385740043 89
1701377033814 0.9873373707135519 90
1701377051857 0.9861370406898797 91
1701377057822 0.9851493052407807 92
1701377063639 0.984787254162084 93
1701377069406 0.9829250671505149 94
1701377075125 0.9822586287859998 95
1701377089479 0.9786621768490161 96
1701377095421 0.978267685260648 97
1701377101406 0.97567024417952 98
1701377107284 0.9762485323388592 99
1701377113151 0.974416545793122 100
1701377128080 0.9739807949346655 101
1701377134053 0.9723348325374079 102
1701377139976 0.9692272769859414 103
1701377146140 0.9712096203386394 104
1701377151974 0.9689856958545111 105
1701377166242 0.9673144412196539 106
1701377172205 0.9641130823715061 107
1701377179904 0.9642692819919462 108
1701377186481 0.9623440044378143 109
1701377192773 0.9598480774686228 110
1701377207381 0.9621721661947911 111
1701377213829 0.9605175587866042 112
1701377220069 0.9574882855602339 113
1701377226209 0.9552032285266452 114
1701377232396 0.9560249241348965 115
1701377247359 0.9533855751448986 116
1701377253770 0.9543187871477963 117
1701377260145 0.951673701308132 118
1701377266578 0.9524799877522039 119
1701377272839 0.9497351673693438 120
1701377287642 0.9479642849342496 121
1701377294022 0.9465925950630039 122
1701377300304 0.9458735705980288 123
1701377306634 0.9435646572923349 124
1701377312854 0.9446572174433789 125
1701377327742 0.9423168730112462 126
1701377334278 0.9424951434914582 127
1701377340655 0.9429649683385114 128
1701377346902 0.940781019871531 129
1701377353131 0.9377082921321096 130
1701377367906 0.9371651991520052 131
1701377374268 0.939510171709497 132
1701377380723 0.9381982049131705 133
1701377387173 0.9378019283020419 134
1701377393498 0.9357265619670644 135
1701377407990 0.9326983366916383 136
1701377414221 0.9321064465965321 137
1701377420376 0.9317071632622114 138
1701377426431 0.9303561425676533 139
1701377432431 0.9302844116890353 140
