1701376283303 0.14693171996542784 0
1701376301841 0.2222363925696366 1
1701376307980 0.1368644357763635 2
1701376313971 0.47019776910969685 3
1701376319974 0.13683634373289547 4
1701376326042 0.47019776910969685 5
1701376344214 0.13683634373289547 6
1701376350496 0.47025398781406175 7
1701376356469 0.13683634373289547 8
1701376362527 0.4702258726899384 9
1701376368611 0.4702258726899384 10
1701376388527 0.47019776910969685 11
1701376394704 0.47025398781406175 12
1701376400783 0.13683634373289547 13
1701376406913 0.47036656389174375 14
1701376412870 0.47033840252089326 15
1701376431272 0.45215858627477906 16
1701376437611 0.44300055005500544 17
1701376443654 0.46247341564502903 18
1701376449664 0.453765227021041 19
1701376455563 0.44647056089967013 20
1701376475559 0.44810501520195706 21
1701376481885 0.4485156194908681 22
1701376487780 0.4423984254644935 23
1701376493711 0.44597613584490414 24
1701376499507 0.43979885057471263 25
1701376517605 0.4330462249564171 26
1701376523670 0.4287567356691781 27
1701376529558 0.42977776789914907 28
1701376535413 0.42362320571384976 29
1701376541278 0.4284767858096917 30
1701376559461 0.4167273989241715 31
1701376565739 0.4202448005916368 32
1701376571612 0.41945404359827004 33
1701376577535 0.41931018603417264 34
1701376583460 0.41671888633214604 35
1701376601843 0.414500871898055 36
1701376607922 0.41650413634221684 37
1701376613765 0.41545780352457523 38
1701376619550 0.40636322463768115 39
1701376625283 0.4070630461922597 40
1701376643212 0.4027961562696912 41
1701376649239 0.40767991837627077 42
1701376655097 0.41351284465691246 43
1701376660920 0.4045396317523457 44
1701376666668 0.39552964042759964 45
1701376684572 0.40270871779171036 46
1701376690607 0.39492882732724105 47
1701376696439 0.39992094923901833 48
1701376702212 0.4001417244718795 49
1701376707944 0.39293919588037235 50
1701376727293 0.394647069077491 51
1701376733294 0.4051983486474499 52
1701376739133 0.39377786068436427 53
1701376744911 0.3936457403682638 54
1701376750670 0.39032571646547803 55
1701376770065 0.3904724345214083 56
1701376776125 0.3885693095874892 57
1701376781962 0.3862083987534494 58
1701376787809 0.3879172728042426 59
1701376793561 0.38841824499584005 60
1701376807695 0.38491713778960207 61
1701376813649 0.38693839235862876 62
1701376819544 0.38373438655216563 63
1701376825348 0.38232271234442594 64
1701376831182 0.3803228399573541 65
1701376849840 0.37924826080451624 66
1701376855890 0.3792581493913243 67
1701376861747 0.38032638164488414 68
1701376867590 0.3845715575111412 69
1701376873338 0.3824114369720948 70
1701376891376 0.38180852168845364 71
1701376897409 0.380579592879621 72
1701376903250 0.3805440518808367 73
1701376909037 0.3831791755227303 74
1701376914782 0.3808711525077791 75
1701376928976 0.37830334848709973 76
1701376934853 0.3834479387872047 77
1701376940712 0.38429504534117953 78
1701376946487 0.3813923811596724 79
1701376952212 0.38188276405787214 80
1701376966170 0.3826350336457272 81
1701376973048 0.3827045296861569 82
1701376978845 0.3843088355100625 83
1701376984735 0.38307843040931844 84
1701376990484 0.38275284792046466 85
1701377008915 0.3845006612085376 86
1701377014948 0.38671440382632016 87
1701377020834 0.3858850025288298 88
1701377027749 0.38386288362486937 89
1701377033697 0.38732342696186456 90
1701377051705 0.3871962531373781 91
1701377057706 0.38042246615254244 92
1701377063524 0.3824261452384338 93
1701377069291 0.3854093547467959 94
1701377075007 0.38517564963331036 95
1701377089361 0.38553967232733627 96
1701377095304 0.3867673901188844 97
1701377101290 0.3881955422025669 98
1701377107160 0.38841980889570715 99
1701377113035 0.38424840651823106 100
1701377127965 0.3862831725199151 101
1701377133938 0.38664461417754875 102
1701377139859 0.38336866132837644 103
1701377146024 0.3855522748379186 104
1701377151857 0.38604258907864225 105
1701377166127 0.38448949280363903 106
1701377172090 0.388610399237221 107
1701377179784 0.3882010658322761 108
1701377186351 0.38552711319621585 109
1701377192655 0.3884163557724645 110
1701377207254 0.385339312406577 111
1701377213712 0.3878260608595305 112
1701377219952 0.38807099374985476 113
1701377226093 0.38658798406778105 114
1701377232279 0.3883075510062617 115
1701377247241 0.3854551424115571 116
1701377253653 0.390220440601367 117
1701377260030 0.38856526429341964 118
1701377266462 0.3866812625433315 119
1701377272721 0.3902389736816175 120
1701377287526 0.38911583284702483 121
1701377293905 0.3882091595078907 122
1701377300187 0.39280813438311446 123
1701377306516 0.39048225849039847 124
1701377312736 0.38797495137925025 125
1701377327621 0.3884246348447946 126
1701377334155 0.3904547387693455 127
1701377340539 0.3915950063494979 128
1701377346786 0.3905135195432477 129
1701377353012 0.3949122953041333 130
1701377367789 0.39466957201144903 131
1701377374151 0.3929321886015302 132
1701377380606 0.39159406108587963 133
1701377387057 0.3936073797954367 134
1701377393381 0.3937640120521498 135
1701377407874 0.39225031422663115 136
1701377414102 0.39310384483031635 137
1701377420260 0.396102649417217 138
1701377426315 0.3958768800836097 139
1701377432314 0.39760434392417837 140
