1701376283303 0.19376026272577998 0
1701376301841 0.38013136288998356 1
1701376307980 0.41050903119868637 2
1701376313971 0.4107142857142857 3
1701376319974 0.41050903119868637 4
1701376326042 0.4107142857142857 5
1701376344214 0.41050903119868637 6
1701376350496 0.4111247947454844 7
1701376356469 0.41050903119868637 8
1701376362527 0.4109195402298851 9
1701376368611 0.4109195402298851 10
1701376388527 0.4107142857142857 11
1701376394704 0.4111247947454844 12
1701376400783 0.41050903119868637 13
1701376406913 0.4119458128078818 14
1701376412870 0.41174055829228245 15
1701376431272 0.4139983579638752 16
1701376437611 0.41481937602627256 17
1701376443654 0.41810344827586204 18
1701376449664 0.4209770114942529 19
1701376455563 0.42651888341543515 20
1701376475559 0.43226600985221675 21
1701376481885 0.4363711001642036 22
1701376487780 0.44376026272577995 23
1701376493711 0.4482758620689655 24
1701376499507 0.4493021346469622 25
1701376517605 0.44971264367816094 26
1701376523670 0.4595648604269294 27
1701376529558 0.45935960591133007 28
1701376535413 0.46325944170771755 29
1701376541278 0.4665435139573071 30
1701376559461 0.4729064039408867 31
1701376565739 0.4753694581280788 32
1701376571612 0.47967980295566504 33
1701376577535 0.47967980295566504 34
1701376583460 0.48542692939244664 35
1701376601843 0.4776272577996716 36
1701376607922 0.48686371100164205 37
1701376613765 0.4880952380952381 38
1701376619550 0.4887110016420361 39
1701376625283 0.48542692939244664 40
1701376643212 0.48747947454844004 41
1701376649239 0.49137931034482757 42
1701376655097 0.49158456486042695 43
1701376660920 0.49117405582922824 44
1701376666668 0.493431855500821 45
1701376684572 0.4952791461412151 46
1701376690607 0.4944581280788177 47
1701376696439 0.4977422003284072 48
1701376702212 0.49917898193760263 49
1701376707944 0.49466338259441706 50
1701376727293 0.49589490968801314 51
1701376733294 0.5022577996715928 52
1701376739133 0.5 53
1701376744911 0.4977422003284072 54
1701376750670 0.5051313628899836 55
1701376770065 0.4985632183908046 56
1701376776125 0.5014367816091954 57
1701376781962 0.49979474548440067 58
1701376787809 0.5034893267651889 59
1701376793561 0.5075944170771757 60
1701376807695 0.5049261083743842 61
1701376813649 0.5077996715927751 62
1701376819544 0.5098522167487685 63
1701376825348 0.5100574712643678 64
1701376831182 0.5082101806239737 65
1701376849840 0.5041050903119869 66
1701376855890 0.5116995073891626 67
1701376861747 0.513136288998358 68
1701376867590 0.5160098522167488 69
1701376873338 0.5135467980295566 70
1701376891376 0.5160098522167488 71
1701376897409 0.5184729064039408 72
1701376903250 0.5168308702791461 73
1701376909037 0.5207307060755336 74
1701376914782 0.5219622331691297 75
1701376928976 0.5207307060755336 76
1701376934853 0.5240147783251231 77
1701376940712 0.5326354679802956 78
1701376946487 0.5324302134646962 79
1701376952212 0.5248357963875205 80
1701376966170 0.5311986863711001 81
1701376973048 0.5348932676518884 82
1701376978845 0.5357142857142857 83
1701376984735 0.5330459770114943 84
1701376990484 0.5381773399014779 85
1701377008915 0.5402298850574713 86
1701377014948 0.5424876847290641 87
1701377020834 0.541871921182266 88
1701377027749 0.5420771756978654 89
1701377033697 0.5461822660098522 90
1701377051705 0.5443349753694581 91
1701377057706 0.541871921182266 92
1701377063524 0.5402298850574713 93
1701377069291 0.5474137931034483 94
1701377075007 0.5467980295566502 95
1701377089361 0.5513136288998358 96
1701377095304 0.548440065681445 97
1701377101290 0.5539819376026273 98
1701377107160 0.5545977011494253 99
1701377113035 0.5488505747126436 100
1701377127965 0.5529556650246306 101
1701377133938 0.5519293924466339 102
1701377139859 0.5519293924466339 103
1701377146024 0.555008210180624 104
1701377151857 0.5529556650246306 105
1701377166127 0.5513136288998358 106
1701377172090 0.5591133004926109 107
1701377179784 0.5574712643678161 108
1701377186351 0.5554187192118226 109
1701377192655 0.5578817733990148 110
1701377207254 0.5545977011494253 111
1701377213712 0.5589080459770115 112
1701377219952 0.5595238095238095 113
1701377226093 0.5593185550082101 114
1701377232279 0.5613711001642037 115
1701377247241 0.5582922824302134 116
1701377253653 0.5638341543513957 117
1701377260030 0.5603448275862069 118
1701377266462 0.5597290640394089 119
1701377272721 0.5660919540229885 120
1701377287526 0.5644499178981938 121
1701377293905 0.5630131362889984 122
1701377300187 0.5660919540229885 123
1701377306516 0.5660919540229885 124
1701377312736 0.5617816091954023 125
1701377327621 0.5636288998357963 126
1701377334155 0.5667077175697866 127
1701377340539 0.5683497536945813 128
1701377346786 0.5667077175697866 129
1701377353012 0.5732758620689655 130
1701377367789 0.5726600985221675 131
1701377374151 0.5697865353037767 132
1701377380606 0.5706075533661741 133
1701377387057 0.5706075533661741 134
1701377393381 0.5710180623973727 135
1701377407874 0.5691707717569786 136
1701377414102 0.5718390804597702 137
1701377420260 0.5767651888341544 138
1701377426315 0.5751231527093597 139
1701377432314 0.5775862068965517 140
