1701373770580 0.42508210180623973 0
1701373789541 0.5486453201970444 1
1701373795059 0.5954433497536946 2
1701373799917 0.6151477832512315 3
1701373804665 0.6254105090311987 4
1701373809360 0.6330049261083743 5
1701373826551 0.6330049261083743 6
1701373831442 0.6395730706075534 7
1701373836180 0.6405993431855501 8
1701373840829 0.6412151067323482 9
1701373845442 0.6403940886699507 10
1701373857872 0.6399835796387521 11
1701373862587 0.6408045977011494 12
1701373867220 0.6426518883415435 13
1701373871823 0.6414203612479474 14
1701373876380 0.6412151067323482 15
1701373888483 0.6422413793103449 16
1701373893194 0.6414203612479474 17
1701373897883 0.6408045977011494 18
1701373902527 0.638136288998358 19
1701373907117 0.6403940886699507 20
1701373919245 0.6422413793103449 21
1701373924007 0.6416256157635468 22
1701373928639 0.6414203612479474 23
1701373933211 0.6395730706075534 24
1701373937709 0.6416256157635468 25
1701373949914 0.6401888341543513 26
1701373954617 0.6426518883415435 27
1701373959238 0.6385467980295566 28
1701373963762 0.6389573070607554 29
1701373968291 0.6399835796387521 30
1701373980367 0.6420361247947455 31
1701373985108 0.6399835796387521 32
1701373989696 0.6401888341543513 33
1701373994225 0.6420361247947455 34
1701373998715 0.6408045977011494 35
1701374010750 0.6410098522167488 36
1701374015412 0.6418308702791461 37
1701374019983 0.6403940886699507 38
1701374024538 0.6405993431855501 39
1701374029058 0.6412151067323482 40
1701374045665 0.6410098522167488 41
1701374050467 0.6426518883415435 42
1701374055101 0.6416256157635468 43
1701374059692 0.6385467980295566 44
1701374064233 0.6410098522167488 45
1701374076202 0.6397783251231527 46
1701374080894 0.6414203612479474 47
1701374085473 0.6410098522167488 48
1701374089969 0.6418308702791461 49
1701374094432 0.6428571428571429 50
1701374106587 0.6422413793103449 51
1701374111268 0.6397783251231527 52
1701374115887 0.6412151067323482 53
1701374120417 0.6399835796387521 54
1701374124905 0.6395730706075534 55
1701374138364 0.6424466338259441 56
1701374142988 0.6401888341543513 57
1701374147559 0.6401888341543513 58
1701374152093 0.6410098522167488 59
1701374156570 0.639367816091954 60
1701374170045 0.6385467980295566 61
1701374174772 0.6418308702791461 62
1701374179406 0.6418308702791461 63
1701374184007 0.6401888341543513 64
1701374188603 0.6416256157635468 65
1701374200673 0.6414203612479474 66
1701374205361 0.6432676518883416 67
1701374209971 0.6401888341543513 68
1701374214534 0.6403940886699507 69
1701374219031 0.6414203612479474 70
1701374231396 0.6412151067323482 71
1701374236077 0.6422413793103449 72
1701374240665 0.6412151067323482 73
1701374245198 0.6397783251231527 74
1701374249664 0.6377257799671593 75
1701374261452 0.6410098522167488 76
1701374266079 0.6403940886699507 77
1701374270642 0.6412151067323482 78
1701374275137 0.6385467980295566 79
1701374279560 0.6416256157635468 80
1701374291610 0.6395730706075534 81
1701374296234 0.6420361247947455 82
1701374300793 0.6422413793103449 83
1701374305283 0.6405993431855501 84
1701374309732 0.6410098522167488 85
1701374321710 0.6416256157635468 86
1701374326374 0.6385467980295566 87
1701374330953 0.6377257799671593 88
1701374335520 0.6410098522167488 89
1701374340021 0.6401888341543513 90
