1701373770580 0.3112350450834264 0
1701373789541 0.40402583757317284 1
1701373795059 0.43998183188383594 2
1701373799917 0.4553330729875304 3
1701373804665 0.4632468360287523 4
1701373809360 0.47168831292637 5
1701373826551 0.4711090780859886 6
1701373831442 0.48151588402669193 7
1701373836180 0.4848309254321856 8
1701373840829 0.48533042924341235 9
1701373845442 0.48528021956138073 10
1701373857872 0.48375951345227314 11
1701373862587 0.48439993957283045 12
1701373867220 0.48628995451894114 13
1701373871823 0.4848030772198088 14
1701373876380 0.48469518245383064 15
1701373888483 0.48604664619904453 16
1701373893194 0.4860302587920991 17
1701373897883 0.4850610734638539 18
1701373902527 0.4817814953285839 19
1701373907117 0.4851933303201221 20
1701373919245 0.48664312954982775 21
1701373924007 0.4855210773468672 22
1701373928639 0.4843038980560436 23
1701373933211 0.48406205117771695 24
1701373937709 0.48614897300058807 25
1701373949914 0.48449805210280394 26
1701373954617 0.4857188238777192 27
1701373959238 0.48202680950559085 28
1701373963762 0.4835996855027269 29
1701373968291 0.48364463146292774 30
1701373980367 0.4864453801271156 31
1701373985108 0.4855444728081902 32
1701373989696 0.4850529032381767 33
1701373994225 0.48512889321927016 34
1701373998715 0.48436223574809695 35
1701374010750 0.48389687316440017 36
1701374015412 0.48697717071805197 37
1701374019983 0.48587214240691967 38
1701374024538 0.4841911745611378 39
1701374029058 0.48638081889649604 40
1701374045665 0.48511142971659416 41
1701374050467 0.48571765993032184 42
1701374055101 0.48557882672143854 43
1701374059692 0.48261644806540765 44
1701374064233 0.4844233075725031 45
1701374076202 0.48293541560558634 46
1701374080894 0.4872349566157643 47
1701374085473 0.48443372021917247 48
1701374089969 0.4869689775365795 49
1701374094432 0.48710015905544973 50
1701374106587 0.48592034706897663 51
1701374111268 0.4848040887729146 52
1701374115887 0.4845950597230424 53
1701374120417 0.48370680060393717 54
1701374124905 0.48345472534383777 55
1701374138364 0.4874890868614922 56
1701374142988 0.4845119080276472 57
1701374147559 0.483353841870267 58
1701374152093 0.486991497725834 59
1701374156570 0.4827028629638645 60
1701374170045 0.48203408283083454 61
1701374174772 0.48751855535873395 62
1701374179406 0.48576105605888387 63
1701374184007 0.48512001654078635 64
1701374188603 0.48808955969478446 65
1701374200673 0.4854599774071071 66
1701374205361 0.4861366529330305 67
1701374209971 0.4850945856687907 68
1701374214534 0.48520371189692457 69
1701374219031 0.48480355693060234 70
1701374231396 0.48645831433807674 71
1701374236077 0.4866689557737083 72
1701374240665 0.4846370108426681 73
1701374245198 0.4860234711990122 74
1701374249664 0.48080434177704484 75
1701374261452 0.48694870559836273 76
1701374266079 0.4840711449119894 77
1701374270642 0.48535075523007554 78
1701374275137 0.4832406909305034 79
1701374279560 0.4874568823725444 80
1701374291610 0.4840717375893809 81
1701374296234 0.48584291532801194 82
1701374300793 0.48599917584196284 83
1701374305283 0.4859547585626432 84
1701374309732 0.4845032938670863 85
1701374321710 0.4867709269648808 86
1701374326374 0.4845981711973981 87
1701374330953 0.4814628996667522 88
1701374335520 0.4864071977738716 89
1701374340021 0.483881785256725 90
