1701373770704 1.0487288066319056 0
1701373789720 0.9530433253808455 1
1701373795184 0.8788441868571492 2
1701373800033 0.8380131566679323 3
1701373804783 0.812927604495705 4
1701373809477 0.7995529561847835 5
1701373826705 0.7968654833830796 6
1701373831559 0.7912711330822536 7
1701373836299 0.7898882805527031 8
1701373840946 0.7872718007533581 9
1701373845559 0.785824179649353 10
1701373857989 0.7842468719977838 11
1701373862704 0.782915326682004 12
1701373867342 0.7857224407134118 13
1701373871940 0.7887371538521407 14
1701373876497 0.7857157549300751 15
1701373888603 0.7844051385854746 16
1701373893313 0.7853158302121348 17
1701373898001 0.783349034074065 18
1701373902644 0.7837649235477695 19
1701373907235 0.7867803465236317 20
1701373919363 0.7839638149583494 21
1701373924126 0.7861015510249447 22
1701373928756 0.7854119485074823 23
1701373933329 0.7857306878288071 24
1701373937826 0.7837744680317965 25
1701373950031 0.7915053150870583 26
1701373954734 0.7862220406532288 27
1701373959356 0.7871341728544855 28
1701373963879 0.7820688540285284 29
1701373968409 0.7897471801027075 30
1701373980485 0.7834459071035509 31
1701373985226 0.7867442268829841 32
1701373989813 0.7826887996165783 33
1701373994342 0.7888958268351369 34
1701373998832 0.7889592709479394 35
1701374010866 0.7855071386733612 36
1701374015530 0.7856160247480715 37
1701374020100 0.7863597924059088 38
1701374024656 0.7876160044174689 39
1701374029190 0.7857321222107132 40
1701374045817 0.7846221033628885 41
1701374050584 0.7828103675470723 42
1701374055218 0.7877742470084846 43
1701374059811 0.7868719069988697 44
1701374064350 0.7872207017688008 45
1701374076321 0.7871291072337658 46
1701374081011 0.7905339234835141 47
1701374085590 0.783018420268963 48
1701374090085 0.7886472390843676 49
1701374094551 0.7924481730956536 50
1701374106704 0.7863607785918496 51
1701374111387 0.7863344480464984 52
1701374116004 0.7878358100915884 53
1701374120534 0.7853717703323859 54
1701374125023 0.7827797973310793 55
1701374138481 0.787580744786696 56
1701374143107 0.7869183088277841 57
1701374147678 0.7857808757137943 58
1701374152217 0.7876831695630953 59
1701374156690 0.7888909144835039 60
1701374170174 0.7859960035844282 61
1701374174891 0.7889776686569313 62
1701374179524 0.7878676815466448 63
1701374184124 0.787421428537988 64
1701374188720 0.7865852403950382 65
1701374200793 0.7842427871444009 66
1701374205478 0.7872684837935807 67
1701374210089 0.7848386245888549 68
1701374214651 0.782598643333881 69
1701374219149 0.7857766879069341 70
1701374231514 0.7848856333014252 71
1701374236194 0.7878602541886367 72
1701374240783 0.7866618679715441 73
1701374245316 0.7884498617865823 74
1701374249782 0.787681174742711 75
1701374261568 0.7851594283983305 76
1701374266197 0.7851533193092841 77
1701374270759 0.7812044589550464 78
1701374275253 0.7821400908680706 79
1701374279679 0.787216444294174 80
1701374291728 0.785483833257254 81
1701374296352 0.7838703045597324 82
1701374300912 0.7851099008089536 83
1701374305400 0.787615083254777 84
1701374309851 0.7839415390770157 85
1701374321829 0.7845767604840266 86
1701374326492 0.7851099906029639 87
1701374331072 0.7841139273210005 88
1701374335637 0.7842656977764972 89
1701374340140 0.7884015889910908 90
