1701373770580 0.3474030948756976 0
1701373789541 0.44849661762218834 1
1701373795059 0.4868570945374599 2
1701373799917 0.5029502790461695 3
1701373804665 0.5113792491121258 4
1701373809360 0.5183713474495989 5
1701373826551 0.5182048381704902 6
1701373831442 0.525384970811506 7
1701373836180 0.5270486402634725 8
1701373840829 0.5275486402634726 9
1701373845442 0.5270681006672219 10
1701373857872 0.5263355387300092 11
1701373862587 0.527009562068416 12
1701373867220 0.5287226636018795 13
1701373871823 0.5275291798597233 14
1701373876380 0.5273453476256628 15
1701373888483 0.5283868780446327 16
1701373893194 0.5279210517918626 17
1701373897883 0.5272104024823124 18
1701373902527 0.5246469594356797 19
1701373907117 0.5270852662346158 20
1701373919245 0.5285828140107024 21
1701373924007 0.5278844258207193 22
1701373928639 0.5273258872219134 23
1701373933211 0.5262054980344856 24
1701373937709 0.5280950751302694 25
1701373949914 0.5267153069301392 26
1701373954617 0.5285193709640696 27
1701373959238 0.5249729360972728 28
1701373963762 0.5257030458105721 29
1701373968291 0.5263404431778359 30
1701373980367 0.5284259562396894 31
1701373985108 0.5269552255390922 32
1701373989696 0.5269210517918624 33
1701373994225 0.5280316320836367 34
1701373998715 0.5270120142923294 35
1701374010750 0.5269827449929264 36
1701374015412 0.5284454166434386 37
1701374019983 0.5272812022006853 38
1701374024538 0.5268379909539226 39
1701374029058 0.5279527733151789 40
1701374045665 0.5273819735968058 41
1701374050467 0.5285242754118965 42
1701374055101 0.5278868780446327 43
1701374059692 0.5251737765111693 44
1701374064233 0.5271737765111693 45
1701374076202 0.5259655794255326 46
1701374080894 0.5283251848435687 47
1701374085473 0.5271884898546497 48
1701374089969 0.5284552255390923 49
1701374094432 0.529092622906356 50
1701374106587 0.5283966869402864 51
1701374111268 0.5265779095628755 52
1701374115887 0.527352704297403 53
1701374120417 0.5263502520734896 54
1701374124905 0.5260316320836367 55
1701374138364 0.5289822000021398 56
1701374142988 0.5267275680497063 57
1701374147559 0.5263136261023463 58
1701374152093 0.527989399286322 59
1701374156570 0.5256346983161128 60
1701374170045 0.5249655794255326 61
1701374174772 0.5286658748486424 62
1701374179406 0.5280461880395592 63
1701374184007 0.5269235040157759 64
1701374188603 0.5286804308045648 65
1701374200673 0.5277177591540526 66
1701374205361 0.5290365365314635 67
1701374209971 0.5269210517918624 68
1701374214534 0.527080361786789 69
1701374219031 0.5275144665162428 70
1701374231396 0.527965034434746 71
1701374236077 0.5285950751302694 72
1701374240665 0.5273428954017493 73
1701374245198 0.5269943037341489 74
1701374249664 0.5241054290167096 75
1701374261452 0.5279795903906684 76
1701374266079 0.5266688720633425 77
1701374270642 0.5275584491591262 78
1701374275137 0.5253672602533255 79
1701374279560 0.5284844948384951 80
1701374291610 0.526220211377966 81
1701374296234 0.5282128547062258 82
1701374300793 0.5283893302685462 83
1701374305283 0.5274797477782264 84
1701374309732 0.5271811331829095 85
1701374321710 0.5282885588724257 86
1701374326374 0.5257836544245987 87
1701374330953 0.5242940083110391 88
1701374335520 0.5277983677680792 89
1701374340021 0.5265267276358099 90
