1701373770580 0.28391523935002194 0
1701373789541 0.37334009465855306 1
1701373795059 0.4077834469550801 2
1701373799917 0.42455112972690773 3
1701373804665 0.43168439184700497 4
1701373809360 0.7717274769650779 5
1701373826551 0.7709660173316372 6
1701373831442 0.7749123614835535 7
1701373836180 0.7752705363100039 8
1701373840829 0.7562823129233914 9
1701373845442 0.756873757035771 10
1701373857872 0.7750991168523175 11
1701373862587 0.7548197544160212 12
1701373867220 0.7765861172346016 13
1701373871823 0.7546386965725301 14
1701373876380 0.7759510106972637 15
1701373888483 0.7765160912717454 16
1701373893194 0.7757339462636471 17
1701373897883 0.7758434719550262 18
1701373902527 0.7732729958982941 19
1701373907117 0.7746759779233336 20
1701373919245 0.7765725506633642 21
1701373924007 0.7758257224723856 22
1701373928639 0.7537296637862152 23
1701373933211 0.7549869569012261 24
1701373937709 0.7755978505494318 25
1701373949914 0.7748278016843481 26
1701373954617 0.7559383716875873 27
1701373959238 0.7736045952213795 28
1701373963762 0.7545141167756526 29
1701373968291 0.7745724789655037 30
1701373980367 0.7759794196209023 31
1701373985108 0.7743980441261198 32
1701373989696 0.7744802332440418 33
1701373994225 0.7755270304537966 34
1701373998715 0.775506792355433 35
1701374010750 0.7755645329537374 36
1701374015412 0.758848396408069 37
1701374019983 0.775017145047726 38
1701374024538 0.7545838620473941 39
1701374029058 0.7752329161284027 40
1701374045665 0.7558798007155941 41
1701374050467 0.7766861557328709 42
1701374055101 0.7759588184093941 43
1701374059692 0.7734936201579087 44
1701374064233 0.7754976758944195 45
1701374076202 0.774819118219186 46
1701374080894 0.7755717237234675 47
1701374085473 0.7751447863614528 48
1701374089969 0.7761386433013371 49
1701374094432 0.7582655788658735 50
1701374106587 0.7758243458502972 51
1701374111268 0.7745837542905655 52
1701374115887 0.7754120150648579 53
1701374120417 0.774528302555861 54
1701374124905 0.7531093074236773 55
1701374138364 0.7585825503967136 56
1701374142988 0.7745570893592721 57
1701374147559 0.7528909581942118 58
1701374152093 0.7755010706625418 59
1701374156570 0.7746542188347414 60
1701374170045 0.7515489763980711 61
1701374174772 0.7589461881031178 62
1701374179406 0.7567786137663853 63
1701374184007 0.7560843760534652 64
1701374188603 0.7604748265943503 65
1701374200673 0.756311696929215 66
1701374205361 0.7767532282587051 67
1701374209971 0.7746226132006576 68
1701374214534 0.7748408850050028 69
1701374219031 0.7759075022554361 70
1701374231396 0.7751772346000939 71
1701374236077 0.7577696928083419 72
1701374240665 0.7758168007101611 73
1701374245198 0.7741511036557954 74
1701374249664 0.7490899809210578 75
1701374261452 0.7756187447396755 76
1701374266079 0.7754709692850783 77
1701374270642 0.7560918809912375 78
1701374275137 0.7737002221753387 79
1701374279560 0.7594776454605882 80
1701374291610 0.7546339559320036 81
1701374296234 0.7763640346011509 82
1701374300793 0.7762873347744067 83
1701374305283 0.7741346576865924 84
1701374309732 0.7546937796685556 85
1701374321710 0.7758078783965594 86
1701374326374 0.7561442964682589 87
1701374330953 0.7511173471369995 88
1701374335520 0.7753499902046613 89
1701374340021 0.7745257573551321 90
