1700031435341 0.32506632829622795 0
1700031474349 0.3344676433267966 1
1700031507073 0.3367170377206137 2
1700031539816 0.3327373399469374 3
1700031572544 0.3396008766870458 4
1700031606175 0.3375821894105433 5
1700031646032 0.330372591994463 6
1700031680683 0.34536855461991 7
1700031713480 0.34427269581266584 8
1700031745935 0.3412158265082478 9
1700031778323 0.3444457261506517 10
1700031818767 0.33412158265082476 11
1700031851621 0.3440996654746799 12
1700031884260 0.33983158380436035 13
1700031917169 0.34225400853616333 14
1700031949683 0.34248471565347793 15
1700031988940 0.342311685315492 16
1700032021835 0.3419656246395201 17
1700032054682 0.3342946129888107 18
1700032087512 0.3404660283769754 19
1700032120690 0.34127350328757644 20
1700032159433 0.34311916022609296 21
1700032192027 0.3399469373630177 22
1700032226446 0.3414465336255624 23
1700032259993 0.34133118006690505 24
1700032293123 0.34456107970930905 25
1700032332233 0.34104279617026184 26
1700032365674 0.34554158495789594 27
1700032398291 0.3405237051563041 28
1700032431182 0.34461875648863766 29
1700032464021 0.3402929980389895 30
1700032503424 0.3417925943015342 31
1700032537200 0.3416772407428769 32
1700032569958 0.34161956396354826 33
1700032602527 0.34133118006690505 34
1700032636760 0.342311685315492 35
1700032676079 0.34190794786019146 36
1700032709132 0.33954319990771714 37
1700032741899 0.34536855461991 38
1700032774391 0.34104279617026184 39
1700032807632 0.34427269581266584 40
1700032847723 0.347790979351713 41
1700032880482 0.3487138078209713 42
1700032913965 0.3477333025723844 43
1700032946941 0.3444457261506517 44
1700032979561 0.34306148344676435 45
1700033018727 0.33533279501672625 46
1700033052745 0.3346983504441112 47
1700033086413 0.3404660283769754 48
1700033119100 0.3405237051563041 49
1700033152006 0.3442150190333372 50
1700033192193 0.34663744376514016 51
1700033226427 0.34484946360595226 52
1700033260350 0.34156188718421965 53
1700033294443 0.3443880493713231 54
1700033329269 0.3432921905640789 55
1700033369903 0.3435228976813935 56
1700033403879 0.3357942092513554 57
1700033438943 0.3474449186757411 58
1700033472926 0.34606067597185375 59
1700033507595 0.3396008766870458 60
1700033549282 0.3411581497289191 61
1700033584396 0.34254239243280654 62
1700033619112 0.3417925943015342 63
1700033653624 0.34161956396354826 64
1700033689151 0.3400046141423463 65
