1700031435346 1.1058862682651072 0
1700031474355 1.1030666214578293 1
1700031507080 1.1013401361072765 2
1700031539824 1.1024271284832674 3
1700031572550 1.101275184575249 4
1700031606181 1.101843733997906 5
1700031646039 1.1024921326076282 6
1700031680691 1.0994820226641262 7
1700031713487 1.0998884194037493 8
1700031745941 1.100139502216788 9
1700031778329 1.0994207140277414 10
1700031818773 1.1008558062946094 11
1700031851629 1.0991412208360785 12
1700031884267 1.1000223861021154 13
1700031917177 1.099424495416529 14
1700031949690 1.1000168551416958 15
1700031988946 1.0994071346871994 16
1700032021841 1.0995308388681972 17
1700032054689 1.1006225312457365 18
1700032087518 1.1000631521729862 19
1700032120696 1.0992982212234945 20
1700032159438 1.09951433188775 21
1700032192034 1.0996315917548012 22
1700032226452 1.0994885721627403 23
1700032259999 1.0998480530346142 24
1700032293129 1.099419562255635 25
1700032332238 1.0997043830506943 26
1700032365679 1.0988305228597977 27
1700032398297 1.0995478069081026 28
1700032431188 1.0992441931191612 29
1700032464026 1.0990843404741848 30
1700032503429 1.099245292298934 31
1700032537206 1.099493838408414 32
1700032569963 1.0989102878991295 33
1700032602533 1.0999990789329304 34
1700032636766 1.0996178125633913 35
1700032676084 1.0990067667820875 36
1700032709138 1.0992462442201727 37
1700032741904 1.0989330358365004 38
1700032774397 1.0989521075697506 39
1700032807637 1.0986055556465597 40
1700032847730 1.0989784002304077 41
1700032880488 1.0982383226647097 42
1700032913971 1.098464490736232 43
1700032946947 1.0993563427644617 44
1700032979567 1.0992990977623884 45
1700033018732 1.0999550311004413 46
1700033052750 1.099461225902333 47
1700033086420 1.0993045585996963 48
1700033119106 1.099212045178694 49
1700033152012 1.0987386756083544 50
1700033192201 1.0983473728684818 51
1700033226433 1.0986008889534895 52
1700033260356 1.0984012992943035 53
1700033294450 1.098489803426406 54
1700033329276 1.099389051689821 55
1700033369910 1.0987290950382458 56
1700033403886 1.0986015568761265 57
1700033438950 1.0987169707522673 58
1700033472933 1.098457751905217 59
1700033507602 1.0989795888171476 60
1700033549289 1.0985028077574337 61
1700033584404 1.0992186805781197 62
1700033619119 1.0996286290533401 63
1700033653630 1.0986449052305782 64
1700033689158 1.0996441683348488 65
