1700031435337 0.32506632829622795 0
1700031474344 0.3344676433267966 1
1700031507068 0.3367170377206137 2
1700031539812 0.3327373399469374 3
1700031572540 0.3396008766870458 4
1700031606169 0.3375821894105433 5
1700031646022 0.330372591994463 6
1700031680679 0.34536855461991 7
1700031713476 0.34427269581266584 8
1700031745931 0.3412158265082478 9
1700031778318 0.3444457261506517 10
1700031818764 0.33412158265082476 11
1700031851617 0.3440996654746799 12
1700031884256 0.33983158380436035 13
1700031917165 0.34225400853616333 14
1700031949679 0.34248471565347793 15
1700031988936 0.342311685315492 16
1700032021831 0.3419656246395201 17
1700032054677 0.3342946129888107 18
1700032087508 0.3404660283769754 19
1700032120686 0.34127350328757644 20
1700032159429 0.34311916022609296 21
1700032192023 0.3399469373630177 22
1700032226442 0.3414465336255624 23
1700032259989 0.34133118006690505 24
1700032293120 0.34456107970930905 25
1700032332229 0.34104279617026184 26
1700032365670 0.34554158495789594 27
1700032398287 0.3405237051563041 28
1700032431178 0.34461875648863766 29
1700032464016 0.3402929980389895 30
1700032503419 0.3417925943015342 31
1700032537196 0.3416772407428769 32
1700032569953 0.34161956396354826 33
1700032602523 0.34133118006690505 34
1700032636756 0.342311685315492 35
1700032676075 0.34190794786019146 36
1700032709128 0.33954319990771714 37
1700032741895 0.34536855461991 38
1700032774387 0.34104279617026184 39
1700032807628 0.34427269581266584 40
1700032847719 0.347790979351713 41
1700032880478 0.3487138078209713 42
1700032913961 0.3477333025723844 43
1700032946937 0.3444457261506517 44
1700032979557 0.34306148344676435 45
1700033018723 0.33533279501672625 46
1700033052741 0.3346983504441112 47
1700033086409 0.3404660283769754 48
1700033119096 0.3405237051563041 49
1700033152001 0.3442150190333372 50
1700033192188 0.34663744376514016 51
1700033226422 0.34484946360595226 52
1700033260345 0.34156188718421965 53
1700033294438 0.3443880493713231 54
1700033329264 0.3432921905640789 55
1700033369898 0.3435228976813935 56
1700033403874 0.3357942092513554 57
1700033438938 0.3474449186757411 58
1700033472920 0.34606067597185375 59
1700033507590 0.3396008766870458 60
1700033549276 0.3411581497289191 61
1700033584391 0.34254239243280654 62
1700033619107 0.3417925943015342 63
1700033653619 0.34161956396354826 64
1700033689145 0.3400046141423463 65
