1700031435334 0.32506632829622795 0
1700031474340 0.3344676433267966 1
1700031507055 0.3367170377206137 2
1700031539809 0.3327373399469374 3
1700031572536 0.3396008766870458 4
1700031606162 0.3375821894105433 5
1700031646016 0.330372591994463 6
1700031680674 0.34536855461991 7
1700031713472 0.34427269581266584 8
1700031745926 0.3412158265082478 9
1700031778316 0.3444457261506517 10
1700031818759 0.33412158265082476 11
1700031851613 0.3440996654746799 12
1700031884253 0.33983158380436035 13
1700031917162 0.34225400853616333 14
1700031949674 0.34248471565347793 15
1700031988932 0.342311685315492 16
1700032021827 0.3419656246395201 17
1700032054673 0.3342946129888107 18
1700032087504 0.3404660283769754 19
1700032120682 0.34127350328757644 20
1700032159424 0.34311916022609296 21
1700032192018 0.3399469373630177 22
1700032226439 0.3414465336255624 23
1700032259987 0.34133118006690505 24
1700032293116 0.34456107970930905 25
1700032332224 0.34104279617026184 26
1700032365667 0.34554158495789594 27
1700032398283 0.3405237051563041 28
1700032431173 0.34461875648863766 29
1700032464011 0.3402929980389895 30
1700032503416 0.3417925943015342 31
1700032537191 0.3416772407428769 32
1700032569949 0.34161956396354826 33
1700032602519 0.34133118006690505 34
1700032636752 0.342311685315492 35
1700032676071 0.34190794786019146 36
1700032709123 0.33954319990771714 37
1700032741892 0.34536855461991 38
1700032774385 0.34104279617026184 39
1700032807623 0.34427269581266584 40
1700032847715 0.347790979351713 41
1700032880474 0.3487138078209713 42
1700032913957 0.3477333025723844 43
1700032946932 0.3444457261506517 44
1700032979553 0.34306148344676435 45
1700033018719 0.33533279501672625 46
1700033052737 0.3346983504441112 47
1700033086405 0.3404660283769754 48
1700033119092 0.3405237051563041 49
1700033151998 0.3442150190333372 50
1700033192183 0.34663744376514016 51
1700033226418 0.34484946360595226 52
1700033260340 0.34156188718421965 53
1700033294434 0.3443880493713231 54
1700033329260 0.3432921905640789 55
1700033369894 0.3435228976813935 56
1700033403870 0.3357942092513554 57
1700033438934 0.3474449186757411 58
1700033472916 0.34606067597185375 59
1700033507585 0.3396008766870458 60
1700033549271 0.3411581497289191 61
1700033584385 0.34254239243280654 62
1700033619102 0.3417925943015342 63
1700033653613 0.34161956396354826 64
1700033689140 0.3400046141423463 65
